1 0.7997474747474748 0.9286367795059469 0.03585858585858581 0.042086001829826136
1 0.3037878787878788 0.5672461116193962 0.02777777777777779 0.040256175663311966
1 0.7101010101010101 0.19762122598353157 0.02626262626262621 0.02927721866422689
1 0.6921717171717172 0.21225983531564502 0.020707070707070785 0.042086001829826164
1 0.698989898989899 0.17337602927721868 0.02929292929292926 0.03934126258005491
1 0.7262626262626263 0.15279048490393413 0.022222222222222143 0.03110704483074106
1 0.6631313131313132 0.16331198536139066 0.018181818181818188 0.03568161024702654
1 0.30883838383838386 0.35544373284537967 0.026767676767676774 0.03751143641354071
1 0.796969696969697 0.8600182982616651 0.04747474747474745 0.07502287282708142
0 0.8151515151515152 0.7923147301006405 0.05555555555555558 0.07319304666056725
1 0.5255050505050505 0.17840805123513265 0.04898989898989903 0.06221408966148215
1 0.6825757575757576 0.15279048490393413 0.020707070707070674 0.034766697163769456
1 0.6845959595959596 0.11848124428179323 0.02777777777777779 0.04117108874656908
1 0.7406565656565656 0.13174748398902103 0.023737373737373724 0.03476669716376944
