1 0.07550505050505049 0.6436413540713632 0.023737373737373738 0.05397987191216835
1 0.17828282828282827 0.6139066788655078 0.023232323232323243 0.042086001829826136
1 0.11035353535353536 0.838975297346752 0.0207070707070707 0.042086001829826136
1 0.3116161616161616 0.3577310155535224 0.02323232323232327 0.03293687099725523
1 0.706060606060606 0.14547118023787742 0.02323232323232327 0.05855443732845381
1 0.1782828282828283 0.6477584629460201 0.026262626262626265 0.04574565416285448
1 0.7227272727272727 0.15233302836230558 0.021212121212121127 0.03934126258005488
1 0.10757575757575757 0.8083257090576396 0.018181818181818188 0.03751143641354071
1 0.12398989898989898 0.8202195791399817 0.020707070707070716 0.04117108874656905
1 0.658080808080808 0.12580054894784995 0.019191919191919204 0.03934126258005488
1 0.6601010101010101 0.15690759377859104 0.015151515151515138 0.03934126258005488
1 0.452020202020202 0.8600182982616651 0.04040404040404039 0.04940530649588293
1 0.6803030303030303 0.15690759377859104 0.019191919191919204 0.03568161024702654
1 0.6782828282828283 0.11665141811527904 0.021212121212121238 0.03751143641354071
1 0.7388888888888889 0.13174748398902103 0.022222222222222254 0.031107044830741087
