3 0.5696378830083565 0.049770290964777954 0.029247910863509752 0.06278713629402757
3 0.5940111420612814 0.052833078101071976 0.027855153203342642 0.04338948443083206
1 0.5954038997214484 0.43517100561510974 0.02228412256267409 0.0495150587034201
3 0.5731197771587744 0.6373149566105156 0.04178272980501396 0.04134762633996936
1 0.11350974930362118 0.26212353241449715 0.04178272980501392 0.02909647779479324
1 0.3022284122562674 0.2830525778458397 0.04456824512534818 0.02909647779479324
1 0.03551532033426184 0.2881572230729964 0.02506963788300836 0.031138335885655954
1 0.2566155988857939 0.433129147524247 0.04108635097493035 0.02909647779479324
0 0.5779944289693594 0.16641143440530884 0.029247910863509752 0.03777437468095968
0 0.5522284122562674 0.4913221031138336 0.01949860724233976 0.029096477794793296
1 0.3147632311977716 0.31036242981112816 0.019498607242339816 0.05002552322613579
1 0.41086350974930363 0.72052067381317 0.025069637883008367 0.029096477794793296
1 0.43245125348189417 0.7309851965288412 0.018105849582172706 0.029606942317508933
3 0.4561281337047354 0.9851965288412455 0.02089136490250698 0.020418580908626804
1 0.5066155988857939 0.7945380296069423 0.01880222841225626 0.027054619703930527
1 0.7688022284122562 0.6061766207248596 0.02785515320334253 0.02501276161306787
1 0.16016713091922005 0.6352730985196529 0.03760445682451252 0.029096477794793296
0 0.39275766016713093 0.47269014803471154 0.02228412256267409 0.033690658499234305
0 0.4220055710306407 0.3943338437978561 0.03621169916434541 0.022970903522205155
0 0.3774373259052925 0.5352220520673814 0.02228412256267409 0.033180193976518724
0 0.5821727019498607 0.4770290964777948 0.029247910863509752 0.029096477794793296
0 0.5508356545961003 0.48187850944359367 0.025069637883008422 0.047983665135273135
1 0.5125348189415042 0.7072485962225625 0.01532033426183843 0.027054619703930527
1 0.49616991643454034 0.7373660030627871 0.0118384401114206 0.029096477794793296
1 0.4658774373259053 0.7092904543134252 0.01532033426183843 0.027054619703930527
0 0.4254874651810585 0.6613067891781521 0.03481894150417825 0.0393057682491067
0 0.34958217270194986 0.43108728943338437 0.03899721448467963 0.02909647779479324
