3 0.5682451253481894 0.030117406840224605 0.029247910863509752 0.05615109749872384
3 0.5954038997214485 0.030117406840224608 0.027855153203342642 0.043899948953547735
1 0.6058495821727019 0.4175599795814191 0.02089136490250698 0.04389994895354771
3 0.5870473537604457 0.6268504338948443 0.04178272980501396 0.041858090862685104
1 0.09958217270194986 0.26416539050535986 0.04178272980501392 0.02909647779479327
1 0.3050139275766017 0.28509443593670236 0.04456824512534818 0.02909647779479324
1 0.03551532033426184 0.2881572230729964 0.02506963788300836 0.031138335885655954
1 0.2813370473537604 0.4249617151607963 0.04178272980501391 0.02909647779479324
0 0.584958217270195 0.13297600816743238 0.029247910863509752 0.03726391015824401
0 0.5438718662952646 0.47473200612557426 0.01949860724233976 0.029606942317508933
1 0.3147632311977716 0.30372639101582444 0.019498607242339816 0.05002552322613579
1 0.41225626740947074 0.7184788157223073 0.025069637883008367 0.029096477794793296
1 0.42827298050139273 0.7309851965288412 0.018105849582172706 0.029606942317508933
3 0.4449860724233983 0.9828994384890251 0.02089136490250698 0.020929045431342552
1 0.5094011142061281 0.7843287391526289 0.018802228412256317 0.027054619703930527
1 0.8064066852367688 0.604134762633997 0.027855153203342642 0.02501276161306787
1 0.17270194986072424 0.6352730985196529 0.03760445682451252 0.029096477794793296
0 0.3774373259052925 0.4933639612046963 0.02228412256267409 0.03318019397651861
0 0.41086350974930363 0.4236855538540072 0.03621169916434541 0.022460438999489518
0 0.3328690807799443 0.5393057682491067 0.02228412256267409 0.03318019397651861
0 0.575208913649025 0.46018376722817766 0.029247910863509752 0.02909647779479324
0 0.5466573816155988 0.46758550280755484 0.02506963788300831 0.047983665135273135
1 0.5045264623955432 0.7092904543134252 0.014623955431754931 0.027054619703930527
1 0.48816155988857934 0.7353241449719244 0.012534818941504156 0.029096477794793296
1 0.46030640668523676 0.7133741704951506 0.01532033426183843 0.027054619703930527
0 0.4366295264623955 0.6653905053598775 0.03481894150417825 0.0393057682491067
0 0.350974930362117 0.43108728943338437 0.03899721448467969 0.02909647779479324
