1 0.6155988857938719 0.4213884635017866 0.02089136490250698 0.027054619703930582
3 0.5981894150417828 0.5997958141909137 0.04178272980501385 0.04185809086268499
1 0.08844011142061281 0.26416539050535986 0.041782729805013935 0.02909647779479327
1 0.29526462395543174 0.2871362940275651 0.04456824512534818 0.029096477794793296
1 0.03551532033426184 0.2881572230729964 0.02506963788300836 0.031138335885655954
1 0.3050139275766017 0.41424196018376724 0.04178272980501396 0.02909647779479324
0 0.5891364902506964 0.11026033690658499 0.029247910863509752 0.03777437468095968
0 0.5243732590529249 0.4663093415007657 0.01949860724233987 0.029096477794793296
1 0.3147632311977716 0.3057682491066871 0.019498607242339816 0.05002552322613579
1 0.41504178272980496 0.7184788157223073 0.025069637883008367 0.029096477794793296
1 0.4240947075208914 0.7309851965288412 0.018105849582172706 0.029606942317508933
3 0.43593314763231195 0.9808575803981623 0.019498607242339816 0.029096477794793185
1 0.508008356545961 0.7797345584481878 0.018802228412256206 0.027054619703930527
1 0.8454038997214485 0.6015824400204186 0.027855153203342642 0.02501276161306787
1 0.18384401114206128 0.6332312404287902 0.03760445682451252 0.029096477794793296
0 0.362116991643454 0.5142930066360388 0.022284122562674147 0.03318019397651867
0 0.3969359331476323 0.45303726391015825 0.03621169916434541 0.02297090352220521
0 0.29108635097493035 0.5454313425216948 0.02228412256267409 0.03318019397651861
0 0.5710306406685237 0.44129657988769777 0.029247910863509752 0.02909647779479324
0 0.5410863509749304 0.4527820316488004 0.02506963788300831 0.047983665135273135
1 0.49616991643454034 0.7092904543134252 0.01462395543175482 0.027054619703930527
1 0.4798050139275766 0.7353241449719244 0.012534818941504156 0.029096477794793296
1 0.4533426183844011 0.7133741704951506 0.01532033426183843 0.027054619703930527
0 0.4477715877437326 0.6694742215416029 0.0348189415041783 0.0393057682491067
0 0.35236768802228413 0.43108728943338437 0.03899721448467963 0.02909647779479324
