1 0.616991643454039 0.4236855538540072 0.02089136490250698 0.022460438999489518
3 0.5981894150417828 0.5829504849412965 0.04178272980501385 0.04185809086268499
1 0.07729805013927576 0.26212353241449715 0.04178272980501393 0.02909647779479324
1 0.2827298050139276 0.2871362940275651 0.04456824512534818 0.029096477794793296
1 0.03551532033426184 0.2881572230729964 0.02506963788300836 0.031138335885655954
1 0.32172701949860727 0.40199081163859113 0.04178272980501391 0.029096477794793296
0 0.5891364902506964 0.0809086268504339 0.029247910863509752 0.037263910158244
0 0.508008356545961 0.4476773864216437 0.018802228412256206 0.029606942317508933
1 0.3147632311977716 0.30832057172026545 0.019498607242339816 0.05002552322613574
1 0.4164345403899722 0.7164369576314447 0.025069637883008367 0.029096477794793185
1 0.41991643454038996 0.7309851965288412 0.018105849582172706 0.029606942317508933
3 0.43105849582172706 0.979836651352731 0.018105849582172706 0.03522205206738127
1 0.5066155988857939 0.7736089841755998 0.01880222841225626 0.027054619703930638
1 0.8857938718662952 0.5974987238386933 0.02785515320334253 0.02501276161306787
1 0.19637883008356546 0.6332312404287902 0.03760445682451252 0.029096477794793296
0 0.3426183844011142 0.531138335885656 0.02228412256267409 0.03318019397651861
0 0.3816155988857939 0.4780500255232261 0.03621169916434541 0.02297090352220521
0 0.25104456824512533 0.5497702909647779 0.02158774373259051 0.03369065849923436
0 0.5710306406685237 0.4203675344563553 0.029247910863509752 0.029096477794793296
0 0.5396935933147633 0.4341500765696784 0.02506963788300831 0.04747320061255744
1 0.48676880222841223 0.7092904543134252 0.01532033426183843 0.027054619703930527
1 0.4714484679665738 0.7353241449719244 0.01532033426183843 0.029096477794793296
1 0.4449860724233983 0.7113323124042878 0.01532033426183843 0.027054619703930638
0 0.45891364902506965 0.6738131699846861 0.0348189415041783 0.039816232771822335
0 0.35376044568245124 0.4290454313425217 0.03899721448467969 0.02909647779479324
