1 0.6197771587743732 0.42572741194486985 0.02089136490250698 0.018376722817764146
3 0.5940111420612814 0.5393057682491067 0.04178272980501396 0.04134762633996936
1 0.0564066852367688 0.25803981623277183 0.04178272980501393 0.02909647779479324
1 0.2785515320334262 0.2871362940275651 0.04456824512534818 0.029096477794793296
1 0.03551532033426184 0.2881572230729964 0.02506963788300836 0.031138335885655954
1 0.34540389972144847 0.38106176620724863 0.04178272980501396 0.02909647779479324
0 0.4947771587743733 0.3956100051046452 0.020194986072423426 0.029606942317508933
1 0.3147632311977716 0.31648800408371613 0.019498607242339816 0.05002552322613579
1 0.4192200557103064 0.7143950995405819 0.02506963788300831 0.029096477794793185
1 0.4115598885793872 0.7309851965288412 0.018105849582172706 0.029606942317508933
1 0.5132311977715878 0.7506380806533945 0.01949860724233987 0.027054619703930638
1 0.967966573816156 0.5893312914752424 0.027855153203342642 0.02501276161306787
1 0.2200557103064067 0.6332312404287902 0.03760445682451255 0.029096477794793296
1 0.35584958217270196 0.7036753445635529 0.0236768802228412 0.02501276161306787
0 0.28551532033426186 0.5538540071465033 0.02228412256267409 0.03369065849923425
0 0.350974930362117 0.5321592649310873 0.03621169916434536 0.02297090352220521
0 0.16643454038997213 0.5581929555895865 0.02228412256267412 0.03318019397651861
0 0.5710306406685237 0.3790199081163859 0.029247910863509752 0.029096477794793296
0 0.5355153203342619 0.3905053598774885 0.025069637883008422 0.04798366513527308
1 0.4686629526462396 0.7072485962225625 0.015320334261838486 0.027054619703930527
1 0.4554317548746518 0.7363450740173558 0.01949860724233987 0.027054619703930638
1 0.42827298050139273 0.7072485962225625 0.015320334261838486 0.027054619703930527
0 0.4798050139275766 0.6799387442572742 0.03481894150417825 0.039816232771822446
1 0.5988857938718664 0.6725370086778969 0.01810584958217276 0.02501276161306798
0 0.3565459610027855 0.42700357325165905 0.03899721448467963 0.02909647779479324
