1 0.616991643454039 0.42598264420622767 0.02089136490250698 0.027054619703930527
3 0.5898328690807799 0.5227156712608474 0.04178272980501396 0.041858090862685104
1 0.04526462395543175 0.25803981623277183 0.04178272980501393 0.02909647779479324
1 0.2785515320334262 0.2871362940275651 0.04456824512534818 0.029096477794793296
1 0.03551532033426184 0.2881572230729964 0.02506963788300836 0.031138335885655954
1 0.3593314763231198 0.36217457886676874 0.04178272980501391 0.02909647779479324
0 0.49129526462395545 0.36625829504849416 0.02158774373259048 0.02909647779479324
1 0.3147632311977716 0.3185298621745789 0.019498607242339816 0.05002552322613579
1 0.4192200557103064 0.7143950995405819 0.02506963788300831 0.029096477794793185
1 0.40807799442896936 0.7309851965288412 0.01949860724233987 0.029606942317508933
1 0.5188022284122562 0.7434915773353752 0.01949860724233987 0.02501276161306798
1 0.23119777158774374 0.6332312404287902 0.03760445682451252 0.029096477794793296
1 0.36002785515320335 0.6995916283818275 0.0236768802228412 0.02501276161306787
0 0.2538300835654596 0.5643185298621746 0.021587743732590536 0.03318019397651861
0 0.3231197771587744 0.5484941296579888 0.03621169916434541 0.0229709035222051
0 0.12047353760445684 0.5622766717713119 0.022284122562674105 0.03318019397651861
0 0.5710306406685237 0.3601327207759061 0.029247910863509752 0.029096477794793296
0 0.5341225626740946 0.369576314446146 0.02506963788300831 0.047983665135273135
1 0.46030640668523676 0.7072485962225625 0.01532033426183843 0.027054619703930527
1 0.44846796657381616 0.7353241449719244 0.01949860724233987 0.02501276161306798
1 0.4213091922005571 0.7092904543134252 0.01532033426183843 0.027054619703930527
0 0.48920612813370473 0.6840224604389995 0.03412256267409475 0.039816232771822335
1 0.5891364902506964 0.6766207248596223 0.01810584958217265 0.02501276161306787
0 0.3579387186629527 0.42700357325165905 0.03899721448467969 0.02909647779479324
