1 0.6093314763231197 0.42062276671771315 0.02228412256267409 0.05410923940786111
3 0.5898328690807799 0.4936191934660541 0.04178272980501396 0.04185809086268505
1 0.034818941504178275 0.25803981623277183 0.0403899721448468 0.02909647779479324
1 0.2799442896935933 0.2871362940275651 0.04456824512534818 0.029096477794793296
1 0.03551532033426184 0.2881572230729964 0.02506963788300836 0.031138335885655954
1 0.37743732590529244 0.34124553343542624 0.04178272980501391 0.029096477794793296
0 0.49408077994428967 0.34124553343542624 0.021587743732590592 0.029096477794793296
1 0.3147632311977716 0.3226135783563042 0.019498607242339816 0.05002552322613579
1 0.41225626740947074 0.7184788157223073 0.025069637883008367 0.029096477794793296
1 0.403899721448468 0.7309851965288412 0.01949860724233987 0.029606942317508933
1 0.5243732590529249 0.7424706482899438 0.01949860724233987 0.02297090352220521
1 0.241991643454039 0.6332312404287902 0.03690807799442897 0.029096477794793296
1 0.36002785515320335 0.6934660541092394 0.0236768802228412 0.02501276161306787
0 0.217966573816156 0.5663603879530372 0.02228412256267409 0.03318019397651861
0 0.28690807799442897 0.5592138846350179 0.03621169916434541 0.02297090352220521
0 0.0745125348189415 0.5643185298621746 0.02228412256267409 0.03318019397651861
0 0.5710306406685237 0.3392036753445635 0.029247910863509752 0.02909647779479324
0 0.536908077994429 0.3486472690148035 0.025069637883008422 0.04798366513527308
1 0.451949860724234 0.7072485962225625 0.01532033426183843 0.027054619703930527
1 0.4415041782729805 0.7353241449719244 0.01949860724233987 0.02501276161306798
1 0.41434540389972147 0.7133741704951506 0.01532033426183843 0.027054619703930527
0 0.49895543175487467 0.68631955079122 0.03412256267409469 0.0393057682491067
1 0.5779944289693593 0.6789178152118427 0.01810584958217276 0.024502297090352232
0 0.3593314763231198 0.4249617151607963 0.03899721448467969 0.02909647779479324
