1 0.610724233983287 0.42062276671771315 0.02228412256267409 0.05410923940786111
3 0.58008356545961 0.47269014803471154 0.04178272980501396 0.04185809086268505
1 0.024373259052924787 0.25803981623277183 0.03899721448467966 0.02909647779479324
1 0.2813370473537604 0.2871362940275651 0.04456824512534824 0.029096477794793296
1 0.03551532033426184 0.2881572230729964 0.02506963788300836 0.031138335885655954
1 0.3844011142061281 0.32286881061766204 0.04178272980501391 0.02909647779479324
0 0.49686629526462395 0.312149055640633 0.021587743732590536 0.02909647779479324
1 0.3133704735376045 0.3246554364471669 0.019498607242339816 0.05002552322613579
1 0.40459610027855153 0.7225625319040326 0.0236768802228412 0.029096477794793296
1 0.39972144846796653 0.7309851965288412 0.019498607242339816 0.029606942317508933
1 0.5355153203342619 0.7363450740173558 0.01949860724233976 0.02297090352220521
1 0.25452646239554316 0.6332312404287902 0.03690807799442897 0.029096477794793296
1 0.35863509749303624 0.6852986217457886 0.023676880222841257 0.02501276161306787
0 0.1789693593314763 0.5704441041347627 0.02228412256267409 0.03318019397651861
0 0.24686629526462395 0.5632976008167432 0.03551532033426183 0.0229709035222051
0 0.02924791086350975 0.5663603879530372 0.02089136490250696 0.03318019397651861
0 0.5710306406685237 0.31852986217457885 0.029247910863509752 0.029606942317508933
0 0.5396935933147633 0.32976008167432364 0.02506963788300831 0.04798366513527308
1 0.4435933147632312 0.7092904543134252 0.01532033426183843 0.027054619703930527
1 0.4331476323119777 0.7332822868810618 0.019498607242339816 0.02501276161306787
1 0.4073816155988858 0.7174578866768759 0.01532033426183843 0.027054619703930527
0 0.5100974930362117 0.6840224604389995 0.03412256267409475 0.039816232771822335
1 0.5654596100278552 0.6852986217457886 0.01810584958217265 0.02501276161306787
0 0.3607242339832869 0.4249617151607963 0.03899721448467963 0.02909647779479324
