1 0.6135097493036212 0.42062276671771315 0.02228412256267409 0.05410923940786111
3 0.568941504178273 0.4558448187850944 0.04178272980501385 0.04185809086268505
1 0.2813370473537604 0.28509443593670236 0.04456824512534824 0.02909647779479324
1 0.03551532033426184 0.2881572230729964 0.02506963788300836 0.031138335885655954
1 0.38997214484679665 0.30398162327718226 0.04178272980501396 0.02909647779479324
0 0.4996518105849582 0.28509443593670236 0.02158774373259048 0.02909647779479324
1 0.3133704735376045 0.3246554364471669 0.019498607242339816 0.05002552322613579
1 0.3969359331476323 0.7289433384379785 0.02506963788300831 0.029606942317508933
1 0.39623955431754876 0.7309851965288412 0.018105849582172706 0.029606942317508933
1 0.5473537604456824 0.7299642674834099 0.01810584958217276 0.022460438999489574
1 0.2656685236768802 0.6332312404287902 0.03690807799442897 0.029096477794793296
1 0.35863509749303624 0.6852986217457886 0.023676880222841257 0.02501276161306787
0 0.133008356545961 0.5704441041347627 0.022284122562674077 0.03318019397651861
0 0.20682451253481893 0.5632976008167432 0.036211699164345384 0.0229709035222051
0 0.5710306406685237 0.29785604900459417 0.029247910863509752 0.02909647779479324
0 0.5410863509749304 0.3093415007656968 0.02506963788300831 0.04798366513527308
1 0.4352367688022284 0.7092904543134252 0.01532033426183843 0.027054619703930527
1 0.42618384401114207 0.7332822868810618 0.01949860724233987 0.02501276161306787
1 0.40041782729805014 0.7215416028586012 0.01532033426183843 0.027054619703930638
0 0.5208913649025069 0.6819806023481368 0.0348189415041783 0.039816232771822335
1 0.5543175487465182 0.6934660541092394 0.01810584958217276 0.02501276161306787
0 0.362116991643454 0.4249617151607963 0.03899721448467969 0.02909647779479324
