1 0.10959595959595961 0.8380603842634949 0.01919191919191919 0.043915827996340306
0 0.10606060606060605 0.9675205855443734 0.0515151515151515 0.05215004574565418
1 0.9762626262626263 0.8485818847209515 0.04747474747474745 0.04300091491308322
1 0.7227272727272727 0.1495882891125343 0.021212121212121127 0.03751143641354071
1 0.10606060606060606 0.8060384263494969 0.02121212121212121 0.032936870997255174
1 0.12272727272727273 0.8202195791399817 0.02121212121212121 0.04117108874656905
0 0.9782828282828283 0.893412625800549 0.04040404040404044 0.05397987191216835
1 0.658080808080808 0.1212259835315645 0.019191919191919204 0.03568161024702653
1 0.6643939393939394 0.16102470265324795 0.020707070707070674 0.04391582799634036
1 0.6797979797979798 0.15782250686184812 0.02929292929292926 0.03751143641354071
1 0.6805555555555556 0.11665141811527904 0.02777777777777779 0.03751143641354071
1 0.7416666666666667 0.13083257090576395 0.02777777777777779 0.03293687099725527
