1 0.6149025069637883 0.42062276671771315 0.02228412256267409 0.05410923940786111
3 0.5647632311977716 0.43108728943338437 0.04178272980501396 0.04134762633996936
1 0.2827298050139276 0.28509443593670236 0.04456824512534818 0.02909647779479324
1 0.03551532033426184 0.2881572230729964 0.02506963788300836 0.031138335885655954
1 0.3941504178272981 0.2830525778458397 0.04178272980501391 0.02909647779479324
0 0.508008356545961 0.25191424196018375 0.021587743732590592 0.02909647779479327
1 0.3133704735376045 0.3246554364471669 0.019498607242339816 0.05002552322613579
1 0.39484679665738165 0.7289433384379785 0.023676880222841257 0.029606942317508933
1 0.39623955431754876 0.7309851965288412 0.018105849582172706 0.029606942317508933
1 0.5557103064066853 0.723583460949464 0.01810584958217276 0.02297090352220521
1 0.27785515320334264 0.6332312404287902 0.03760445682451258 0.029096477794793296
1 0.35863509749303624 0.6873404798366514 0.023676880222841257 0.02501276161306798
0 0.08704735376044569 0.5724859622256253 0.02228412256267409 0.03318019397651861
0 0.16504178272980502 0.5632976008167432 0.03621169916434541 0.0229709035222051
0 0.5738161559888579 0.2769270035732516 0.029247910863509752 0.02909647779479324
0 0.5438718662952646 0.29045431342521694 0.025069637883008422 0.04798366513527308
1 0.4254874651810585 0.7113323124042878 0.01532033426183843 0.027054619703930638
1 0.4178272980501393 0.7332822868810618 0.019498607242339816 0.02501276161306787
1 0.3906685236768802 0.723583460949464 0.01532033426183843 0.027054619703930527
0 0.5334261838440111 0.6778968861664114 0.0348189415041783 0.039816232771822335
1 0.541782729805014 0.6995916283818275 0.01810584958217276 0.02501276161306787
0 0.016016713091922007 0.6184277692700357 0.025069637883008356 0.03318019397651861
0 0.013927576601671309 0.5934150076569679 0.020891364902506964 0.029096477794793296
0 0.3635097493036212 0.4226646248085758 0.03899721448467963 0.029606942317508933
