1 0.6162952646239555 0.42062276671771315 0.02228412256267409 0.05410923940786111
3 0.5619777158774373 0.40811638591117916 0.04178272980501385 0.04134762633996936
1 0.2841225626740947 0.28509443593670236 0.04456824512534818 0.02909647779479324
1 0.03551532033426184 0.2881572230729964 0.02506963788300836 0.031138335885655954
1 0.3983286908077994 0.2662072485962226 0.04178272980501391 0.02909647779479324
0 0.5174094707520891 0.2184788157223073 0.02228412256267409 0.029606942317508933
1 0.3133704735376045 0.32669729453802965 0.019498607242339816 0.05002552322613579
1 0.3955431754874652 0.7289433384379785 0.025069637883008367 0.029606942317508933
1 0.399025069637883 0.7309851965288412 0.018105849582172706 0.029606942317508933
1 0.5626740947075208 0.7174578866768759 0.01810584958217276 0.02297090352220521
1 0.2917827298050139 0.6332312404287902 0.03760445682451252 0.029096477794793296
1 0.36002785515320335 0.6893823379275141 0.0236768802228412 0.02501276161306787
0 0.041086350974930366 0.5747830525778459 0.022284122562674098 0.03369065849923436
0 0.12325905292479108 0.5632976008167432 0.03621169916434541 0.0229709035222051
0 0.5793871866295265 0.2559979581419091 0.029247910863509752 0.02909647779479327
0 0.5466573816155988 0.26952526799387444 0.02506963788300831 0.04798366513527311
1 0.41434540389972147 0.7113323124042878 0.01532033426183843 0.027054619703930638
1 0.40807799442896936 0.7353241449719244 0.01949860724233987 0.02501276161306798
1 0.38091922005571033 0.7256253190403267 0.01532033426183843 0.027054619703930527
0 0.5445682451253482 0.6738131699846861 0.03481894150417819 0.039816232771822335
1 0.5278551532033426 0.6995916283818275 0.01810584958217265 0.02501276161306787
0 0.04526462395543175 0.6163859111791731 0.02506963788300836 0.03318019397651861
0 0.05153203342618384 0.5934150076569679 0.020891364902506968 0.029096477794793296
0 0.36490250696378834 0.4226646248085758 0.03899721448467969 0.029606942317508933
