1 0.6357938718662952 0.41449719244512506 0.02228412256267409 0.054109239407861165
3 0.5550139275766017 0.36217457886676874 0.04178272980501385 0.04134762633996941
1 0.28551532033426186 0.28509443593670236 0.04456824512534818 0.02909647779479324
1 0.03551532033426184 0.2881572230729964 0.02506963788300836 0.031138335885655954
1 0.4178272980501393 0.22690148034711588 0.04178272980501391 0.02909647779479327
0 0.5389972144846797 0.1559469116896376 0.02089136490250698 0.02909647779479327
1 0.3133704735376045 0.32669729453802965 0.019498607242339816 0.05002552322613579
1 0.39763231197771587 0.7289433384379785 0.0236768802228412 0.029606942317508933
1 0.40598885793871864 0.7309851965288412 0.018105849582172706 0.029606942317508933
1 0.575208913649025 0.7092904543134252 0.01810584958217265 0.027054619703930527
1 0.3182451253481894 0.6332312404287902 0.03760445682451258 0.029096477794793296
1 0.35584958217270196 0.695507912200102 0.0236768802228412 0.02501276161306787
0 0.05153203342618384 0.5694231750893313 0.032033426183844006 0.02297090352220521
0 0.5877437325905293 0.21413986727922407 0.029247910863509752 0.02909647779479327
0 0.557799442896936 0.2215416028586013 0.025069637883008422 0.04798366513527311
1 0.3948467966573816 0.7113323124042878 0.01532033426183843 0.027054619703930638
1 0.4032033426183844 0.7394078611536499 0.018105849582172706 0.02501276161306787
1 0.37395543175487467 0.7276671771311893 0.01532033426183843 0.027054619703930638
0 0.5668523676880223 0.6674323634507402 0.03481894150417819 0.0393057682491067
1 0.5003481894150418 0.7016334864726901 0.017409470752089096 0.02501276161306787
0 0.10376044568245125 0.6143440530883104 0.025069637883008367 0.033180193976518724
0 0.12534818941504178 0.5974987238386932 0.020891364902506968 0.029096477794793296
0 0.36908077994428967 0.4203675344563553 0.03899721448467969 0.029096477794793296
