1 0.6357938718662952 0.41449719244512506 0.02228412256267409 0.054109239407861165
3 0.5550139275766017 0.3415007656967841 0.04178272980501385 0.04185809086268505
1 0.28690807799442897 0.2830525778458397 0.04456824512534818 0.02909647779479324
1 0.03551532033426184 0.2881572230729964 0.02506963788300836 0.031138335885655954
1 0.4178272980501393 0.2120980091883614 0.04178272980501391 0.02909647779479327
0 0.5515320334261838 0.128892291985707 0.029247910863509752 0.03318019397651864
1 0.3133704735376045 0.3287391526288923 0.019498607242339816 0.05002552322613579
1 0.39763231197771587 0.7289433384379785 0.0236768802228412 0.029606942317508933
1 0.40877437325905297 0.7309851965288412 0.018105849582172706 0.029606942317508933
1 0.5821727019498607 0.7026544155181215 0.01810584958217265 0.027054619703930527
1 0.3307799442896936 0.6332312404287902 0.03760445682451252 0.029096477794793296
1 0.3516713091922006 0.6975497702909648 0.023676880222841257 0.02501276161306787
0 0.019498607242339833 0.5735068912710567 0.02924791086350975 0.02297090352220521
0 0.5919220055710306 0.19142419601837674 0.02924791086350964 0.029606942317508933
0 0.568941504178273 0.19040326697294538 0.02506963788300831 0.04798366513527308
1 0.3864902506963788 0.7113323124042878 0.01532033426183843 0.027054619703930638
1 0.4129526462395543 0.7394078611536499 0.018105849582172706 0.02501276161306787
1 0.38370473537604455 0.7256253190403267 0.01532033426183843 0.027054619703930527
0 0.5779944289693593 0.6633486472690148 0.0348189415041783 0.0393057682491067
1 0.48816155988857934 0.7036753445635529 0.018105849582172706 0.02501276161306787
0 0.13579387186629527 0.6163859111791731 0.025069637883008367 0.03318019397651861
0 0.16364902506963788 0.5974987238386932 0.019498607242339816 0.029096477794793296
0 0.3704735376044568 0.41832567636549256 0.03899721448467969 0.02909647779479324
