1 0.6357938718662952 0.41449719244512506 0.02228412256267409 0.054109239407861165
3 0.5605849582172702 0.30806533945890757 0.04178272980501396 0.04134762633996941
1 0.28690807799442897 0.2830525778458397 0.04456824512534818 0.02909647779479324
1 0.03551532033426184 0.2881572230729964 0.02506963788300836 0.031138335885655954
1 0.4178272980501393 0.19142419601837674 0.04178272980501391 0.029606942317508933
0 0.5619777158774373 0.09775395610005105 0.02785515320334253 0.04134762633996937
1 0.3133704735376045 0.3287391526288923 0.019498607242339816 0.05002552322613579
1 0.399025069637883 0.7266462480857581 0.023676880222841257 0.029096477794793296
1 0.4115598885793872 0.7309851965288412 0.018105849582172706 0.029606942317508933
1 0.5891364902506964 0.6944869831546707 0.01810584958217265 0.027054619703930527
1 0.34331476323119775 0.6311893823379275 0.03760445682451252 0.029096477794793296
1 0.34749303621169914 0.6995916283818275 0.023676880222841257 0.02501276161306787
0 0.5947075208913649 0.16870852475752934 0.029247910863509752 0.02909647779479327
0 0.5786908077994428 0.1613067891781521 0.02506963788300831 0.04798366513527311
1 0.37813370473537605 0.7113323124042878 0.01532033426183843 0.027054619703930638
1 0.42270194986072424 0.7394078611536499 0.01810584958217265 0.02501276161306787
1 0.3934540389972145 0.723583460949464 0.01532033426183843 0.027054619703930527
0 0.5891364902506964 0.6613067891781521 0.03481894150417819 0.0393057682491067
1 0.47562674094707524 0.7062276671771313 0.018105849582172706 0.02501276161306787
0 0.16225626740947074 0.6123021949974476 0.025069637883008367 0.03318019397651861
0 0.20543175487465182 0.6018376722817764 0.019498607242339844 0.029606942317508933
0 0.37186629526462395 0.41832567636549256 0.03899721448467963 0.02909647779479324
