1 0.6357938718662952 0.41449719244512506 0.02228412256267409 0.054109239407861165
3 0.5633704735376044 0.2955589586523737 0.04178272980501385 0.04185809086268505
1 0.2883008356545961 0.2830525778458397 0.04456824512534818 0.02909647779479324
1 0.03551532033426184 0.2881572230729964 0.02506963788300836 0.031138335885655954
1 0.4178272980501393 0.15798876978050025 0.04178272980501391 0.02909647779479327
0 0.5633704735376045 0.06431852986217458 0.027855153203342642 0.04185809086268505
1 0.3133704735376045 0.3287391526288923 0.019498607242339816 0.05002552322613579
1 0.39972144846796653 0.7266462480857581 0.025069637883008367 0.029096477794793296
1 0.415041782729805 0.7309851965288412 0.01949860724233987 0.029606942317508933
1 0.5933147632311977 0.6944869831546707 0.01810584958217276 0.027054619703930527
1 0.3530640668523677 0.6311893823379275 0.03760445682451252 0.029096477794793296
1 0.34192200557103064 0.695507912200102 0.0236768802228412 0.02501276161306787
0 0.5974930362116991 0.14573762123532413 0.029247910863509752 0.02909647779479327
0 0.58008356545961 0.1403777437468096 0.025069637883008422 0.04798366513527311
1 0.3697771587743732 0.7133741704951506 0.015320334261838486 0.027054619703930527
1 0.43245125348189417 0.7394078611536499 0.018105849582172706 0.02501276161306787
1 0.40181058495821725 0.7215416028586012 0.01532033426183843 0.027054619703930638
0 0.6058495821727019 0.6549259826442062 0.0348189415041783 0.039816232771822335
1 0.46309192200557103 0.7103113833588566 0.018105849582172706 0.02501276161306787
0 0.1873259052924791 0.6038795303726391 0.025069637883008367 0.03369065849923425
0 0.24965181058495822 0.6082184788157223 0.018802228412256233 0.029096477794793296
0 0.37604456824512533 0.4162838182746299 0.03899721448467969 0.02909647779479324
