1 0.6371866295264623 0.41449719244512506 0.02228412256267409 0.054109239407861165
3 0.5647632311977716 0.27896886166411433 0.04178272980501396 0.04134762633996936
1 0.28969359331476324 0.2830525778458397 0.04456824512534818 0.02909647779479324
1 0.03551532033426184 0.2881572230729964 0.02506963788300836 0.031138335885655954
1 0.41364902506963785 0.13297600816743238 0.04178272980501391 0.02909647779479327
0 0.5661559888579387 0.02679938744257274 0.027855153203342642 0.04134762633996937
1 0.3133704735376045 0.3287391526288923 0.019498607242339816 0.05002552322613579
1 0.40041782729805014 0.7266462480857581 0.0236768802228412 0.029096477794793296
1 0.41852367688022285 0.7309851965288412 0.018105849582172706 0.029606942317508933
1 0.5995821727019499 0.6873404798366514 0.01949860724233987 0.02501276161306798
1 0.36420612813370473 0.6311893823379275 0.03760445682451252 0.029096477794793296
1 0.33913649025069637 0.695507912200102 0.0236768802228412 0.02501276161306787
0 0.04665738161559888 0.5893312914752424 0.04178272980501392 0.029096477794793296
1 0.8774373259052924 0.6174068402246045 0.027855153203342642 0.027054619703930638
0 0.5988857938718662 0.12276671771311894 0.029247910863509752 0.02909647779479327
0 0.58008356545961 0.12353241449719245 0.025069637883008422 0.04798366513527311
1 0.3655988857938719 0.7154160285860133 0.015320334261838486 0.027054619703930527
1 0.4415041782729805 0.7394078611536499 0.01671309192200554 0.02501276161306787
1 0.4115598885793872 0.7194997447677387 0.01532033426183843 0.027054619703930638
0 0.6211699164345403 0.6508422664624809 0.0348189415041783 0.039816232771822335
1 0.4505571030640668 0.7123532414497193 0.018105849582172706 0.02501276161306787
0 0.21657381615598886 0.6018376722817764 0.025069637883008367 0.03369065849923425
0 0.28551532033426186 0.6163859111791731 0.019498607242339816 0.029096477794793296
0 0.3955431754874652 0.4060745278203165 0.03899721448467969 0.02909647779479324
