1 0.6371866295264623 0.41449719244512506 0.02228412256267409 0.054109239407861165
3 0.5675487465181058 0.2559979581419091 0.04178272980501396 0.04134762633996936
1 0.29108635097493035 0.2830525778458397 0.04456824512534818 0.02909647779479324
1 0.03551532033426184 0.2881572230729964 0.02506963788300836 0.031138335885655954
1 0.4094707520891365 0.11204696273608984 0.04178272980501391 0.02909647779479327
1 0.3133704735376045 0.32669729453802965 0.019498607242339816 0.05002552322613579
1 0.40111420612813375 0.7266462480857581 0.025069637883008367 0.029096477794793296
1 0.42130919220055707 0.7309851965288412 0.018105849582172706 0.029606942317508933
1 0.6044568245125348 0.6766207248596223 0.0236768802228412 0.02501276161306787
1 0.3753481894150418 0.6311893823379275 0.03760445682451252 0.029096477794793296
1 0.3447075208913649 0.7016334864726901 0.0236768802228412 0.02501276161306787
0 0.09122562674094709 0.5872894333843798 0.04178272980501392 0.029096477794793296
1 0.862116991643454 0.6174068402246045 0.027855153203342642 0.027054619703930638
0 0.6016713091922006 0.09979581419091374 0.029247910863509752 0.029096477794793255
0 0.5772980501392757 0.10285860132720775 0.02506963788300831 0.04747320061255743
1 0.36142061281337046 0.7174578866768759 0.01532033426183843 0.027054619703930527
1 0.451949860724234 0.7404287901990811 0.01532033426183843 0.027054619703930527
1 0.4213091922005571 0.7174578866768759 0.01532033426183843 0.027054619703930527
0 0.6378830083565459 0.644461459928535 0.0348189415041783 0.0393057682491067
1 0.4380222841225627 0.7143950995405819 0.018105849582172706 0.02501276161306787
0 0.24686629526462395 0.5974987238386932 0.024373259052924756 0.03318019397651861
0 0.3203342618384401 0.6268504338948443 0.01949860724233987 0.029606942317508933
0 0.415041782729805 0.3956100051046452 0.03899721448467963 0.029606942317508933
