1 0.6371866295264623 0.41449719244512506 0.02228412256267409 0.054109239407861165
3 0.568941504178273 0.23098519652884125 0.04178272980501385 0.041347626339969384
1 0.29108635097493035 0.28101071975497705 0.04456824512534818 0.02909647779479324
1 0.03551532033426184 0.2881572230729964 0.02506963788300836 0.031138335885655954
1 0.4066852367688022 0.091628381827463 0.04178272980501391 0.029096477794793255
1 0.3133704735376045 0.32669729453802965 0.019498607242339816 0.05002552322613579
1 0.40250696378830086 0.7246043899948953 0.025069637883008367 0.029096477794793185
1 0.42479108635097496 0.7309851965288412 0.019498607242339816 0.029606942317508933
1 0.5856545961002786 0.6995916283818275 0.02228412256267409 0.02501276161306787
1 0.3850974930362117 0.6311893823379275 0.03760445682451252 0.029096477794793296
1 0.34749303621169914 0.7062276671771313 0.023676880222841257 0.02501276161306787
0 0.13579387186629527 0.5852475752935171 0.04178272980501392 0.029096477794793296
0 0.026462395543175483 0.6069423175089331 0.026462395543175483 0.04798366513527319
1 0.8481894150417827 0.6235324144971924 0.027855153203342642 0.027054619703930527
0 0.6030640668523677 0.07784583971413986 0.029247910863509752 0.02705461970393057
0 0.5745125348189415 0.08014293006636039 0.025069637883008422 0.04798366513527311
1 0.366991643454039 0.7174578866768759 0.01532033426183843 0.027054619703930527
1 0.4616991643454039 0.7404287901990811 0.015320334261838486 0.027054619703930527
1 0.4296657381615599 0.7154160285860133 0.01532033426183843 0.027054619703930527
0 0.6364902506963788 0.6424196018376723 0.0348189415041783 0.0393057682491067
1 0.4254874651810585 0.7143950995405819 0.018105849582172706 0.02501276161306787
0 0.2771587743732591 0.5893312914752424 0.025069637883008367 0.03318019397651861
0 0.35515320334261835 0.6413986727922409 0.019498607242339816 0.029096477794793296
0 0.43454038997214484 0.38514548238897395 0.03899721448467963 0.02909647779479324
