1 0.6643939393939393 0.04025617566331199 0.03181818181818186 0.047575480329368716
1 0.22904040404040404 0.35910338517840806 0.03888888888888889 0.05215004574565418
1 0.10883838383838385 0.8380603842634949 0.020707070707070716 0.043915827996340306
1 0.3088383838383838 0.3545288197621226 0.0378787878787879 0.05215004574565418
1 0.7262626262626263 0.1537053979871912 0.025252525252525304 0.04574565416285453
1 0.10555555555555556 0.8060384263494969 0.022222222222222227 0.032936870997255174
1 0.12323232323232323 0.8211344922232388 0.022222222222222227 0.03934126258005488
0 0.6972222222222222 0.8655077767612077 0.07222222222222219 0.07685269899359559
0 0.619949494949495 0.5379688929551693 0.05101010101010106 0.07685269899359559
1 0.6573232323232323 0.1212259835315645 0.020707070707070674 0.03934126258005488
1 0.4005050505050505 0.859103385178408 0.04040404040404039 0.04391582799634042
1 0.6441919191919192 0.07136322049405307 0.03585858585858581 0.04757548032936871
1 0.671969696969697 0.08417200365965233 0.03080808080808084 0.047575480329368716
1 0.6643939393939393 0.16285452881976212 0.023737373737373724 0.04391582799634036
1 0.13308080808080808 0.9716376944190301 0.04191919191919191 0.04391582799634042
1 0.6818181818181819 0.1495882891125343 0.030303030303030387 0.03751143641354071
1 0.681060606060606 0.1161939615736505 0.028787878787878807 0.04208600182982618
1 0.7414141414141414 0.12946020128087832 0.03333333333333344 0.039341262580054895
