1 0.6385793871866294 0.41449719244512506 0.02228412256267409 0.054109239407861165
3 0.5759052924791086 0.1934660541092394 0.04178272980501396 0.04185809086268502
1 0.2938718662952646 0.28101071975497705 0.04456824512534818 0.02909647779479324
1 0.03551532033426184 0.2881572230729964 0.02506963788300836 0.031138335885655954
1 0.4066852367688022 0.05079122001020929 0.04178272980501391 0.03522205206738132
1 0.3133704735376045 0.3226135783563042 0.019498607242339816 0.05002552322613579
1 0.403899721448468 0.7246043899948953 0.025069637883008367 0.029096477794793185
1 0.43036211699164345 0.7309851965288412 0.01949860724233987 0.029606942317508933
1 0.5494428969359331 0.745533435426238 0.02228412256267409 0.02501276161306787
1 0.4087743732590529 0.6311893823379275 0.03760445682451252 0.029096477794793296
1 0.34749303621169914 0.7062276671771313 0.023676880222841257 0.02501276161306787
0 0.23850974930362118 0.5768249106687086 0.041086350974930325 0.029606942317508933
0 0.10306406685236769 0.6069423175089331 0.02646239554317549 0.04798366513527319
1 0.8147632311977716 0.6174068402246045 0.027855153203342642 0.027054619703930638
0 0.5988857938718662 0.03598774885145482 0.029247910863509752 0.022970903522205207
1 0.4338440111420613 0.7113323124042878 0.01532033426183843 0.027054619703930638
1 0.4805013927576602 0.7404287901990811 0.013927576601671321 0.027054619703930527
1 0.4477715877437326 0.7113323124042878 0.01532033426183843 0.027054619703930638
0 0.5403899721448469 0.6488004083716181 0.0348189415041783 0.039816232771822446
1 0.4004178272980501 0.7164369576314447 0.018105849582172706 0.02501276161306787
0 0.3356545961002786 0.5684022460439 0.025069637883008367 0.03318019397651861
0 0.4317548746518106 0.6664114344053088 0.019498607242339816 0.029096477794793296
0 0.02089136490250696 0.6403777437468097 0.032033426183844006 0.027054619703930638
0 0.47353760445682447 0.36217457886676874 0.03899721448467969 0.02909647779479324
