1 0.6385793871866294 0.41449719244512506 0.02228412256267409 0.054109239407861165
3 0.5759052924791086 0.1704951505870342 0.04178272980501396 0.04185809086268505
1 0.2938718662952646 0.28101071975497705 0.04456824512534818 0.02909647779479324
1 0.03551532033426184 0.2881572230729964 0.02506963788300836 0.031138335885655954
1 0.403899721448468 0.028841245533435426 0.04178272980501396 0.04134762633996937
1 0.3133704735376045 0.3226135783563042 0.019498607242339816 0.05002552322613579
1 0.40459610027855153 0.7246043899948953 0.0236768802228412 0.029096477794793185
1 0.43454038997214484 0.7309851965288412 0.019498607242339816 0.029606942317508933
1 0.5306406685236769 0.7695252679938744 0.02089136490250698 0.027054619703930527
1 0.42130919220055707 0.6332312404287902 0.03760445682451258 0.029096477794793296
1 0.34749303621169914 0.7062276671771313 0.023676880222841257 0.02501276161306787
0 0.2813370473537604 0.5724859622256253 0.04178272980501391 0.029096477794793296
0 0.1406685236768802 0.6069423175089331 0.026462395543175504 0.04798366513527319
1 0.8147632311977716 0.6174068402246045 0.027855153203342642 0.027054619703930638
0 0.596100278551532 0.015569167942827972 0.029247910863509752 0.022970903522205204
1 0.4672701949860724 0.7092904543134252 0.01532033426183843 0.027054619703930527
1 0.49025069637883006 0.7404287901990811 0.013927576601671321 0.027054619703930527
1 0.4575208913649025 0.7092904543134252 0.015320334261838486 0.027054619703930527
0 0.491991643454039 0.6508422664624809 0.03412256267409469 0.039816232771822335
1 0.3892757660167131 0.72052067381317 0.018105849582172706 0.02501276161306798
0 0.3635097493036211 0.5538540071465033 0.025069637883008367 0.03369065849923425
0 0.4651810584958217 0.6664114344053088 0.019498607242339816 0.029096477794793296
0 0.028551532033426183 0.6403777437468097 0.030640668523676876 0.027054619703930638
0 0.49268802228412256 0.35196528841245533 0.03830083565459613 0.029096477794793296
