1 0.6385793871866294 0.41449719244512506 0.02228412256267409 0.054109239407861165
3 0.5786908077994429 0.15390505359877488 0.04178272980501396 0.041347626339969384
1 0.29526462395543174 0.28101071975497705 0.04456824512534818 0.02909647779479324
1 0.03551532033426184 0.2881572230729964 0.02506963788300836 0.031138335885655954
1 0.38579387186629527 0.05385400714650332 0.04178272980501396 0.033180193976518634
1 0.3133704735376045 0.32057172026544156 0.019498607242339816 0.05002552322613579
1 0.4052924791086351 0.7246043899948953 0.025069637883008367 0.029096477794793185
1 0.4373259052924791 0.7309851965288412 0.01949860724233987 0.029606942317508933
1 0.5125348189415042 0.7935171005615109 0.02089136490250698 0.02501276161306787
1 0.4338440111420613 0.6332312404287902 0.03760445682451252 0.029096477794793296
1 0.34749303621169914 0.7062276671771313 0.023676880222841257 0.02501276161306787
0 0.3182451253481894 0.5694231750893313 0.0403899721448468 0.027054619703930527
0 0.17827298050139276 0.6069423175089331 0.026462395543175476 0.04798366513527319
1 0.807799442896936 0.6174068402246045 0.027855153203342642 0.027054619703930638
1 0.5003481894150418 0.7072485962225625 0.014623955431754876 0.027054619703930527
1 0.4996518105849582 0.7404287901990811 0.013231197771587766 0.027054619703930527
1 0.4672701949860724 0.7072485962225625 0.01532033426183843 0.027054619703930527
0 0.4449860724233983 0.6549259826442062 0.0348189415041783 0.039816232771822335
1 0.3767409470752089 0.7266462480857581 0.018105849582172706 0.02501276161306787
0 0.38997214484679665 0.5352220520673814 0.02506963788300831 0.033180193976518724
0 0.49547353760445684 0.6602858601327208 0.018802228412256317 0.029096477794793185
0 0.03551532033426184 0.6393568147013783 0.030640668523676882 0.029096477794793296
0 0.5121866295264623 0.34124553343542624 0.03830083565459608 0.029096477794793296
