4 0.3380368098159509 0.34676591375770016 0.06257668711656439 0.03542094455852157
4 0.37331288343558283 0.2933778234086242 0.03865030674846626 0.04158110882956878
0 0.4638036809815951 0.19558521560574949 0.02208588957055213 0.02464065708418889
1 0.4401840490797546 0.20508213552361396 0.016564417177914126 0.031314168377823415
4 0.6588957055214724 0.22048254620123203 0.053987730061349715 0.05390143737166325
0 0.5024539877300613 0.8601129363449692 0.022085889570552186 0.029260780287474253
0 0.22515337423312884 0.4414784394250513 0.020858895705521463 0.02053388090349073
1 0.6469325153374232 0.1183264887063655 0.01901840490797546 0.02926078028747435
0 0.5199386503067485 0.49666324435318276 0.02638036809815958 0.03131416837782336
1 0.3254601226993865 0.5787987679671458 0.023926380368098132 0.02104722792607805
1 0.6088957055214723 0.41966119096509236 0.015337423312883458 0.027207392197125257
0 0.5766871165644172 0.6224332648870636 0.018404907975460016 0.033367556468172466
1 0.8705521472392639 0.23947638603696098 0.02822085889570547 0.033367556468172466
1 0.39815950920245397 0.6891683778234086 0.019631901840490795 0.025154004106776262
1 0.49141104294478527 0.8986139630390144 0.01717791411042946 0.018993839835728887
1 0.5101226993865031 0.9027207392197125 0.017791411042944794 0.0231006160164271
0 0.4484662576687116 0.45405544147843946 0.03067484662576686 0.03336755646817252
0 0.45674846625766874 0.31750513347022585 0.01656441717791407 0.0231006160164271
0 0.4331288343558282 0.3039014373716632 0.02208588957055213 0.0328542094455852
0 0.47331288343558287 0.26642710472279263 0.025153374233128856 0.02464065708418889
1 0.3941717791411043 0.38526694045174537 0.016564417177914126 0.02926078028747431
1 0.41595092024539876 0.3873203285420944 0.020858895705521463 0.02926078028747431
0 0.6052147239263803 0.5767453798767967 0.022699386503067465 0.04568788501026699
1 0.5343558282208589 0.8403490759753593 0.019631901840490795 0.022587268993839782
1 0.7677914110429448 0.6260266940451745 0.022699386503067576 0.03542094455852163
1 0.5358895705521471 0.9186344969199178 0.016564417177914126 0.02515400410677615
1 0.2760736196319018 0.5623716632443532 0.024539877300613522 0.03747433264887068
1 0.2865030674846626 0.2476899383983573 0.026993865030674857 0.033367556468172466
1 0.27883435582822086 0.27053388090349073 0.027607361963190136 0.0287474332648871
1 0.5380368098159509 0.944558521560575 0.020858895705521574 0.030800821355236208
0 0.5975460122699386 0.21226899383983572 0.02944785276073625 0.04568788501026694
1 0.8450920245398773 0.6247433264887063 0.02638036809815958 0.028747433264887046
0 0.06349693251533742 0.5870123203285421 0.03865030674846625 0.03747433264887068
