1 0.18957055214723928 0.25179671457905545 0.02085889570552149 0.029260780287474364
4 0.3380368098159509 0.34676591375770016 0.06257668711656439 0.03542094455852157
0 0.4374233128834356 0.5100102669404517 0.022085889570552186 0.02515400410677615
1 0.2880368098159509 0.6152464065708418 0.026380368098159468 0.031314168377823415
1 0.4107361963190184 0.5559548254620124 0.016564417177914126 0.02053388090349073
1 0.39570552147239263 0.5582648870636551 0.019631901840490795 0.033367556468172466
4 0.3693251533742331 0.287217659137577 0.04171779141104298 0.049794661190965095
1 0.37607361963190183 0.4091375770020534 0.01717791411042946 0.030800821355236097
1 0.11840490797546012 0.4330082135523614 0.023312883435582826 0.02926078028747431
0 0.301840490797546 0.5893223819301847 0.020858895705521463 0.028747433264887046
4 0.658282208588957 0.21637577002053388 0.05276073619631905 0.05390143737166325
0 0.5595092024539878 0.47048254620123203 0.02208588957055213 0.029260780287474364
0 0.3932515337423313 0.46021560574948667 0.020858895705521463 0.02104722792607805
1 0.7122699386503069 0.22253593429158108 0.019631901840490795 0.029260780287474336
0 0.6015337423312883 0.2589835728952772 0.026380368098159468 0.03131416837782339
1 0.3815950920245399 0.41452772073921973 0.02208588957055213 0.02926078028747431
1 0.39478527607361963 0.3726899383983573 0.015337423312883458 0.024640657084188944
1 0.40521472392638036 0.4684291581108829 0.01901840490797546 0.02926078028747431
1 0.4101226993865031 0.36935318275154005 0.017791411042944794 0.031314168377823415
1 0.8705521472392639 0.23947638603696098 0.02822085889570547 0.033367556468172466
1 0.40521472392638036 0.4663757700205339 0.01901840490797546 0.02515400410677615
1 0.37423312883435583 0.5497946611909651 0.020858895705521463 0.024640657084188833
1 0.5322085889570551 0.901694045174538 0.015337423312883458 0.029260780287474253
1 0.5266871165644171 0.8965605749486653 0.017791411042944794 0.0231006160164271
0 0.74079754601227 0.5195071868583163 0.028834355828220803 0.026694045174537995
1 0.3941717791411043 0.38526694045174537 0.016564417177914126 0.02926078028747431
1 0.41595092024539876 0.3873203285420944 0.020858895705521463 0.02926078028747431
1 0.6450920245398772 0.1809548254620123 0.015337423312883458 0.02104722792607802
1 0.5107361963190185 0.8662731006160165 0.01901840490797546 0.029260780287474364
1 0.516564417177914 0.7695071868583163 0.019631901840490795 0.026694045174537995
1 0.44969325153374234 0.7091889117043122 0.02208588957055213 0.03542094455852152
1 0.5276073619631902 0.9186344969199178 0.019631901840490795 0.02515400410677615
1 0.15521472392638036 0.4163244353182751 0.019631901840490795 0.020533880903490787
1 0.15521472392638036 0.40605749486652976 0.019631901840490795 0.020533880903490787
1 0.5067484662576687 0.9412217659137576 0.019631901840490795 0.029260780287474364
0 0.8496932515337423 0.5893223819301847 0.03926380368098159 0.037987679671457886
