4 0.3365030674846626 0.34573921971252564 0.06564417177914106 0.03336755646817252
0 0.599079754601227 0.287217659137577 0.028834355828220914 0.025154004106776207
0 0.39355828220858896 0.39964065708418894 0.017791411042944794 0.03747433264887062
1 0.22269938650306748 0.46945585215605745 0.023312883435582826 0.027207392197125257
0 0.5469325153374234 0.3329055441478439 0.033742331288343475 0.025154004106776207
0 0.5282208588957056 0.3447125256673511 0.03190184049079747 0.027207392197125257
0 0.5141104294478528 0.39245379876796715 0.031901840490797584 0.03542094455852157
0 0.654601226993865 0.6121663244353183 0.03435582822085892 0.029260780287474253
0 0.5150306748466258 0.6216632443531827 0.03619631901840492 0.026694045174537995
0 0.5052147239263803 0.75282340862423 0.025153374233128856 0.031314168377823415
0 0.4726993865030675 0.4632956878850103 0.03742331288343559 0.027207392197125257
0 0.2794478527607362 0.5882956878850103 0.03496932515337425 0.026694045174537995
0 0.49141104294478527 0.5259240246406571 0.030674846625766805 0.03542094455852152
0 0.5782208588957055 0.2559034907597536 0.023926380368098243 0.04158110882956881
0 0.5343558282208589 0.22664271047227924 0.02822085889570558 0.03336755646817249
0 0.5150306748466258 0.6216632443531827 0.03619631901840492 0.026694045174537995
0 0.4726993865030675 0.4632956878850103 0.03742331288343559 0.027207392197125257
0 0.5141104294478528 0.39245379876796715 0.031901840490797584 0.03542094455852157
0 0.5677914110429447 0.2974845995893224 0.033742331288343475 0.033367556468172466
0 0.5469325153374234 0.3329055441478439 0.033742331288343475 0.025154004106776207
0 0.5282208588957056 0.3447125256673511 0.03190184049079747 0.027207392197125257
1 0.4392638036809816 0.22664271047227924 0.023312883435582854 0.03747433264887065
1 0.43558282208588955 0.35805954825462016 0.02208588957055213 0.02926078028747431
1 0.4217791411042945 0.3601129363449692 0.016564417177914126 0.03747433264887062
0 0.48803680981595093 0.7892710472279261 0.023926380368098132 0.03336755646817258
4 0.49969325153374233 0.2112422997946612 0.04723926380368093 0.04363449691991789
0 0.2794478527607362 0.5882956878850103 0.03496932515337425 0.026694045174537995
0 0.49539877300613494 0.7425564681724846 0.0251533742331288 0.04363449691991794
0 0.5693251533742332 0.6632443531827514 0.019631901840490795 0.026694045174537995
0 0.6190184049079754 0.6193531827515399 0.030674846625766916 0.031314168377823415
1 0.5960122699386503 0.4663757700205339 0.02638036809815958 0.033367556468172466
0 0.6015337423312883 0.7266427104722792 0.026380368098159468 0.033367556468172466
0 0.4947852760736196 0.8349589322381931 0.023926380368098132 0.04158110882956878
1 0.20858895705521474 0.4258213552361396 0.023312883435582826 0.031314168377823415
1 0.1205521472392638 0.6152464065708418 0.02760736196319019 0.027207392197125313
0 0.589877300613497 0.1809548254620123 0.027607361963190136 0.029260780287474336
4 0.660122699386503 0.2194558521560575 0.04539877300613504 0.04363449691991786
0 0.49049079754601227 0.9694558521560575 0.026380368098159468 0.031314168377823415
1 0.589877300613497 0.38013347022587274 0.0251533742331288 0.03542094455852157
0 0.654601226993865 0.6121663244353183 0.03435582822085892 0.029260780287474253
0 0.5052147239263803 0.75282340862423 0.025153374233128856 0.031314168377823415
0 0.6128834355828221 0.04337782340862423 0.0233128834355828 0.033367556468172486
0 0.8760736196319019 0.5893223819301847 0.03312883435582814 0.037987679671457886
0 0.5242331288343558 0.9124743326488707 0.026380368098159468 0.03747433264887057
1 0.9205521472392638 0.17992813141683778 0.02515337423312891 0.031314168377823415
0 0.6457055214723926 0.01848049281314168 0.0251533742331288 0.03285420944558521
0 0.40797546012269936 0.40605749486652976 0.024539877300613522 0.02464065708418889
0 0.3656441717791411 0.38526694045174537 0.02944785276073625 0.033367556468172466
1 0.14355828220858896 0.3986139630390144 0.029447852760736193 0.03542094455852157
