4 0.3386503067484663 0.34573921971252564 0.06380368098159511 0.03747433264887062
2 0.38773006134969323 0.44250513347022585 0.029447852760736193 0.026694045174537995
1 0.3199386503067485 0.23203285420944558 0.023926380368098188 0.040041067761806964
0 0.501840490797546 0.26540041067761805 0.029447852760736193 0.026694045174537995
0 0.6644171779141104 0.6101129363449692 0.029447852760736137 0.03747433264887068
2 0.3797546012269939 0.5197638603696099 0.02085889570552152 0.03952772073921973
0 0.201840490797546 0.5518480492813141 0.03435582822085892 0.0462012320328542
1 0.5815950920245399 0.13321355236139631 0.019631901840490795 0.029260780287474336
1 0.4607361963190184 0.1686344969199179 0.013496932515337456 0.029260780287474336
1 0.45245398773006135 0.1686344969199179 0.01411042944785279 0.03336755646817249
0 0.5874233128834356 0.3205852156057495 0.03619631901840481 0.04568788501026694
1 0.6871165644171779 0.2630903490759754 0.02208588957055213 0.03542094455852157
4 0.43036809815950916 0.5654517453798769 0.04969325153374232 0.05595482546201225
2 0.5177914110429447 0.5392710472279261 0.019631901840490795 0.029260780287474253
0 0.27208588957055213 0.5474845995893224 0.025153374233128856 0.029260780287474253
1 0.5957055214723925 0.6871149897330595 0.019631901840490795 0.033367556468172466
1 0.8386503067484663 0.5269507186858315 0.024539877300613466 0.029260780287474364
0 0.8052147239263804 0.5870123203285421 0.02515337423312891 0.03747433264887068
2 0.5107361963190185 0.8164784394250513 0.01901840490797546 0.033367556468172466
1 0.35460122699386504 0.537217659137577 0.03435582822085892 0.029260780287474364
1 0.149079754601227 0.25179671457905545 0.0233128834355828 0.03747433264887065
1 0.09539877300613497 0.627053388090349 0.025153374233128842 0.033367556468172466
0 0.30828220858895705 0.41555441478439425 0.03619631901840492 0.03542094455852152
1 0.6012269938650308 0.12268993839835729 0.019631901840490795 0.024640657084188902
1 0.5947852760736196 0.1183264887063655 0.017791411042944794 0.025154004106776193
4 0.6622699386503068 0.21842915811088295 0.04969325153374238 0.04568788501026694
0 0.5352760736196318 0.5120636550308009 0.017791411042944794 0.03747433264887057
1 0.3711656441717791 0.5120636550308009 0.023312883435582854 0.029260780287474364
1 0.5294478527607362 0.8277720739219713 0.020858895705521463 0.03542094455852163
1 0.7245398773006135 0.5123203285420945 0.019631901840490795 0.024640657084188944
1 0.7107361963190184 0.5100102669404518 0.016564417177914015 0.029260780287474364
0 0.2941717791411043 0.587012320328542 0.01901840490797546 0.033367556468172466
0 0.49263803680981594 0.8726899383983573 0.019631901840490795 0.028747433264887157
0 0.36073619631901843 0.5998459958932238 0.024539877300613522 0.03747433264887068
0 0.553680981595092 0.606006160164271 0.0251533742331288 0.025154004106776262
