1 0.6061349693251534 0.3287987679671458 0.020858895705521463 0.029260780287474364
4 0.33926380368098163 0.34573921971252564 0.06257668711656444 0.03747433264887062
1 0.611963190184049 0.22150924024640656 0.016564417177914126 0.027207392197125257
0 0.9337423312883435 0.5829055441478439 0.012269938650306789 0.033367556468172466
0 0.6122699386503068 0.6008726899383983 0.02208588957055213 0.031314168377823415
0 0.061963190184049076 0.5474845995893224 0.022085889570552145 0.029260780287474253
0 0.18220858895705522 0.5862422997946612 0.029447852760736193 0.022587268993839893
2 0.5150306748466258 0.8287987679671458 0.0251533742331288 0.03336755646817258
2 0.40736196319018403 0.4863963039014374 0.034355828220858864 0.03952772073921973
0 0.43036809815950916 0.5320841889117043 0.025153374233128856 0.03952772073921973
1 0.7245398773006135 0.21637577002053388 0.019631901840490795 0.02515400410677618
1 0.5138036809815951 0.5007700205338809 0.027607361963190136 0.039527720739219674
1 0.6539877300613497 0.6496406570841889 0.030674846625766916 0.04158110882956878
0 0.6858895705521473 0.6121663244353183 0.030674846625766805 0.04158110882956878
0 0.5733128834355828 0.17274127310061602 0.030061349693251582 0.049794661190965095
1 0.4665644171779141 0.5685318275154003 0.025153374233128856 0.029260780287474364
1 0.4484662576687116 0.5664784394250513 0.022085889570552186 0.033367556468172466
0 0.5380368098159509 0.6850616016427105 0.02331288343558291 0.04568788501026688
0 0.5779141104294478 0.6332135523613962 0.031901840490797584 0.033367556468172466
0 0.4579754601226994 0.6373203285420945 0.030061349693251527 0.03747433264887057
0 0.38834355828220857 0.6101129363449692 0.04171779141104298 0.03747433264887068
1 0.36595092024539877 0.5248973305954825 0.026380368098159468 0.03747433264887057
4 0.6634969325153375 0.21842915811088295 0.04969325153374238 0.04568788501026694
1 0.2800613496932515 0.2612936344969199 0.0251533742331288 0.018480492813141736
0 0.4607361963190184 0.7476899383983573 0.03312883435582825 0.049794661190964984
