1 0.6593434343434343 0.06816102470265324 0.02777777777777768 0.04117108874656907
1 0.227020202020202 0.35956084172003655 0.03181818181818183 0.04574565416285453
1 0.11287878787878788 0.838975297346752 0.020707070707070716 0.042086001829826136
1 0.7068181818181818 0.022415370539798717 0.03080808080808084 0.04117108874656907
1 0.3088383838383838 0.3526989935956084 0.0318181818181818 0.04849039341262584
1 0.10757575757575757 0.8046660567246111 0.026262626262626265 0.04849039341262584
1 0.12070707070707071 0.8211344922232388 0.022222222222222213 0.03934126258005488
1 0.6588383838383838 0.11939615736505033 0.020707070707070785 0.03568161024702654
0 0.7219696969696969 0.8568161024702654 0.03585858585858592 0.06495882891125337
0 0.4025252525252525 0.7516010978957 0.033333333333333326 0.057639524245196694
1 0.7318181818181818 0.5338517840805124 0.030303030303030276 0.07227813357731017
1 0.4353535353535354 0.9725526075022872 0.026262626262626265 0.032936870997255174
1 0.39974747474747474 0.8462946020128088 0.03080808080808084 0.027447392497712664
1 0.40202020202020206 0.8787740164684354 0.029292929292929315 0.03385178408051226
1 0.7080808080808081 0.7566331198536138 0.05555555555555558 0.05672461116193961
1 0.6414141414141414 0.06953339432753888 0.033333333333333326 0.043915827996340355
1 0.6477272727272727 0.09652333028362306 0.028787878787878807 0.0484903934126258
1 0.6628787878787878 0.16102470265324792 0.023737373737373724 0.040256175663311994
1 0.6818181818181819 0.14409881061299176 0.025252525252525193 0.03934126258005488
1 0.6805555555555556 0.11436413540713632 0.02777777777777779 0.042086001829826164
1 0.7398989898989898 0.13174748398902103 0.033333333333333326 0.040256175663311994
