1 0.6414110429447852 0.050564681724845996 0.01901840490797546 0.03542094455852156
4 0.33865030674846625 0.34676591375770016 0.06134969325153372 0.03542094455852157
0 0.2926380368098159 0.5705852156057495 0.03067484662576686 0.029260780287474253
4 0.6634969325153375 0.21842915811088295 0.04723926380368104 0.03747433264887062
0 0.32515337423312884 0.40066735112936347 0.03190184049079753 0.03542094455852157
0 0.45460122699386507 0.40374743326488705 0.029447852760736193 0.033367556468172466
0 0.4843558282208589 0.8123716632443532 0.01656441717791407 0.02515400410677615
1 0.5058282208588957 0.6393737166324436 0.023926380368098188 0.025154004106776262
1 0.3628834355828221 0.3133983572895277 0.02024539877300613 0.0231006160164271
0 0.06901840490797545 0.5859856262833676 0.027607361963190177 0.03542094455852152
0 0.23987730061349694 0.5852156057494866 0.03067484662576689 0.024640657084188944
0 0.36226993865030677 0.5454312114989733 0.025153374233128856 0.03747433264887068
1 0.4601226993865031 0.9176078028747433 0.020858895705521463 0.0231006160164271
0 0.47208588957055214 0.8072381930184804 0.016564417177914126 0.031314168377823415
0 0.4579754601226994 0.8934804928131417 0.01901840490797546 0.03747433264887068
1 0.6177914110429448 0.6665811088295688 0.024539877300613577 0.03747433264887068
