0 0.8595092024539877 0.5454312114989732 0.019631901840490795 0.029260780287474364
0 0.1165644171779141 0.5726386036960986 0.03067484662576686 0.029260780287474364
4 0.33435582822085885 0.34881930184804927 0.050306748466257656 0.031314168377823415
2 0.5122699386503067 0.6645277207392197 0.019631901840490795 0.03747433264887068
4 0.6628834355828221 0.2194558521560575 0.046012269938650374 0.03131416837782339
0 0.08496932515337424 0.5893223819301847 0.02638036809815951 0.024640657084188944
1 0.6024539877300614 0.4643223819301848 0.030674846625766805 0.02926078028747431
0 0.5607361963190185 0.6955852156057495 0.019631901840490795 0.028747433264887157
1 0.3665644171779141 0.33085215605749485 0.016564417177914126 0.02926078028747431
0 0.47331288343558287 0.8791067761806981 0.02760736196319019 0.029260780287474364
0 0.5138036809815951 0.7933778234086242 0.0251533742331288 0.029260780287474364
0 0.6288343558282208 0.6203798767967146 0.024539877300613466 0.029260780287474253
0 0.8803680981595092 0.5936858316221766 0.030674846625766916 0.03747433264887068
1 0.8766871165644172 0.6203798767967146 0.020858895705521463 0.03336755646817258
0 0.7733128834355828 0.535164271047228 0.033742331288343586 0.02104722792607805
0 0.5754601226993865 0.3832135523613963 0.02944785276073625 0.02515400410677615
0 0.4662576687116564 0.6162731006160165 0.022085889570552186 0.021047227926077938
0 0.37392638036809817 0.6101129363449692 0.023926380368098132 0.02515400410677615
0 0.5150306748466258 0.5290041067761807 0.0251533742331288 0.02515400410677615
1 0.29417177914110426 0.6080595482546202 0.02269938650306752 0.02515400410677615
0 0.3113496932515337 0.5495379876796715 0.026380368098159523 0.029260780287474364
0 0.36625766871165644 0.5518480492813143 0.030674846625766916 0.028747433264887046
1 0.5288343558282209 0.8590862422997947 0.019631901840490795 0.027207392197125202
1 0.9800613496932515 0.6224332648870636 0.02515337423312891 0.03747433264887068
