0 0.548159509202454 0.6414271047227926 0.04969325153374238 0.04158110882956878
4 0.6628834355828221 0.22150924024640656 0.050920245398773045 0.047741273100616016
0 0.42944785276073616 0.5382443531827515 0.03190184049079753 0.05184804928131426
0 0.5190184049079755 0.8329055441478439 0.022085889570552242 0.04158110882956878
0 0.4858895705521472 0.8529260780287474 0.033128834355828196 0.05184804928131426
0 0.5134969325153373 0.7143223819301848 0.030674846625766805 0.05800821355236141
0 0.5150306748466258 0.6214065708418891 0.03865030674846626 0.03952772073921973
0 0.5966257668711656 0.6280800821355236 0.04723926380368093 0.03952772073921973
0 0.5831288343558283 0.4443018480492813 0.04723926380368104 0.03542094455852157
0 0.5696319018404907 0.36113963039014374 0.046012269938650374 0.04363449691991783
1 0.6337423312883436 0.19250513347022588 0.042944785276073594 0.06878850102669404
0 0.451840490797546 0.16940451745379875 0.03496932515337425 0.06468172484599591
0 0.41012269938650303 0.4070841889117043 0.0349693251533742 0.05646817248459962
1 0.354601226993865 0.33085215605749485 0.029447852760736193 0.04568788501026694
3 0.3349693251533742 0.34573921971252564 0.08466257668711658 0.04568788501026694
0 0.589877300613497 0.3508726899383984 0.04969325153374238 0.0559548254620123
1 0.06503067484662577 0.5300308008213552 0.04171779141104295 0.03952772073921973
0 0.15368098159509203 0.5474845995893224 0.03619631901840492 0.04568788501026688
1 0.5656441717791411 0.7225359342915811 0.04049079754601226 0.049794661190965095
1 0.3941717791411043 0.6955852156057495 0.030061349693251582 0.0420944558521561
0 0.4564417177914111 0.11344969199178645 0.03067484662576686 0.0646817248459959
