0 0.4726993865030675 0.7600102669404517 0.039877300613496924 0.04158110882956878
0 0.4386503067484663 0.5872689938398357 0.033128834355828196 0.028747433264887046
0 0.4420245398773006 0.3370123203285421 0.02883435582822086 0.03747433264887062
4 0.34202453987730064 0.3508726899383984 0.059509202453987775 0.03542094455852157
4 0.6622699386503068 0.21842915811088295 0.04723926380368104 0.049794661190965095
0 0.38588957055214723 0.5454312114989732 0.019631901840490795 0.033367556468172466
0 0.5809815950920245 0.25179671457905545 0.04049079754601226 0.029260780287474364
0 0.5969325153374234 0.1591375770020534 0.019631901840490795 0.030800821355236152
0 0.5932515337423313 0.06442505133470226 0.031901840490797584 0.029260780287474336
0 0.4892638036809816 0.5433778234086242 0.023926380368098132 0.029260780287474364
0 0.4720858895705522 0.3318788501026694 0.02760736196319019 0.03131416837782336
0 0.45950920245398774 0.9725359342915811 0.03926380368098159 0.02515400410677615
0 0.4733128834355828 0.9663757700205339 0.033742331288343586 0.029260780287474253
1 0.5996932515337423 0.6645277207392197 0.01901840490797546 0.029260780287474364
1 0.36073619631901843 0.3287987679671458 0.028220858895705525 0.029260780287474364
0 0.5266871165644171 0.6070328542094456 0.039877300613496924 0.03952772073921962
1 0.35521472392638037 0.5290041067761807 0.024539877300613466 0.04158110882956878
1 0.6355828220858896 0.1049794661190965 0.022085889570552242 0.03542094455852156
1 0.3585889570552147 0.05184804928131417 0.017791411042944794 0.02874743326488706
1 0.8337423312883435 0.6111396303901437 0.03803680981595092 0.031314168377823304
0 0.4233128834355828 0.6226899383983573 0.02822085889570547 0.028747433264887157
1 0.7733128834355829 0.6301334702258727 0.01901840490797546 0.027207392197125313
