0 0.24141104294478527 0.5787987679671458 0.030061349693251554 0.02515400410677615
1 0.23159509202453987 0.6183264887063655 0.022699386503067492 0.029260780287474364
1 0.22484662576687114 0.41427104722792607 0.025153374233128828 0.024640657084188944
0 0.3619631901840491 0.5664784394250513 0.03067484662576686 0.029260780287474364
0 0.5957055214723926 0.5038501026694044 0.022085889570552242 0.03747433264887057
0 0.1469325153374233 0.5839322381930185 0.022699386503067492 0.03542094455852152
1 0.401840490797546 0.705082135523614 0.020858895705521463 0.027207392197125202
1 0.49263803680981594 0.9206878850102669 0.02208588957055213 0.029260780287474364
4 0.34079754601226997 0.3488193018480493 0.059509202453987775 0.03542094455852157
4 0.6622699386503068 0.21637577002053388 0.044785276073619706 0.04568788501026694
0 0.6815950920245399 0.651694045174538 0.02208588957055213 0.04568788501026688
3 0.6012269938650308 0.07058521560574949 0.019631901840490795 0.029260780287474336
3 0.5107361963190185 0.6291067761806981 0.0251533742331288 0.029260780287474364
1 0.38926380368098157 0.37910677618069816 0.017791411042944738 0.03747433264887068
1 0.14079754601226993 0.42274127310061604 0.017791411042944794 0.02926078028747431
0 0.5107361963190185 0.9206878850102669 0.01901840490797546 0.029260780287474364
1 0.29417177914110426 0.25179671457905545 0.01656441717791407 0.029260780287474364
1 0.4834355828220859 0.696611909650924 0.020858895705521463 0.026694045174537995
0 0.4457055214723926 0.6393737166324436 0.025153374233128856 0.03747433264887057
