1 0.49049079754601227 0.6696611909650925 0.026380368098159468 0.027207392197125313
1 0.48865030674846627 0.686088295687885 0.0251533742331288 0.027207392197125202
0 0.8392638036809816 0.5926591375770021 0.03435582822085892 0.03542094455852163
0 0.36993865030674844 0.42376796714579057 0.029447852760736193 0.0231006160164271
1 0.2205521472392638 0.4486652977412731 0.03374233128834356 0.026694045174537995
1 0.1088957055214724 0.4602156057494866 0.02638036809815951 0.025154004106776207
0 0.595398773006135 0.09240246406570843 0.02515337423312891 0.04825462012320329
0 0.5760736196319018 0.20713552361396304 0.03558282208588959 0.031314168377823415
2 0.2935582822085889 0.5331108829568789 0.03742331288343553 0.04568788501026699
0 0.5782208588957055 0.3601129363449692 0.02638036809815958 0.04568788501026694
0 0.94079754601227 0.6029260780287474 0.03496932515337425 0.04774127310061593
0 0.4852760736196319 0.537217659137577 0.04049079754601226 0.03747433264887068
0 0.5352760736196319 0.5174537987679672 0.04601226993865026 0.03490759753593431
0 0.13282208588957056 0.5746919917864477 0.027607361963190163 0.03747433264887057
0 0.9671779141104295 0.5515913757700206 0.026380368098159468 0.03747433264887057
0 0.4496932515337423 0.4851129363449692 0.028220858895705525 0.02464065708418889
0 0.45582822085889574 0.39656057494866526 0.034355828220858864 0.03542094455852157
0 0.05368098159509203 0.5829055441478439 0.025153374233128842 0.029260780287474364
0 0.49693251533742333 0.9186344969199178 0.013496932515337401 0.033367556468172466
0 0.2837423312883436 0.5944558521560575 0.015337423312883403 0.022587268993839893
0 0.29570552147239265 0.5736652977412731 0.02208588957055213 0.027207392197125313
1 0.8085889570552147 0.5495379876796714 0.031901840490797584 0.04158110882956878
0 0.5846625766871165 0.5151437371663244 0.041717791411042926 0.03952772073921973
0 0.061349693251533735 0.5736652977412731 0.02331288343558282 0.0231006160164271
1 0.5294478527607362 0.6881416837782341 0.018404907975460127 0.04363449691991794
1 0.5239263803680982 0.8267453798767967 0.018404907975460127 0.02515400410677615
1 0.4638036809815951 0.17582135523613962 0.03067484662576686 0.027207392197125257
4 0.33865030674846625 0.34676591375770016 0.06134969325153372 0.03542094455852157
4 0.6634969325153375 0.2174024640657084 0.044785276073619706 0.0395277207392197
1 0.9843558282208589 0.6162731006160165 0.01901840490797546 0.029260780287474364
1 0.5496932515337423 0.694558521560575 0.02208588957055213 0.04825462012320325
