1 0.4512269938650307 0.2974845995893224 0.0251533742331288 0.02515400410677615
0 0.4561349693251534 0.12705338809034908 0.026380368098159523 0.03336755646817248
1 0.9754601226993864 0.6080595482546202 0.020858895705521463 0.02515400410677615
0 0.5865030674846625 0.6393737166324436 0.03190184049079747 0.029260780287474364
0 0.6239263803680981 0.6291067761806981 0.029447852760736137 0.033367556468172466
0 0.6515337423312884 0.6131930184804928 0.020858895705521463 0.027207392197125202
2 0.6659509202453988 0.5882956878850103 0.026380368098159468 0.030800821355236097
0 0.7469325153374233 0.5967659137577002 0.033742331288343586 0.03542094455852152
0 0.6788343558282208 0.5290041067761807 0.027607361963190136 0.03336755646817258
0 0.8294478527607362 0.5726386036960986 0.03435582822085892 0.033367556468172466
0 0.9052147239263804 0.5829055441478439 0.030061349693251582 0.033367556468172466
0 0.2815950920245399 0.5893223819301848 0.028220858895705525 0.03285420944558526
0 0.05736196319018405 0.5454312114989732 0.03496932515337423 0.033367556468172466
0 0.4601226993865031 0.785164271047228 0.029447852760736193 0.033367556468172466
0 0.4815950920245399 0.3529260780287474 0.030674846625766916 0.03952772073921973
0 0.582515337423313 0.40477412731006157 0.026380368098159468 0.03131416837782336
0 0.5739263803680982 0.29953798767967144 0.02638036809815958 0.03336755646817252
0 0.600920245398773 0.11421971252566734 0.0251533742331288 0.04158110882956878
0 0.5070552147239263 0.8329055441478439 0.026380368098159523 0.04158110882956878
0 0.19631901840490798 0.5726386036960986 0.029447852760736193 0.033367556468172466
0 0.39141104294478524 0.6111396303901437 0.024539877300613522 0.027207392197125202
0 0.4226993865030675 0.5551848049281314 0.029447852760736193 0.03542094455852152
0 0.056441717791411036 0.5726386036960985 0.03312883435582822 0.03747433264887068
0 0.45521472392638035 0.6455338809034907 0.02208588957055213 0.03747433264887068
1 0.40521472392638036 0.6999486652977412 0.0251533742331288 0.03747433264887068
0 0.4512269938650307 0.2974845995893224 0.0251533742331288 0.03747433264887068
0 0.13312883435582823 0.5485112936344969 0.033128834355828224 0.031314168377823415
1 0.057975460122699385 0.6237166324435318 0.01901840490797546 0.022587268993839782
1 0.08987730061349694 0.6080595482546202 0.016564417177914112 0.02104722792607805
1 0.07883435582822085 0.6049794661190965 0.016564417177914112 0.0231006160164271
1 0.09202453987730061 0.6226899383983573 0.012269938650306747 0.02053388090349073
0 0.41564417177914115 0.34573921971252564 0.026380368098159523 0.02926078028747431
1 0.06226993865030675 0.6070328542094456 0.01901840490797546 0.027207392197125313
1 0.49570552147239266 0.38116016427104726 0.01963190184049074 0.025154004106776207
1 0.5435582822085889 0.45405544147843946 0.020858895705521463 0.02926078028747431
1 0.3303680981595092 0.537217659137577 0.02760736196319019 0.03747433264887068
4 0.33773006134969324 0.34573921971252564 0.057055214723926384 0.03747433264887062
4 0.6641104294478528 0.2174024640657084 0.046012269938650374 0.0395277207392197
1 0.7177914110429449 0.4622689938398357 0.02822085889570547 0.033367556468172466
0 0.5386503067484663 0.6496406570841888 0.030674846625766916 0.033367556468172466
0 0.5294478527607362 0.6778747433264887 0.029447852760736137 0.031314168377823415
0 0.47883435582822087 0.6362936344969199 0.025153374233128856 0.03952772073921973
0 0.4457055214723926 0.5947125256673511 0.02760736196319019 0.03952772073921973
0 0.6404907975460123 0.5947125256673511 0.020858895705521463 0.031314168377823415
0 0.36779141104294477 0.6183264887063655 0.022699386503067465 0.02515400410677615
4 0.33159509202453985 0.3175051334702259 0.04969325153374232 0.039527720739219674
0 0.5684049079754601 0.35805954825462016 0.023926380368098132 0.03747433264887062
0 0.5837423312883436 0.2507700205338809 0.023926380368098132 0.03952772073921973
0 0.6092024539877301 0.23844969199178645 0.02208588957055213 0.04363449691991786
0 0.6171779141104294 0.030030800821355237 0.02944785276073625 0.047741273100616016
1 0.2935582822085889 0.6547741273100616 0.023926380368098188 0.031314168377823415
1 0.1414110429447853 0.6206365503080082 0.014110429447852763 0.02053388090349073
1 0.06380368098159508 0.6111396303901437 0.01104294478527608 0.018993839835729
1 0.11012269938650307 0.6049794661190965 0.01533742331288343 0.0231006160164271
1 0.5101226993865031 0.3821868583162218 0.023926380368098132 0.027207392197125257
1 0.12484662576687117 0.6226899383983573 0.014110429447852749 0.02053388090349073
1 0.07147239263803681 0.5998459958932238 0.01533742331288343 0.02104722792607805
1 0.13987730061349693 0.6029260780287474 0.013496932515337401 0.0231006160164271
1 0.10736196319018405 0.6237166324435318 0.014723926380368096 0.022587268993839782
1 0.12607361963190183 0.606006160164271 0.014110429447852763 0.021047227926077938
1 0.19693251533742331 0.47048254620123203 0.019631901840490795 0.029260780287474364
1 0.07208588957055215 0.6206365503080082 0.016564417177914098 0.02053388090349073
