0 0.2892638036809816 0.42068788501026694 0.026380368098159468 0.033367556468172466
0 0.9447852760736196 0.5726386036960985 0.03435582822085892 0.04158110882956878
0 0.593558282208589 0.5675051334702259 0.03742331288343559 0.03952772073921973
0 0.5852760736196319 0.3529260780287474 0.029447852760736137 0.051848049281314146
0 0.5423312883435583 0.32674537987679675 0.031901840490797584 0.03336755646817252
0 0.5865030674846625 0.26745379876796715 0.026993865030674802 0.03490759753593431
0 0.47515337423312887 0.5100102669404518 0.026380368098159523 0.049794661190965095
0 0.346319018404908 0.537217659137577 0.02883435582822086 0.029260780287474364
0 0.3843558282208589 0.6090862422997947 0.044785276073619595 0.031314168377823415
0 0.751840490797546 0.5736652977412731 0.03742331288343559 0.03952772073921973
0 0.749079754601227 0.6008726899383984 0.03435582822085892 0.04363449691991783
0 0.8276073619631902 0.5977926078028748 0.030674846625766916 0.03747433264887057
0 0.5423312883435583 0.6434804928131417 0.031901840490797584 0.03336755646817258
1 0.38558282208588956 0.6686344969199178 0.0251533742331288 0.03747433264887068
1 0.23435582822085887 0.5870123203285421 0.024539877300613494 0.03747433264887068
1 0.5282208588957056 0.6999486652977414 0.0233128834355828 0.029260780287474364
0 0.5490797546012269 0.7061088295687885 0.020858895705521463 0.03747433264887068
0 0.05245398773006135 0.5903490759753593 0.03865030674846626 0.04004106776180705
0 0.4628834355828221 0.1747946611909651 0.026380368098159523 0.033367556468172466
1 0.19263803680981595 0.6267967145790554 0.019631901840490795 0.028747433264887046
1 0.24325153374233127 0.6049794661190965 0.01533742331288343 0.0231006160164271
1 0.22883435582822087 0.6090862422997947 0.019631901840490795 0.027207392197125202
1 0.24079754601226994 0.6247433264887063 0.015337423312883458 0.024640657084188944
0 0.45858895705521474 0.6506673511293635 0.02883435582822086 0.04363449691991783
1 0.19815950920245398 0.603952772073922 0.019631901840490795 0.02515400410677615
1 0.5015337423312883 0.3103182751540041 0.015337423312883403 0.02515400410677615
1 0.5260736196319018 0.2630903490759754 0.01901840490797546 0.03542094455852157
4 0.3380368098159509 0.34573921971252564 0.06257668711656439 0.041581108829568836
4 0.6641104294478528 0.21637577002053388 0.046012269938650374 0.049794661190965095
1 0.5552147239263804 0.4684291581108829 0.024539877300613577 0.03747433264887062
4 0.33159509202453985 0.3175051334702259 0.04969325153374232 0.039527720739219674
0 0.07607361963190185 0.4111909650924025 0.028220858895705525 0.044147843942505094
1 0.03588957055214724 0.43506160164271046 0.016564417177914112 0.02515400410677615
1 0.02822085889570552 0.4165811088295688 0.02085889570552147 0.029260780287474364
1 0.9294478527607362 0.6247433264887063 0.018404907975460127 0.024640657084188944
3 0.5122699386503067 0.694558521560575 0.02822085889570547 0.05236139630390135
1 0.4607361963190184 0.837012320328542 0.028220858895705525 0.033367556468172466
1 0.2825153374233129 0.617299794661191 0.015337423312883403 0.0231006160164271
1 0.20736196319018405 0.6152464065708418 0.012269938650306733 0.018993839835728887
1 0.25736196319018406 0.6070328542094456 0.015337423312883458 0.018993839835728887
1 0.5233128834355829 0.3092915811088296 0.013496932515337456 0.027207392197125257
1 0.27208588957055213 0.6267967145790554 0.014110429447852735 0.020533880903490842
1 0.2168711656441718 0.603952772073922 0.01533742331288343 0.02104722792607805
1 0.27392638036809813 0.606006160164271 0.015337423312883403 0.021047227926077938
1 0.25245398773006134 0.6267967145790554 0.019018404907975434 0.020533880903490842
1 0.26625766871165646 0.6142197125256673 0.013496932515337401 0.02104722792607805
1 0.18711656441717792 0.401694045174538 0.019631901840490795 0.029260780287474364
1 0.21288343558282208 0.6257700205338809 0.014723926380368096 0.01848049281314168
