0 0.09907975460122699 0.43403490759753593 0.02392638036809816 0.0231006160164271
0 0.3254601226993865 0.41966119096509236 0.026380368098159523 0.027207392197125257
0 0.6144171779141104 0.07571868583162217 0.023926380368098243 0.039527720739219716
1 0.26993865030674846 0.4486652977412731 0.018404907975460127 0.026694045174537995
1 0.36073619631901843 0.6717145790554415 0.022085889570552186 0.027207392197125313
1 0.5337423312883436 0.6506673511293635 0.020858895705521463 0.018993839835729
1 0.7895705521472394 0.6226899383983573 0.020858895705521463 0.028747433264887157
1 0.639877300613497 0.6645277207392197 0.02208588957055213 0.033367556468172466
1 0.4386503067484663 0.800564681724846 0.019631901840490795 0.03542094455852152
0 0.4573619631901841 0.23639630390143737 0.015337423312883403 0.03542094455852157
0 0.5886503067484663 0.26745379876796715 0.027607361963190136 0.040041067761806964
0 0.5113496932515338 0.6237166324435319 0.026380368098159468 0.026694045174537995
0 0.5503067484662576 0.6955852156057495 0.020858895705521463 0.0503080082135523
0 0.21288343558282208 0.5787987679671458 0.029447852760736193 0.02515400410677615
0 0.4484662576687117 0.5423511293634498 0.019631901840490795 0.03542094455852152
0 0.31104294478527605 0.5798254620123203 0.03067484662576686 0.03952772073921973
0 0.44079754601226995 0.6142197125256674 0.026380368098159523 0.029260780287474364
1 0.33251533742331285 0.62782340862423 0.02085889570552152 0.026694045174537995
1 0.3803680981595092 0.6183264887063655 0.019631901840490795 0.02515400410677615
1 0.3696319018404908 0.625770020533881 0.015337423312883403 0.026694045174537995
1 0.3803680981595092 0.640400410677618 0.022085889570552186 0.027207392197125313
0 0.5052147239263803 0.7964579055441479 0.025153374233128856 0.047741273100616044
1 0.3322085889570552 0.6080595482546202 0.017791411042944738 0.02515400410677615
1 0.47607361963190187 0.12705338809034908 0.01963190184049085 0.03336755646817248
1 0.4880368098159509 0.0967659137577002 0.026380368098159523 0.031314168377823415
1 0.5260736196319018 0.38526694045174537 0.022699386503067465 0.02926078028747431
1 0.44079754601226995 0.7163757700205339 0.023926380368098132 0.03336755646817258
4 0.3386503067484663 0.3467659137577002 0.06380368098159511 0.03952772073921973
4 0.665644171779141 0.21842915811088295 0.049079754601227044 0.04568788501026694
1 0.253680981595092 0.5310574948665298 0.02760736196319019 0.02515400410677615
0 0.5509202453987729 0.6234599589322383 0.030674846625766805 0.03542094455852152
0 0.6276073619631901 0.6162731006160165 0.030674846625766805 0.029260780287474364
1 0.48650306748466254 0.15811088295687886 0.014723926380368069 0.024640657084188916
0 0.45061349693251534 0.15272073921971252 0.015337423312883458 0.027207392197125257
1 0.4067484662576687 0.6591375770020533 0.019631901840490795 0.026694045174537995
1 0.350920245398773 0.6121663244353184 0.01963190184049085 0.033367556468172466
1 0.4205521472392638 0.6362936344969199 0.01901840490797546 0.0231006160164271
1 0.3920245398773006 0.651694045174538 0.020858895705521463 0.02104722792607805
1 0.4058282208588957 0.6424537987679672 0.017791411042944794 0.027207392197125202
1 0.4677914110429448 0.7245893223819302 0.01901840490797546 0.02515400410677615
1 0.2441717791411043 0.42787474332648867 0.024539877300613522 0.027207392197125257
1 0.37116564417177916 0.6352669404517455 0.020858895705521463 0.033367556468172466
