1 0.6623737373737374 0.06953339432753888 0.01969696969696977 0.03110704483074108
1 0.223989898989899 0.3641354071363221 0.023737373737373724 0.04208600182982619
1 0.723989898989899 0.16102470265324792 0.03181818181818186 0.031107044830741087
1 0.271969696969697 0.7767612076852699 0.03080808080808084 0.05855443732845389
1 0.7186868686868686 0.042543458371454713 0.02929292929292926 0.039341262580054895
1 0.30959595959595965 0.3494967978042086 0.02525252525252525 0.04574565416285453
1 0.6628787878787878 0.11710887465690759 0.020707070707070674 0.027447392497712705
1 0.6621212121212121 0.15782250686184812 0.022222222222222143 0.03385178408051237
0 0.12424242424242425 0.9473924977127173 0.04848484848484849 0.057639524245196694
3 0.7482323232323231 0.03796889295516926 0.03888888888888886 0.0484903934126258
1 0.04015151515151515 0.9098810612991766 0.02777777777777778 0.03751143641354071
1 0.6810606060606061 0.14821591948764867 0.017676767676767624 0.04391582799634036
1 0.6810606060606061 0.11527904849039342 0.023737373737373724 0.034766697163769456
1 0.7386363636363636 0.13403476669716377 0.03080808080808084 0.039341262580054895
