1 0.6107361963190183 0.7589835728952772 0.01901840490797546 0.03952772073921973
0 0.4217791411042945 0.455082135523614 0.02760736196319019 0.039527720739219674
0 0.6012269938650308 0.056211498973305955 0.019631901840490795 0.03747433264887064
1 0.35644171779141104 0.41863449691991783 0.03312883435582825 0.02926078028747431
1 0.19539877300613498 0.47895277207392195 0.02760736196319019 0.0287474332648871
0 0.7524539877300613 0.5998459958932238 0.01901840490797546 0.029260780287474364
0 0.45245398773006135 0.7497433264887063 0.01901840490797546 0.029260780287474364
0 0.3015337423312884 0.5787987679671458 0.026380368098159523 0.029260780287474253
0 0.5800613496932515 0.39861396303901436 0.027607361963190247 0.03952772073921973
0 0.7279141104294479 0.5664784394250513 0.02638036809815958 0.029260780287474364
0 0.8969325153374234 0.5829055441478439 0.03312883435582825 0.029260780287474364
0 0.9880368098159509 0.5893223819301848 0.017791411042944794 0.03285420944558526
1 0.47883435582822087 0.6996919917864477 0.016564417177914126 0.016427104722792518
1 0.5101226993865031 0.6789014373716633 0.015337423312883458 0.016940451745379836
1 0.5046012269938651 0.6871149897330595 0.012883435582822123 0.02104722792607805
1 0.5101226993865031 0.7112422997946612 0.015337423312883458 0.018993839835728887
0 0.9579754601226994 0.5967659137577002 0.027607361963190247 0.031314168377823415
1 0.9490797546012271 0.5236139630390144 0.0233128834355828 0.022587268993839893
1 0.41226993865030676 0.6465605749486654 0.019631901840490795 0.027207392197125313
1 0.8067484662576687 0.5549281314168377 0.022085889570552242 0.030800821355236097
1 0.7392638036809815 0.6393737166324436 0.0233128834355828 0.03747433264887057
1 0.8503067484662576 0.6352669404517454 0.020858895705521463 0.029260780287474253
1 0.49233128834355827 0.7007186858316221 0.015337423312883458 0.022587268993839893
1 0.4647239263803681 0.6891683778234086 0.016564417177914126 0.029260780287474364
1 0.36165644171779143 0.6203798767967146 0.015337423312883403 0.03336755646817258
4 0.3386503067484663 0.34779260780287474 0.06380368098159511 0.03747433264887068
4 0.6650306748466257 0.21842915811088295 0.05521472392638038 0.04568788501026694
0 0.19969325153374234 0.5862422997946612 0.027607361963190163 0.026694045174537995
0 0.5987730061349693 0.5151437371663244 0.031901840490797584 0.03542094455852163
0 0.4423312883435583 0.5331108829568788 0.020858895705521463 0.04158110882956878
0 0.4199386503067485 0.4976899383983573 0.023926380368098188 0.03747433264887068
1 0.5398773006134969 0.7184291581108829 0.013496932515337345 0.02104722792607805
1 0.5046012269938651 0.7132956878850103 0.017791411042944794 0.018993839835729
1 0.5447852760736196 0.6840349075975359 0.018404907975460127 0.0231006160164271
1 0.5248466257668711 0.7153490759753593 0.01411042944785279 0.0231006160164271
1 0.49478527607361966 0.7163757700205339 0.015337423312883403 0.02104722792607805
1 0.5322085889570551 0.696611909650924 0.015337423312883458 0.022587268993839782
1 0.5552147239263803 0.705082135523614 0.01717791411042946 0.018993839835729
0 0.3941717791411043 0.606006160164271 0.033742331288343586 0.033367556468172466
0 0.45337423312883435 0.6383470225872689 0.031901840490797584 0.031314168377823415
0 0.499079754601227 0.6558008213552362 0.026380368098159523 0.029260780287474364
0 0.500920245398773 0.9486652977412731 0.02760736196319019 0.04825462012320336
0 0.501840490797546 0.8488193018480493 0.03190184049079753 0.03952772073921973
1 0.2177914110429448 0.4330082135523614 0.017177914110429432 0.025154004106776207
0 0.5760736196319018 0.45405544147843946 0.03312883435582825 0.02926078028747431
