3 0.45398773006134974 0.6226899383983573 0.03067484662576686 0.028747433264887157
3 0.398159509202454 0.5559548254620124 0.03067484662576686 0.028747433264887046
0 0.6414110429447852 0.5977926078028748 0.027607361963190136 0.033367556468172466
0 0.4717791411042945 0.901694045174538 0.02208588957055213 0.04568788501026688
3 0.48374233128834354 0.6486139630390144 0.017791411042944794 0.03542094455852152
3 0.47883435582822087 0.9350616016427105 0.025153374233128856 0.029260780287474253
0 0.49141104294478527 0.9653490759753593 0.019631901840490795 0.04363449691991783
0 0.7052147239263804 0.6247433264887063 0.022699386503067465 0.037987679671457886
2 0.6033742331288343 0.6655544147843943 0.026380368098159468 0.04363449691991783
1 0.606441717791411 0.7299794661190965 0.0251533742331288 0.04414784394250515
3 0.554601226993865 0.6434804928131417 0.02944785276073625 0.04568788501026688
1 0.4573619631901841 0.8672997946611909 0.026380368098159523 0.031314168377823415
1 0.6134969325153374 0.6891683778234086 0.013496932515337345 0.025154004106776262
1 0.6039877300613496 0.7091889117043122 0.016564417177914126 0.027207392197125313
1 0.606441717791411 0.672741273100616 0.016564417177914126 0.02104722792607805
1 0.5996932515337423 0.6925051334702259 0.01901840490797546 0.022587268993839893
1 0.5920245398773005 0.7102156057494866 0.018404907975460127 0.025154004106776262
1 0.5978527607361963 0.6819815195071868 0.02638036809815958 0.031314168377823415
1 0.6220858895705521 0.7143223819301848 0.011042944785276121 0.02515400410677615
1 0.6315950920245399 0.6912217659137576 0.016564417177914126 0.029260780287474364
1 0.6205521472392639 0.6747946611909651 0.016564417177914126 0.029260780287474253
1 0.6162576687116564 0.7435831622176592 0.01411042944785268 0.025154004106776262
1 0.599079754601227 0.6914784394250513 0.02638036809815958 0.020533880903490842
1 0.6322085889570552 0.7163757700205339 0.017791411042944794 0.02515400410677615
1 0.6315950920245399 0.660164271047228 0.0251533742331288 0.024640657084188944
2 0.8822085889570552 0.571611909650924 0.04049079754601226 0.031314168377823415
3 0.598159509202454 0.29953798767967144 0.030674846625766916 0.03336755646817252
3 0.5733128834355828 0.3318788501026694 0.027607361963190247 0.04363449691991789
0 0.38588957055214723 0.22381930184804927 0.03067484662576686 0.052361396303901436
1 0.12177914110429447 0.2790041067761807 0.025153374233128842 0.033367556468172466
0 0.30368098159509205 0.603952772073922 0.033128834355828196 0.04568788501026688
0 0.5116564417177913 0.8914271047227926 0.020858895705521463 0.04568788501026688
0 0.3039877300613497 0.5798254620123203 0.036196319018404866 0.027207392197125202
0 0.560122699386503 0.5882956878850103 0.031901840490797584 0.04004106776180694
0 0.5883435582822085 0.5038501026694044 0.030674846625766805 0.03747433264887057
1 0.17177914110429449 0.41863449691991783 0.041717791411042954 0.02926078028747431
1 0.18159509202453988 0.4309548254620123 0.019631901840490795 0.033367556468172466
0 0.256441717791411 0.5603182751540041 0.03067484662576686 0.029260780287474253
1 0.2622699386503068 0.5998459958932238 0.02760736196319019 0.033367556468172466
