1 0.501840490797546 0.7748973305954825 0.02085889570552152 0.03747433264887057
0 0.3033742331288344 0.4299281314168378 0.026380368098159523 0.03952772073921973
0 0.16932515337423315 0.6029260780287474 0.033128834355828224 0.03952772073921973
0 0.050920245398773004 0.5916324435318274 0.03312883435582822 0.033367556468172466
1 0.657361963190184 0.5464579055441479 0.02638036809815958 0.027207392197125202
4 0.33251533742331285 0.3287987679671458 0.05398773006134966 0.04158110882956878
4 0.6705521472392638 0.22150924024640656 0.04417177914110426 0.04363449691991786
4 0.3404907975460123 0.3549794661190965 0.06257668711656444 0.039527720739219674
1 0.47730061349693254 0.6727412731006159 0.019631901840490795 0.029260780287474364
1 0.5088957055214725 0.6383470225872689 0.015337423312883458 0.031314168377823415
1 0.512883435582822 0.653747433264887 0.020858895705521463 0.02515400410677615
1 0.5260736196319018 0.6352669404517454 0.016564417177914126 0.02515400410677615
1 0.5392638036809816 0.642453798767967 0.018404907975460127 0.031314168377823415
1 0.5447852760736196 0.6070328542094456 0.020858895705521463 0.027207392197125313
1 0.553680981595092 0.6206365503080082 0.016564417177914126 0.02053388090349073
1 0.5579754601226994 0.6332135523613963 0.01901840490797546 0.02515400410677615
1 0.5733128834355827 0.6142197125256673 0.01901840490797546 0.02515400410677615
0 0.4564417177914111 0.5331108829568789 0.03067484662576686 0.029260780287474364
0 0.9303680981595092 0.5947125256673511 0.03865030674846626 0.027207392197125202
1 0.7760736196319018 0.6445071868583162 0.01717791411042946 0.027207392197125202
1 0.7996932515337423 0.6404004106776181 0.01901840490797546 0.0231006160164271
1 0.582515337423313 0.6840349075975359 0.026380368098159468 0.03542094455852163
1 0.5386503067484663 0.773870636550308 0.024539877300613577 0.03952772073921973
1 0.5300613496932516 0.8893737166324436 0.02208588957055213 0.029260780287474364
1 0.49570552147239266 0.9632956878850103 0.01963190184049074 0.031314168377823415
1 0.37331288343558283 0.6819815195071869 0.022699386503067465 0.027207392197125202
0 0.4610429447852761 0.552618069815195 0.047239263803680986 0.03542094455852152
0 0.08312883435582823 0.5539014373716632 0.03865030674846626 0.0462012320328542
0 0.08466257668711658 0.5859856262833676 0.030674846625766874 0.031314168377823415
1 0.7975460122699387 0.6090862422997947 0.018404907975460127 0.027207392197125202
1 0.6748466257668713 0.6008726899383984 0.02208588957055213 0.027207392197125202
1 0.7386503067484662 0.6111396303901437 0.019631901840490795 0.0231006160164271
1 0.7567484662576687 0.617299794661191 0.016564417177914126 0.0231006160164271
0 0.40797546012269936 0.603952772073922 0.04171779141104298 0.03747433264887068
0 0.022699386503067482 0.6101129363449692 0.03435582822085889 0.03747433264887068
0 0.4392638036809816 0.4602156057494866 0.029447852760736193 0.04568788501026694
0 0.589877300613497 0.060318275154004106 0.0251533742331288 0.04158110882956878
1 0.6052147239263803 0.5977926078028748 0.022699386503067465 0.033367556468172466
1 0.5656441717791412 0.6029260780287474 0.020858895705521463 0.0231006160164271
1 0.6644171779141104 0.5675051334702259 0.0233128834355828 0.0231006160164271
1 0.7134969325153375 0.535164271047228 0.02208588957055213 0.029260780287474364
1 0.2088957055214724 0.5110369609856262 0.017791411042944766 0.027207392197125313
0 0.6033742331288343 0.7415297741273101 0.026380368098159468 0.03747433264887057
0 0.8751533742331288 0.5818788501026695 0.03742331288343548 0.03542094455852152
0 0.6039877300613496 0.5130903490759754 0.044785276073619706 0.03952772073921973
