0 0.3788343558282209 0.4371149897330595 0.036196319018404866 0.03747433264887062
0 0.9033742331288344 0.5736652977412731 0.04601226993865026 0.03952772073921973
0 0.6211656441717792 0.6455338809034907 0.026380368098159468 0.03747433264887068
1 0.4822085889570552 0.653747433264887 0.020858895705521463 0.02515400410677615
4 0.33251533742331285 0.3277720739219713 0.05398773006134966 0.039527720739219674
4 0.6705521472392638 0.22048254620123203 0.04417177914110426 0.04158110882956878
4 0.3404907975460123 0.35395277207392195 0.06257668711656444 0.04158110882956878
1 0.9355828220858895 0.6018993839835729 0.02208588957055213 0.029260780287474253
1 0.8585889570552148 0.6332135523613963 0.015337423312883458 0.02515400410677615
1 0.9184049079754601 0.6049794661190965 0.020858895705521463 0.0231006160164271
1 0.8941717791411044 0.6070328542094456 0.016564417177914126 0.018993839835728887
1 0.8874233128834357 0.625770020533881 0.016564417177914126 0.022587268993839893
1 0.9447852760736197 0.6247433264887063 0.020858895705521463 0.024640657084188944
0 0.6233128834355828 0.5279774127310062 0.02822085889570547 0.031314168377823415
0 0.5846625766871165 0.6624743326488707 0.030674846625766805 0.033367556468172466
0 0.4619631901840491 0.6881416837782341 0.030674846625766916 0.04363449691991794
0 0.45245398773006135 0.7330595482546202 0.027607361963190136 0.0462012320328542
0 0.49417177914110433 0.7384496919917864 0.033742331288343586 0.03952772073921973
1 0.48865030674846627 0.6686344969199178 0.022699386503067465 0.02515400410677615
1 0.5190184049079755 0.6332135523613962 0.022085889570552242 0.033367556468172466
0 0.5849693251533743 0.1280800821355236 0.023926380368098132 0.039527720739219716
1 0.23803680981595093 0.2456365503080082 0.023312883435582826 0.03747433264887062
0 0.09969325153374234 0.60805954825462 0.04478527607361964 0.03747433264887057
1 0.6036809815950921 0.030030800821355237 0.019631901840490795 0.03542094455852156
0 0.5475460122699387 0.3873203285420944 0.028834355828220803 0.04568788501026694
0 0.5273006134969325 0.877053388090349 0.0251533742331288 0.033367556468172466
1 0.36165644171779143 0.5444045174537988 0.026380368098159523 0.03952772073921973
1 0.8745398773006134 0.6172997946611909 0.016564417177914126 0.027207392197125313
1 0.5288343558282209 0.7630903490759753 0.02822085889570547 0.03542094455852152
0 0.5365030674846626 0.981006160164271 0.02638036809815958 0.028747433264887046
