1 0.8788343558282208 0.17890143737166325 0.0251533742331288 0.03747433264887065
0 0.36503067484662577 0.606006160164271 0.019631901840490795 0.025154004106776262
0 0.49969325153374233 0.8621663244353184 0.030061349693251582 0.033367556468172466
0 0.026687116564417177 0.6162731006160165 0.02392638036809816 0.033367556468172466
1 0.03098159509202454 0.6570841889117043 0.02392638036809816 0.026694045174537995
0 0.5748466257668712 0.5433778234086242 0.030674846625766916 0.029260780287474364
4 0.3343558282208589 0.32469199178644764 0.05276073619631905 0.033367556468172466
4 0.6699386503067485 0.22048254620123203 0.042944785276073594 0.033367556468172466
0 0.2920245398773006 0.6183264887063655 0.023312883435582854 0.04158110882956878
4 0.34355828220858897 0.3580595482546201 0.06503067484662578 0.033367556468172466
0 0.12515337423312883 0.6121663244353183 0.020858895705521463 0.029260780287474253
1 0.20122699386503068 0.50282340862423 0.02208588957055213 0.031314168377823415
0 0.4592024539877301 0.2933778234086242 0.025153374233128856 0.03747433264887068
1 0.4343558282208589 0.056211498973305955 0.024539877300613466 0.03747433264887064
1 0.43558282208588955 0.6686344969199178 0.02208588957055213 0.029260780287474364
0 0.47331288343558287 0.9520020533880904 0.030061349693251527 0.04158110882956889
0 0.47453987730061353 0.8934804928131417 0.025153374233128856 0.02515400410677615
0 0.8855828220858896 0.5977926078028748 0.02515337423312891 0.021047227926077938
0 0.4352760736196319 0.6352669404517454 0.017791411042944794 0.029260780287474253
0 0.5177914110429448 0.8747433264887063 0.024539877300613577 0.037987679671457886
0 0.5398773006134969 0.7820841889117043 0.019631901840490795 0.03542094455852152
0 0.4733128834355828 0.6840349075975359 0.01901840490797546 0.027207392197125202
0 0.5273006134969325 0.6789014373716633 0.0251533742331288 0.03747433264887057
0 0.46779141104294475 0.7995379876796715 0.025153374233128856 0.029260780287474364
0 0.44969325153374234 0.0893223819301848 0.02208588957055213 0.04209445585215606
0 0.4644171779141104 0.04132443531827515 0.029447852760736193 0.03336755646817248
0 0.5874233128834356 0.3164784394250514 0.0251533742331288 0.03747433264887062
0 0.606441717791411 0.2245893223819302 0.0251533742331288 0.029260780287474336
