1 0.8788343558282208 0.6280800821355237 0.022699386503067465 0.03542094455852152
1 0.9377300613496933 0.17787474332648873 0.03496932515337425 0.04363449691991786
0 0.6085889570552148 0.5485112936344969 0.0233128834355828 0.027207392197125202
0 0.650920245398773 0.5423511293634498 0.02208588957055213 0.031314168377823415
1 0.3880368098159509 0.36935318275154005 0.026380368098159523 0.03542094455852157
0 0.45337423312883435 0.1578542094455852 0.020858895705521463 0.03747433264887065
0 0.5852760736196319 0.5100102669404517 0.020858895705521463 0.03747433264887062
0 0.5883435582822085 0.4371149897330595 0.030674846625766805 0.03747433264887062
0 0.4506134969325153 0.6373203285420945 0.026380368098159523 0.033367556468172466
0 0.2901840490797546 0.5998459958932238 0.03067484662576686 0.029260780287474364
0 0.32883435582822085 0.6080595482546202 0.024539877300613466 0.02515400410677615
0 0.9052147239263804 0.5808521560574949 0.030061349693251582 0.029260780287474364
0 0.7871165644171779 0.5644250513347022 0.022085889570552242 0.02515400410677615
1 0.31717791411042945 0.5839322381930185 0.02944785276073625 0.027207392197125313
1 0.41073619631901837 0.6999486652977414 0.025153374233128856 0.029260780287474364
1 0.8766871165644172 0.5248973305954825 0.020858895705521463 0.025154004106776262
4 0.3355828220858896 0.32263860369609854 0.05276073619631905 0.03747433264887062
1 0.4901840490797546 0.16760780287474333 0.019631901840490795 0.031314168377823415
4 0.6705521472392638 0.21842915811088295 0.0503067484662576 0.03747433264887062
4 0.34202453987730064 0.356006160164271 0.06196319018404911 0.03747433264887062
0 0.951840490797546 0.5862422997946612 0.028834355828220803 0.026694045174537995
0 0.6914110429447853 0.5518480492813143 0.02822085889570558 0.028747433264887046
1 0.201840490797546 0.50282340862423 0.0233128834355828 0.03542094455852152
0 0.8518404907975461 0.5957392197125257 0.026380368098159468 0.029260780287474364
0 0.5739263803680981 0.24563655030800824 0.023926380368098132 0.03336755646817249
0 0.5981595092024541 0.1935318275154004 0.02208588957055213 0.028747433264887046
0 0.9134969325153375 0.6008726899383984 0.02208588957055213 0.03542094455852163
0 0.47883435582822087 0.9258213552361396 0.01901840490797546 0.03542094455852163
