1 0.5273006134969325 0.6611909650924024 0.027607361963190136 0.030800821355236097
0 0.7705521472392638 0.5947125256673511 0.03312883435582825 0.03542094455852163
1 0.39969325153374236 0.6611909650924025 0.02269938650306752 0.04414784394250515
0 0.18926380368098158 0.5767453798767967 0.03742331288343559 0.033367556468172466
1 0.6052147239263803 0.7050821355236139 0.01901840490797546 0.031314168377823415
0 0.8223926380368098 0.5967659137577002 0.026380368098159468 0.047741273100616044
0 0.8533742331288343 0.6049794661190966 0.03190184049079747 0.03542094455852152
1 0.6558282208588957 0.7466632443531827 0.020858895705521463 0.031314168377823415
0 0.6003067484662576 0.48305954825462016 0.028834355828220914 0.046201232032854256
0 0.9699386503067484 0.60805954825462 0.04049079754601226 0.03747433264887057
0 0.6420245398773006 0.5474845995893224 0.03742331288343559 0.03336755646817258
0 0.6957055214723926 0.5485112936344969 0.030674846625766916 0.027207392197125202
1 0.07116564417177915 0.6475872689938398 0.02085889570552147 0.029260780287474364
0 0.5947852760736196 0.6445071868583162 0.02638036809815958 0.03952772073921973
0 0.7797546012269938 0.5508213552361396 0.020858895705521463 0.022587268993839782
1 0.5156441717791411 0.4258213552361396 0.026380368098159468 0.031314168377823415
0 0.5404907975460123 0.6819815195071868 0.031901840490797584 0.031314168377823415
1 0.49079754601226994 0.44353182751540043 0.020858895705521463 0.0287474332648871
1 0.6199386503067486 0.4799794661190965 0.026380368098159468 0.030800821355236152
1 0.7300613496932515 0.5228439425051334 0.03312883435582825 0.029260780287474364
4 0.3355828220858896 0.32469199178644764 0.05276073619631905 0.03747433264887068
1 0.6542944785276074 0.3631930184804928 0.02638036809815958 0.03542094455852157
4 0.6699386503067484 0.2174024640657084 0.05153374233128838 0.04363449691991786
1 0.3825153374233129 0.6819815195071869 0.015337423312883458 0.0231006160164271
4 0.34355828220858897 0.356006160164271 0.06257668711656444 0.03747433264887062
0 0.7886503067484663 0.569558521560575 0.027607361963190247 0.0231006160164271
