0 0.11288343558282209 0.4299281314168378 0.031901840490797556 0.03542094455852152
1 0.578834355828221 0.15682751540041068 0.016564417177914126 0.031314168377823415
0 0.4665644171779141 0.46534907597535935 0.025153374233128856 0.03952772073921973
1 0.25920245398773006 0.2343429158110883 0.016564417177914126 0.031314168377823415
0 0.3254601226993865 0.6301334702258727 0.015337423312883458 0.031314168377823415
1 0.9714723926380369 0.6342402464065708 0.015337423312883458 0.031314168377823304
0 0.5858895705521472 0.23742299794661192 0.02208588957055213 0.04158110882956881
0 0.6116564417177914 0.22356262833675566 0.0233128834355828 0.047741273100616016
0 0.5929447852760736 0.1676078028747433 0.027607361963190247 0.047741273100616016
1 0.21012269938650308 0.50282340862423 0.02024539877300613 0.03542094455852152
1 0.5315950920245398 0.20508213552361396 0.01901840490797546 0.031314168377823415
1 0.39570552147239263 0.28516427104722797 0.02208588957055213 0.02926078028747431
1 0.38865030674846623 0.43506160164271046 0.01901840490797546 0.029260780287474364
1 0.757361963190184 0.6496406570841888 0.023926380368098132 0.029260780287474364
4 0.33496932515337424 0.32469199178644764 0.053987730061349715 0.03747433264887068
1 0.8711656441717792 0.49974332648870634 0.0233128834355828 0.02515400410677615
1 0.8720858895705521 0.6301334702258727 0.016564417177914126 0.031314168377823415
4 0.6690184049079755 0.2174024640657084 0.04723926380368093 0.0395277207392197
1 0.25460122699386506 0.24974332648870634 0.023312883435582826 0.029260780287474336
1 0.39631901840490796 0.6881416837782341 0.0233128834355828 0.03952772073921962
0 0.4570552147239264 0.10805954825462012 0.03190184049079753 0.03336755646817249
4 0.348159509202454 0.3549794661190965 0.055828220858895716 0.03542094455852157
