0 0.6165644171779141 0.6214065708418891 0.030674846625766916 0.03542094455852163
0 0.5904907975460123 0.4820328542094456 0.026380368098159468 0.026694045174537995
0 0.46503067484662575 0.7810574948665299 0.03067484662576686 0.033367556468172466
0 0.7404907975460122 0.6175564681724846 0.020858895705521463 0.052361396303901464
0 0.516564417177914 0.834958932238193 0.019631901840490795 0.033367556468172466
1 0.5929447852760736 0.7517967145790554 0.016564417177914126 0.029260780287474364
1 0.5404907975460123 0.6527207392197125 0.020858895705521463 0.031314168377823415
1 0.8067484662576687 0.09265913757700206 0.019631901840490795 0.0313141683778234
4 0.3337423312883436 0.3236652977412731 0.05644171779141105 0.03952772073921973
1 0.3920245398773006 0.5341375770020533 0.0233128834355828 0.03542094455852152
1 0.44263803680981595 0.22381930184804927 0.016564417177914126 0.018480492813141708
4 0.6684049079754601 0.21842915811088295 0.04355828220858893 0.03747433264887062
0 0.4634969325153374 0.3893737166324436 0.01901840490797546 0.03747433264887062
0 0.43374233128834355 0.5164271047227926 0.031901840490797584 0.0420944558521561
0 0.19846625766871165 0.60805954825462 0.02760736196319019 0.029260780287474364
1 0.5355828220858896 0.8308521560574949 0.02208588957055213 0.029260780287474364
1 0.4552147239263804 0.23742299794661192 0.024539877300613522 0.02515400410677618
1 0.38865030674846623 0.6922484599589322 0.025153374233128856 0.03542094455852163
4 0.345398773006135 0.35600616016427106 0.06134969325153372 0.033367556468172466
0 0.11380368098159509 0.6162731006160165 0.025153374233128828 0.021047227926077938
0 0.5349693251533743 0.785164271047228 0.020858895705521463 0.04158110882956878
1 0.2898773006134969 0.6496406570841889 0.016564417177914126 0.02515400410677615
0 0.3248466257668712 0.6280800821355236 0.025153374233128856 0.03952772073921973
