1 0.6603535353535354 0.06953339432753888 0.023737373737373835 0.03110704483074108
1 0.22272727272727272 0.3641354071363221 0.040404040404040414 0.062214089661482175
1 0.1361111111111111 0.9194876486733761 0.027777777777777776 0.027447392497712664
1 0.2547979797979798 0.9181152790484904 0.023737373737373724 0.03751143641354071
1 0.723989898989899 0.16102470265324792 0.03181818181818186 0.031107044830741087
1 0.5755050505050505 0.7296431838975297 0.028787878787878807 0.055809698078682524
1 0.31161616161616157 0.34537968892955173 0.043434343434343436 0.0795974382433669
1 0.6601010101010101 0.1161939615736505 0.018181818181818188 0.02927721866422689
1 0.6648989898989899 0.3494967978042086 0.02777777777777779 0.04940530649588287
1 0.6621212121212121 0.15690759377859104 0.022222222222222143 0.03568161024702654
1 0.12676767676767675 0.889295516925892 0.029292929292929287 0.032936870997255285
1 0.6833333333333333 0.14409881061299176 0.022222222222222143 0.03568161024702654
1 0.6818181818181819 0.1161939615736505 0.022222222222222254 0.03293687099725527
1 0.7401515151515152 0.12763037511436415 0.02777777777777779 0.04300091491308325
