1 0.651840490797546 0.04337782340862423 0.012883435582822012 0.03747433264887064
4 0.33987730061349697 0.32674537987679675 0.05276073619631899 0.03336755646817252
0 0.8595092024539877 0.5872689938398357 0.02208588957055213 0.028747433264887046
1 0.5760736196319018 0.7258726899383984 0.019631901840490795 0.022587268993839782
1 0.37607361963190183 0.2841375770020534 0.024539877300613466 0.03952772073921973
0 0.5358895705521471 0.8277720739219712 0.01901840490797546 0.031314168377823415
0 0.4803680981595092 0.8329055441478439 0.02208588957055213 0.029260780287474364
1 0.9024539877300612 0.4622689938398357 0.019631901840490795 0.029260780287474364
1 0.7641104294478527 0.6455338809034907 0.017791411042944794 0.02515400410677615
1 0.7720858895705522 0.6362936344969199 0.016564417177914126 0.027207392197125202
1 0.6800613496932515 0.23203285420944558 0.016564417177914126 0.01848049281314168
4 0.6717791411042945 0.2174024640657084 0.0503067484662576 0.047741273100616016
1 0.5699386503067485 0.7132956878850103 0.018404907975460127 0.0231006160164271
0 0.5607361963190184 0.6321868583162218 0.030674846625766916 0.0231006160164271
0 0.5800613496932515 0.37474332648870634 0.027607361963190247 0.0287474332648871
0 0.649079754601227 0.04235112936344969 0.0233128834355828 0.027207392197125254
0 0.5392638036809816 0.7748973305954825 0.020858895705521574 0.03747433264887057
1 0.6116564417177914 0.6665811088295688 0.0233128834355828 0.029260780287474253
1 0.6773006134969326 0.24563655030800818 0.02208588957055213 0.02104722792607802
1 0.38312883435582823 0.6968685831622177 0.0251533742331288 0.03542094455852163
4 0.345398773006135 0.35600616016427106 0.06134969325153372 0.033367556468172466
1 0.4401840490797546 0.6642710472279261 0.025153374233128856 0.024640657084188833
0 0.895398773006135 0.6111396303901437 0.027607361963190136 0.027207392197125202
0 0.4776073619631902 0.5290041067761807 0.025153374233128856 0.03336755646817258
0 0.6085889570552148 0.4820328542094456 0.029447852760736137 0.026694045174537995
0 0.6024539877300614 0.026950718685831623 0.024539877300613466 0.033367556468172486
1 0.19079754601226995 0.5613449691991786 0.018404907975460127 0.027207392197125202
0 0.5984662576687116 0.2374229979466119 0.027607361963190247 0.03747433264887062
