4 0.33865030674846625 0.32674537987679675 0.05521472392638038 0.03336755646817252
1 0.7742331288343558 0.6527207392197125 0.020858895705521463 0.027207392197125202
0 0.4012269938650307 0.5495379876796715 0.033128834355828196 0.033367556468172466
0 0.45858895705521474 0.09368583162217659 0.026380368098159523 0.029260780287474322
0 0.4214723926380368 0.660164271047228 0.020858895705521463 0.024640657084188944
0 0.5015337423312883 0.6434804928131417 0.015337423312883403 0.02515400410677615
1 0.8739263803680981 0.2330595482546201 0.023926380368098132 0.028747433264887073
1 0.4733128834355828 0.7163757700205339 0.016564417177914126 0.02515400410677615
1 0.5601226993865032 0.7643737166324436 0.018404907975460127 0.024640657084188944
1 0.561042944785276 0.7487166324435318 0.016564417177914126 0.027207392197125202
1 0.834355828220859 0.1101129363449692 0.019631901840490795 0.02104722792607802
1 0.13588957055214723 0.6665811088295688 0.016564417177914098 0.02515400410677615
4 0.6726993865030675 0.21637577002053388 0.0484662576687116 0.04568788501026694
1 0.7662576687116565 0.6373203285420944 0.019631901840490795 0.02104722792607805
0 0.5690184049079754 0.3339322381930185 0.0251533742331288 0.031314168377823415
0 0.33159509202453985 0.6214065708418892 0.02760736196319019 0.031314168377823415
0 0.6024539877300614 0.32263860369609854 0.024539877300613466 0.02926078028747431
0 0.5046012269938651 0.6591375770020533 0.017791411042944794 0.022587268993839893
1 0.6122699386503068 0.4412217659137577 0.024539877300613466 0.02926078028747431
1 0.4929447852760736 0.7153490759753593 0.016564417177914126 0.027207392197125202
0 0.45582822085889574 0.21329568788501027 0.023312883435582854 0.031314168377823415
0 0.4223926380368098 0.6234599589322383 0.026380368098159468 0.03542094455852152
1 0.8337423312883436 0.1570841889117043 0.018404907975460127 0.022587268993839837
1 0.38374233128834356 0.7020020533880904 0.023926380368098132 0.033367556468172466
4 0.3460122699386503 0.3601129363449692 0.06257668711656439 0.04158110882956878
1 0.9760736196319018 0.6070328542094456 0.019631901840490795 0.027207392197125313
1 0.4794478527607362 0.7268993839835729 0.015337423312883458 0.02053388090349073
0 0.38865030674846623 0.44019507186858314 0.02760736196319019 0.031314168377823415
1 0.4705521472392638 0.7279260780287475 0.019631901840490795 0.026694045174537995
0 0.47607361963190187 0.263347022587269 0.022085889570552186 0.026694045174537995
0 0.07760736196319018 0.5882956878850103 0.027607361963190177 0.026694045174537995
0 0.45245398773006135 0.41016427104722797 0.0251533742331288 0.02464065708418889
