0 0.4684049079754601 0.653747433264887 0.02883435582822086 0.03747433264887068
4 0.33865030674846625 0.3267453798767967 0.05276073619631905 0.04158110882956878
1 0.6260736196319019 0.765400410677618 0.022699386503067465 0.030800821355236097
0 0.6558282208588957 0.6809548254620124 0.018404907975460127 0.033367556468172466
0 0.6978527607361964 0.6352669404517454 0.026380368098159468 0.03747433264887068
0 0.07791411042944785 0.44763860369609854 0.020858895705521477 0.04209445585215604
1 0.7530674846625767 0.653747433264887 0.017791411042944794 0.02515400410677615
5 0.6748466257668712 0.2245893223819302 0.0503067484662576 0.03747433264887062
4 0.3291411042944785 0.5675051334702259 0.047239263803680986 0.03542094455852152
1 0.5865030674846625 0.3370123203285421 0.014723926380368124 0.03336755646817252
0 0.3322085889570552 0.6226899383983573 0.017791411042944738 0.028747433264887157
0 0.5969325153374233 0.45713552361396304 0.041717791411042926 0.03542094455852152
0 0.05644171779141104 0.6172997946611909 0.022085889570552145 0.031314168377823415
0 0.100920245398773 0.6321868583162218 0.025153374233128828 0.027207392197125202
0 0.5760736196319018 0.1696611909650924 0.019631901840490795 0.035420944558521544
1 0.7003067484662577 0.6809548254620124 0.017791411042944794 0.02104722792607805
4 0.5475460122699386 0.6663244353182751 0.07668711656441718 0.05030800821355241
1 0.7144171779141104 0.1809548254620123 0.015337423312883458 0.02515400410677618
0 0.4162576687116564 0.6496406570841889 0.016564417177914126 0.02515400410677615
0 0.762883435582822 0.5603182751540041 0.02024539877300613 0.033367556468172466
0 0.4414110429447853 0.5331108829568789 0.0251533742331288 0.033367556468172466
0 0.449079754601227 0.47664271047227924 0.020858895705521463 0.02926078028747431
0 0.41226993865030676 0.5497946611909651 0.019631901840490795 0.024640657084188833
1 0.38588957055214723 0.7102156057494866 0.028220858895705525 0.025154004106776262
0 0.1579754601226994 0.6203798767967146 0.03619631901840492 0.03336755646817258
4 0.34202453987730064 0.3570328542094456 0.06196319018404911 0.03542094455852152
0 0.6067484662576688 0.25282340862423 0.03312883435582814 0.04363449691991783
1 0.7168711656441717 0.21637577002053388 0.015337423312883458 0.02515400410677618
0 0.39355828220858896 0.43711498973305957 0.03496932515337425 0.04158110882956878
