1 0.584355828220859 0.7538501026694044 0.01411042944785279 0.029260780287474364
0 0.4699386503067485 0.24871663244353182 0.020858895705521463 0.047741273100616016
0 0.7524539877300613 0.5592915811088295 0.027607361963190247 0.03542094455852152
4 0.3392638036809816 0.3287987679671458 0.053987730061349715 0.033367556468172466
1 0.2865030674846626 0.24871663244353182 0.020858895705521463 0.027207392197125285
0 0.5886503067484663 0.2620636550308008 0.022699386503067465 0.033367556468172466
1 0.5371165644171778 0.7538501026694046 0.01901840490797546 0.02515400410677615
1 0.6039877300613496 0.37577002053388087 0.01411042944785279 0.030800821355236152
0 0.6003067484662576 0.6226899383983573 0.026380368098159468 0.028747433264887157
0 0.6144171779141104 0.6434804928131417 0.023926380368098243 0.03336755646817258
0 0.6024539877300614 0.2759240246406571 0.02208588957055213 0.03952772073921973
3 0.3592024539877301 0.6581108829568789 0.02760736196319019 0.028747433264887046
0 0.3803680981595092 0.6414271047227926 0.03067484662576686 0.029260780287474364
1 0.5773006134969325 0.7705338809034907 0.019631901840490795 0.02053388090349073
1 0.5760736196319018 0.7351129363449692 0.01104294478527601 0.02053388090349073
1 0.611963190184049 0.7194558521560575 0.016564417177914126 0.0231006160164271
1 0.31717791411042945 0.2790041067761807 0.012269938650306789 0.02104722792607805
1 0.30736196319018405 0.26745379876796715 0.014723926380368124 0.01848049281314168
0 0.501840490797546 0.4853696098562628 0.03190184049079753 0.033367556468172466
4 0.34294478527607364 0.3642197125256673 0.05276073619631899 0.03336755646817252
1 0.08251533742331288 0.4432751540041068 0.02638036809815951 0.03747433264887068
0 0.6052147239263803 0.1183264887063655 0.03006134969325147 0.025154004106776193
1 0.12392638036809817 0.6717145790554415 0.018404907975460127 0.03542094455852152
1 0.5294478527607362 0.9217145790554415 0.020858895705521463 0.027207392197125313
0 0.49263803680981594 0.6840349075975359 0.02208588957055213 0.031314168377823304
0 0.5322085889570553 0.660164271047228 0.03496932515337425 0.028747433264887046
0 0.9371165644171779 0.5882956878850103 0.03865030674846626 0.04004106776180694
1 0.6113496932515337 0.37782340862423003 0.017791411042944794 0.022587268993839837
1 0.35521472392638037 0.27053388090349073 0.019631901840490795 0.02464065708418889
1 0.7699386503067485 0.6506673511293635 0.018404907975460127 0.027207392197125202
1 0.5858895705521472 0.7361396303901437 0.013496932515337456 0.022587268993839782
0 0.396319018404908 0.44224845995893225 0.029447852760736193 0.03542094455852157
4 0.6782208588957055 0.2194558521560575 0.04846625766871171 0.04363449691991786
0 0.5144171779141105 0.7538501026694046 0.015337423312883458 0.02515400410677615
