5 0.26614620298083747 0.2870563674321503 0.0553584102200142 0.029227557411273475
0 0.5621007806955287 0.2518267223382046 0.022711142654364802 0.028705636743215024
0 0.3644428672817601 0.3507306889352818 0.026259758694109292 0.048016701461377875
0 0.4024130589070263 0.7082463465553236 0.03548616039744501 0.06263048016701456
1 0.9488999290276792 0.49347599164926936 0.03690560681334276 0.03288100208768269
5 0.26827537260468415 0.3152400835073069 0.05393896380411639 0.031315240083507334
2 0.5745209368346345 0.11116910229645094 0.016323633782824643 0.02713987473903967
0 0.36905606813342795 0.3089770354906054 0.025550035486160416 0.031315240083507334
1 0.839957416607523 0.2539144050104384 0.02200141944641587 0.037056367432150294
0 0.45315826827537264 0.8987473903966596 0.023420865862313678 0.04801670146137782
0 0.3665720369056068 0.6080375782881002 0.03335699077359833 0.05427974947807934
0 0.5308729595457771 0.4718162839248434 0.04258339247693399 0.048016701461377875
0 0.47161107168204397 0.6654488517745303 0.036195883605393886 0.04801670146137793
1 0.20830376153300212 0.3872651356993737 0.030518097941802685 0.04592901878914407
0 0.41767210787792763 0.2849686847599165 0.03335699077359827 0.050104384133611735
1 0.3080198722498226 0.3173277661795407 0.019872249822569188 0.031315240083507334
0 0.734208658623137 0.48930062630480164 0.04471256210078067 0.03288100208768263
1 0.7618878637331441 0.47494780793319413 0.030518097941802713 0.037578288100208745
0 0.015259048970901348 0.5028705636743216 0.030518097941802696 0.039144050104384154
5 0.29063165365507454 0.2643528183716075 0.07026259758694109 0.0579331941544885
0 0.3736692689850958 0.3872651356993737 0.029098651525904906 0.04175365344467641
1 0.5017743080198722 0.6518789144050103 0.015613910574875767 0.04175365344467641
1 0.5198722498225692 0.6539665970772442 0.02058197303051812 0.03340292275574108
1 0.30056777856635913 0.33402922755741127 0.02058197303051812 0.02713987473903967
4 0.4900638750887154 0.13517745302713988 0.04471256210078067 0.0918580375782881
1 0.32753726046841736 0.6633611691022965 0.016323633782824698 0.035490605427975
