5 0.26437189496096525 0.2870563674321503 0.05180979418026971 0.029227557411273475
0 0.40170333569907735 0.35386221294363257 0.04258339247693399 0.07098121085594988
5 0.26827537260468415 0.3152400835073069 0.05393896380411639 0.031315240083507334
1 0.8484740951029099 0.2312108559498956 0.02200141944641587 0.03757828810020877
0 0.947125621007807 0.5474947807933195 0.039034776437189445 0.045929018789144016
1 0.2004968062455642 0.394572025052192 0.03193754435770049 0.048016701461377875
1 0.19268985095812635 0.6320459290187892 0.0220014194464159 0.039665970772442605
0 0.4056068133427963 0.28183716075156573 0.03477643718949608 0.04384133611691027
0 0.6050390347764372 0.48616910229645094 0.04187366926898506 0.0391440501043841
0 0.6919801277501775 0.4955636743215031 0.045422285308729604 0.04123173277661796
0 0.3594748048261178 0.5694154488517745 0.03335699077359833 0.035490605427974886
0 0.5652945351312988 0.430062630480167 0.03477643718949608 0.04384133611691021
5 0.22924059616749465 0.4893006263048017 0.06813342796309438 0.06628392484342382
0 0.723207948899929 0.5621085594989561 0.04116394606103624 0.04175365344467641
0 0.8037615330021292 0.5454070981210857 0.03619588360539394 0.04175365344467641
0 0.3942512420156139 0.4665970772442589 0.04755145493257629 0.05010438413361168
0 0.41341376863023416 0.030793319415448852 0.0390347764371895 0.04175365344467641
1 0.5060326472675656 0.6560542797494782 0.015613910574875767 0.04175365344467641
1 0.5234208658623136 0.656054279749478 0.019162526614620368 0.03340292275574108
1 0.09687721788502485 0.40501043841336115 0.039034776437189486 0.04384133611691021
4 0.4900638750887154 0.13517745302713988 0.04471256210078067 0.0918580375782881
1 0.3339247693399574 0.6644050104384134 0.031937544357700465 0.0375782881002088
