1 0.752306600425834 0.47286012526096033 0.019872249822569188 0.020876826722338204
1 0.7647267565649396 0.49138830897703545 0.019162526614620368 0.020354906054279753
1 0.12029808374733854 0.3851774530271399 0.0220014194464159 0.025052192066805812
1 0.503903477643719 0.6508350730688935 0.014194464158978015 0.018789144050104456
1 0.5163236337828248 0.657098121085595 0.019162526614620368 0.02713987473903967
0 0.6554293825408091 0.610125260960334 0.024840312278211485 0.025052192066805867
0 0.3772178850248403 0.3496868475991649 0.024840312278211485 0.037578288100208745
0 0.3772178850248403 0.6059498956158664 0.024840312278211485 0.0375782881002088
0 0.3814762242725337 0.4592901878914405 0.03335699077359827 0.03131524008350728
0 0.8413768630234209 0.5193110647181628 0.030518097941802713 0.02713987473903967
1 0.8587650816181689 0.22390396659707723 0.015613910574875822 0.022964509394572036
4 0.38999290276792054 0.8298538622129437 0.030518097941802658 0.04384133611691021
1 0.08977998580553584 0.4144050104384134 0.0248403122782115 0.029227557411273475
4 0.2675656493967353 0.28914405010438415 0.04968062455642297 0.03340292275574114
4 0.26650106458481193 0.31941544885177453 0.04755145493257629 0.035490605427975
4 0.4893541518807665 0.13517745302713988 0.04613200851667848 0.0918580375782881
1 0.3161816891412349 0.6539665970772442 0.013484740951029084 0.02087682672233826
