1 0.5511000709723208 0.42484342379958245 0.02200141944641587 0.025052192066805867
1 0.5461320085166785 0.44676409185803756 0.026259758694109236 0.031315240083507334
0 0.02235628105039035 0.5339248434237995 0.0404542228530873 0.039665970772442605
0 0.5024840312278211 0.6403966597077244 0.01703335699077363 0.035490605427974886
1 0.9141234918381831 0.4102296450939457 0.02129169623846705 0.029227557411273475
0 0.02519517388218595 0.49034446764091855 0.0262597586941093 0.026617954070981165
0 0.2036905606813343 0.49034446764091855 0.019872249822569188 0.030793319415448828
4 0.3914123491838183 0.8298538622129437 0.036195883605393886 0.039665970772442605
0 0.7885024840312278 0.5485386221294364 0.02838892831795603 0.02713987473903956
1 0.11745919091554294 0.4102296450939457 0.024840312278211485 0.03340292275574108
4 0.26614620298083747 0.2860125260960334 0.052519517388218584 0.02713987473903967
4 0.2668559261887864 0.31837160751565763 0.05393896380411639 0.03340292275574114
1 0.9183818310858765 0.4091858037578288 0.018452803406671436 0.02713987473903967
4 0.49077359829666434 0.13413361169102295 0.048970901348474094 0.08141962421711899
0 0.41767210787792763 0.2072025052192067 0.02484031227821154 0.031315240083507306
0 0.3339247693399574 0.4551148225469729 0.03477643718949608 0.031315240083507334
0 0.9336408800567779 0.4986951983298539 0.02909865152590496 0.02661795407098122
0 0.5031937544357701 0.6518789144050104 0.02413058907026261 0.03340292275574108
1 0.20404542228530875 0.576722338204593 0.0220014194464159 0.025052192066805756
1 0.42547906316536555 0.7124217118997912 0.026259758694109292 0.029227557411273475
1 0.36018452803406675 0.680062630480167 0.023420865862313678 0.03131524008350728
1 0.31050390347764373 0.21764091858037576 0.024840312278211485 0.03966597077244258
0 0.4031227821149752 0.015135699373695199 0.02413058907026261 0.018789144050104387
