3 0.30198722498225694 0.6310020876826723 0.034776437189496134 0.045929018789144016
1 0.30376153300212916 0.3528183716075156 0.017033356990773574 0.022964509394572008
1 0.31689141234918383 0.37160751565762007 0.014904187366926891 0.022964509394572008
0 0.8087295954577715 0.5401878914405011 0.031937544357700576 0.03131524008350728
4 0.4900638750887154 0.13622129436325678 0.04755145493257623 0.08977035490605427
1 0.31192334989354153 0.6518789144050104 0.024840312278211485 0.03340292275574108
0 0.08339247693399574 0.4934759916492693 0.03477643718949609 0.020354906054279698
0 0.28708303761533005 0.49034446764091855 0.030518097941802658 0.022442588726513557
0 0.11426543647977289 0.40709812108559496 0.024130589070262595 0.022964509394572008
0 0.8030518097941803 0.56419624217119 0.026259758694109236 0.029227557411273475
0 0.3268275372604684 0.6393528183716075 0.03477643718949608 0.025052192066805867
1 0.13555713271823988 0.4686847599164927 0.014194464158978015 0.020876826722338204
5 0.2654364797728886 0.3173277661795407 0.062455642299503206 0.03549060542797494
5 0.2654364797728886 0.29018789144050106 0.05961674946770759 0.039665970772442605
3 0.3885734563520227 0.826722338204593 0.0390347764371895 0.05427974947807923
1 0.3608942512420156 0.6769311064718163 0.019162526614620312 0.029227557411273475
3 0.3765081618168914 0.6852818371607516 0.026259758694109292 0.050104384133611624
0 0.41625266146202977 0.075678496868476 0.013484740951029084 0.022964509394572022
0 0.24804826117814052 0.5621085594989561 0.03335699077359827 0.029227557411273586
1 0.5379701916252662 0.3956158663883089 0.018452803406671325 0.020876826722338204
0 0.5872959545777148 0.576722338204593 0.03335699077359833 0.029227557411273586
0 0.4772888573456352 0.47703549060542794 0.03335699077359833 0.025052192066805812
0 0.4183818310858765 0.6790187891440501 0.02058197303051812 0.025052192066805867
1 0.177430801987225 0.5422755741127349 0.022711142654364774 0.022964509394572064
