1 0.23385379701916253 0.5798538622129437 0.02058197303051809 0.018789144050104345
3 0.2991483321504613 0.634133611691023 0.03761533002129169 0.04384133611691021
1 0.4829666430092264 0.8277661795407099 0.013484740951029084 0.022964509394571953
0 0.5830376153300213 0.1278705636743215 0.04187366926898517 0.043841336116910226
1 0.12455642299503193 0.40187891440501045 0.0220014194464159 0.025052192066805867
1 0.008161816891412349 0.3517745302713987 0.016323633782824698 0.037578288100208745
1 0.014194464158977998 0.3736951983298539 0.021291696238467 0.022964509394572008
1 0.8406671398154719 0.48329853862212946 0.020581973030518008 0.02922755741127353
1 0.6302342086586232 0.03705636743215031 0.02838892831795603 0.037578288100208766
0 0.4517388218594748 0.8611691022964509 0.023420865862313678 0.03131524008350728
1 0.3239886444286728 0.3799582463465553 0.026259758694109292 0.03549060542797494
1 0.48580553584102204 0.9853862212943633 0.016323633782824698 0.02087682672233826
4 0.4886444286728176 0.1383089770354906 0.053229240596167515 0.08977035490605428
4 0.26614620298083747 0.2849686847599165 0.058197303051809784 0.0375782881002088
4 0.2654364797728886 0.31837160751565763 0.05677785663591198 0.0375782881002088
1 0.3161816891412349 0.6466597077244258 0.022001419446415926 0.03131524008350739
1 0.24556422995031935 0.5673277661795407 0.022711142654364774 0.022964509394572064
1 0.33853797019162524 0.6320459290187892 0.022711142654364747 0.03131524008350739
1 0.7906316536550745 0.5819415448851775 0.015613910574875822 0.018789144050104456
1 0.3601845280340667 0.6790187891440501 0.017743080198722505 0.029227557411273475
3 0.3757984386089425 0.6842379958246347 0.0276792051100071 0.04384133611691021
