1 0.48864442867281765 0.6111691022964509 0.016323633782824698 0.018789144050104456
0 0.4134137686302342 0.2507828810020877 0.0276792051100071 0.039144050104384126
0 0.41554293825408095 0.11325678496868477 0.026259758694109292 0.035490605427974956
1 0.3126330731014904 0.5060020876826723 0.02058197303051812 0.03288100208768274
3 0.29985805535841026 0.6351774530271399 0.036195883605393886 0.04175365344467641
1 0.4538679914833215 0.837160751565762 0.030518097941802713 0.04175365344467641
2 0.5684882895670689 0.36743215031315235 0.02129169623846705 0.048016701461377875
0 0.18062455642299502 0.49765135699373697 0.02909865152590488 0.0412317327766179
0 0.6163946061036196 0.4934759916492693 0.03619588360539383 0.03705636743215035
2 0.3715400993612491 0.5454070981210857 0.03335699077359827 0.0375782881002088
1 0.4517388218594748 0.9791231732776617 0.020581973030518064 0.03340292275574119
4 0.4900638750887154 0.13413361169102295 0.04471256210078067 0.09394572025052192
4 0.26614620298083747 0.2870563674321503 0.058197303051809784 0.04175365344467641
4 0.2668559261887864 0.3173277661795407 0.05961674946770759 0.039665970772442605
1 0.3176011355571327 0.6320459290187892 0.0276792051100071 0.03131524008350739
1 0.315471965933286 0.6529227557411273 0.023420865862313733 0.02713987473903967
1 0.47657913413768627 0.6069937369519833 0.026259758694109292 0.02713987473903967
1 0.15720369056068134 0.35386221294363257 0.029098651525904906 0.0375782881002088
0 0.42760823278921223 0.46450939457202506 0.04471256210078073 0.045929018789144016
1 0.4872249822569198 0.9373695198329854 0.02200141944641587 0.03340292275574119
1 0.3594748048261178 0.680062630480167 0.019162526614620312 0.02713987473903967
3 0.3765081618168914 0.6852818371607516 0.029098651525904906 0.04175365344467641
0 0.3183108587650816 0.33611691022964507 0.034776437189496134 0.03966597077244255
3 0.3885734563520227 0.8277661795407099 0.0390347764371895 0.05219206680584543
