0 0.18630234208658625 0.4986951983298539 0.043293115684882894 0.030793319415448828
1 0.6898509581263308 0.5934237995824635 0.025550035486160305 0.03340292275574108
0 0.5454222853087296 0.4697286012526096 0.030518097941802713 0.04384133611691027
0 0.4105748757984386 0.9853862212943633 0.03335699077359833 0.025052192066805867
1 0.46699787083037614 0.8402922755741127 0.021291696238466995 0.035490605427975
1 0.2856635911994322 0.16022964509394572 0.030518097941802658 0.03340292275574114
0 0.4304471256210078 0.7061586638830897 0.0276792051100071 0.045929018789144016
0 0.258694109297374 0.4913883089770355 0.031937544357700465 0.04123173277661796
0 0.4070262597586941 0.6863256784968685 0.023420865862313733 0.035490605427975
1 0.34457061745919093 0.2539144050104384 0.023420865862313678 0.03288100208768269
0 0.37792760823278926 0.40605427974947805 0.026259758694109292 0.04592901878914407
0 0.40383250532292403 0.24660751565762004 0.02555003548616036 0.047494780793319424
0 0.4056068133427963 0.35281837160751567 0.03477643718949608 0.056367432150313146
0 0.41554293825408095 0.08924843423799583 0.029098651525904906 0.03757828810020876
0 0.33321504613200853 0.4373695198329854 0.030518097941802713 0.05845511482254695
3 0.30056777856635913 0.6351774530271399 0.03477643718949608 0.045929018789144016
5 0.2640170333569908 0.29331941544885176 0.05961674946770759 0.04175365344467641
5 0.2675656493967353 0.31941544885177453 0.06671398154719657 0.04801670146137782
1 0.4751596877217885 0.8277661795407099 0.023420865862313678 0.03131524008350739
1 0.4723207948899929 0.767223382045929 0.023420865862313733 0.02713987473903967
0 0.414833215046132 0.014352818371607515 0.030518097941802713 0.02870563674321503
1 0.46699787083037614 0.6946764091858038 0.021291696238466995 0.03131524008350728
0 0.6518807665010646 0.4945198329853862 0.04045422285308731 0.04331941544885176
1 0.48935415188076653 0.9373695198329854 0.023420865862313733 0.03340292275574119
1 0.5993612491128459 0.6988517745302714 0.0276792051100071 0.035490605427975
1 0.3587650816181689 0.6790187891440501 0.020581973030518064 0.029227557411273475
3 0.3757984386089425 0.6852818371607516 0.030518097941802713 0.04175365344467641
1 0.312278211497516 0.6539665970772442 0.019872249822569243 0.029227557411273475
0 0.4552874378992193 0.6059498956158664 0.02484031227821154 0.03340292275574119
3 0.3878637331440738 0.8277661795407099 0.03761533002129169 0.04801670146137782
1 0.585166784953868 0.6278705636743215 0.02058197303051812 0.022964509394572064
