0 0.2391767210787793 0.5485386221294364 0.04258339247693402 0.035490605427975
1 0.9549325762952448 0.47286012526096033 0.0276792051100071 0.03340292275574108
0 0.4098651525904897 0.16127348643006262 0.029098651525904906 0.04384133611691024
1 0.4829666430092264 0.8277661795407099 0.030518097941802658 0.03131524008350739
0 0.4134137686302342 0.08089770354906053 0.0276792051100071 0.02922755741127349
1 0.8566359119943223 0.4812108559498956 0.022711142654364802 0.029227557411273475
1 0.29418026969481903 0.35177453027139877 0.03335699077359833 0.029227557411273475
1 0.507097232079489 0.6905010438413361 0.020581973030518064 0.035490605427975
4 0.4893541518807665 0.13308977035490605 0.04613200851667848 0.0835073068893528
4 0.2689850958126331 0.28601252609603345 0.0553584102200142 0.022964509394572008
4 0.2704045422285309 0.3152400835073069 0.05251951738821861 0.022964509394572008
0 0.40454222853087296 0.6049060542797495 0.02129169623846705 0.039665970772442605
1 0.22249822569198013 0.48930062630480164 0.03193754435770049 0.028705636743215024
0 0.5975869410929737 0.6852818371607516 0.029808374733853782 0.04175365344467641
0 0.8917672107877928 0.5579331941544885 0.03477643718949608 0.0375782881002088
1 0.47374024130589065 0.9331941544885177 0.026259758694109292 0.03340292275574108
1 0.4843860894251242 0.9405010438413361 0.0276792051100071 0.03131524008350728
0 0.5113555713271825 0.5777661795407099 0.03761533002129169 0.039665970772442605
1 0.6029098651525905 0.7092901878914405 0.02909865152590485 0.035490605427974886
1 0.3587650816181689 0.6769311064718163 0.020581973030518064 0.03340292275574108
3 0.3736692689850958 0.6873695198329854 0.03193754435770052 0.04175365344467641
1 0.3108587650816182 0.6539665970772442 0.022711142654364802 0.029227557411273475
1 0.301277501774308 0.6372651356993737 0.036195883605393886 0.04175365344467641
3 0.3871540099361249 0.8277661795407099 0.036195883605393886 0.04801670146137782
0 0.4052519517388219 0.22286012526096033 0.02555003548616036 0.05010438413361168
