2 0.4531582682753726 0.9488517745302714 0.03477643718949608 0.04384133611691021
1 0.4921930447125621 0.9311064718162839 0.026259758694109292 0.04592901878914413
0 0.8222143364088006 0.5039144050104384 0.031937544357700465 0.028705636743215024
0 0.8537970191625266 0.5516701461377871 0.04400283889283174 0.04175365344467641
1 0.5376153300212917 0.4363256784968685 0.026259758694109347 0.03131524008350728
1 0.177430801987225 0.4812108559498956 0.031227821149751617 0.029227557411273475
0 0.028743789921930447 0.48825678496868474 0.0305180979418027 0.05167014613778703
0 0.13520227111426544 0.49347599164926936 0.026259758694109306 0.03288100208768269
0 0.10255500354861605 0.36951983298538627 0.027679205110007085 0.03549060542797494
0 0.21753016323633784 0.5060020876826723 0.0276792051100071 0.03288100208768274
0 0.2721788502484031 0.3517745302713987 0.030518097941802713 0.03340292275574114
1 0.9052519517388218 0.1873695198329854 0.0276792051100071 0.029227557411273475
1 0.9244144783534423 0.21346555323590816 0.0276792051100071 0.031315240083507306
1 0.4815471965933286 0.8350730688935282 0.030518097941802713 0.029227557411273475
0 0.4545777146912704 0.8392484342379958 0.03477643718949608 0.04175365344467641
1 0.4439318665720369 0.3903966597077244 0.0276792051100071 0.039665970772442605
1 0.5823278921220725 0.4269311064718163 0.023420865862313733 0.04592901878914407
1 0.2494677075940383 0.5850730688935282 0.02767920511000707 0.025052192066805867
1 0.5901348474095103 0.7113778705636743 0.02200141944641587 0.035490605427974886
1 0.6518807665010646 0.055845511482254695 0.026259758694109236 0.029227557411273496
1 0.06139105748757984 0.576722338204593 0.03477643718949609 0.0375782881002088
1 0.5993612491128459 0.6811064718162839 0.0276792051100071 0.03757828810020869
4 0.4893541518807665 0.13413361169102295 0.04613200851667848 0.08141962421711899
4 0.26614620298083747 0.28705636743215035 0.0553584102200142 0.025052192066805812
4 0.2704045422285309 0.3162839248434238 0.05251951738821861 0.02922755741127353
