0 0.974804826117814 0.552713987473904 0.03619588360539394 0.02713987473903967
1 0.42547906316536555 0.9144050104384134 0.023420865862313678 0.0375782881002088
1 0.45315826827537264 0.8705636743215031 0.023420865862313678 0.04175365344467641
1 0.47054648687012063 0.8319415448851775 0.022711142654364802 0.039665970772442605
0 0.6902058197303051 0.5495824634655533 0.0276792051100071 0.0375782881002088
0 0.507097232079489 0.5840292275574113 0.026259758694109292 0.035490605427974886
0 0.39779985805535845 0.6487473903966596 0.023420865862313678 0.035490605427975
1 0.9407381121362668 0.48512526096033404 0.020581973030518008 0.03288100208768269
1 0.7267565649396736 0.6007306889352819 0.02129169623846705 0.04384133611691021
1 0.822569198012775 0.5819415448851775 0.02129169623846694 0.03131524008350728
1 0.5887154009936124 0.7051148225469728 0.02200141944641587 0.035490605427975
0 0.6050390347764372 0.6821503131524008 0.02200141944641587 0.03131524008350728
1 0.4056068133427963 0.15918580375782881 0.03477643718949608 0.039665970772442605
1 0.5276792051100071 0.2839248434237996 0.024840312278211485 0.039665970772442605
1 0.5063875088715402 0.6299582463465554 0.03335699077359833 0.035490605427975
0 0.974804826117814 0.5112212943632568 0.019162526614620257 0.030793319415448883
1 0.09829666430092264 0.40709812108559496 0.024840312278211485 0.048016701461377875
1 0.513484740951029 0.6946764091858038 0.02200141944641587 0.03131524008350728
4 0.48864442867281754 0.1372651356993737 0.050390347764371846 0.08350730688935283
4 0.26295244854506744 0.28810020876826725 0.05180979418026968 0.031315240083507334
4 0.2689850958126331 0.31941544885177453 0.052519517388218584 0.035490605427975
