0 0.4552874378992193 0.7693110647181628 0.0276792051100071 0.02713987473903967
1 0.40773598296664304 0.7622651356993737 0.03335699077359827 0.024530271398747416
0 0.4233498935415188 0.7713987473903967 0.019162526614620257 0.039665970772442605
0 0.4268985095812633 0.08194154488517745 0.029098651525904906 0.02713987473903967
0 0.3332150461320085 0.4394572025052192 0.03335699077359827 0.029227557411273475
1 0.37189496096522356 0.44154488517745305 0.02838892831795603 0.037578288100208745
1 0.3630234208658623 0.4986951983298539 0.04045422285308731 0.030793319415448828
1 0.8981547196593329 0.5934237995824635 0.019162526614620368 0.029227557411273475
1 0.18701206529453512 0.5808977035490606 0.019162526614620284 0.029227557411273475
1 0.20723917672107878 0.6174321503131524 0.03690560681334282 0.02713987473903967
1 0.279985805535841 0.5934237995824635 0.03335699077359833 0.029227557411273475
0 0.3360539389638041 0.5683716075156576 0.030518097941802658 0.029227557411273475
1 0.2814052519517388 0.4582463465553236 0.024840312278211485 0.029227557411273475
1 0.32469836763662174 0.47494780793319413 0.0276792051100071 0.029227557411273475
1 0.12952448545067424 0.4603340292275574 0.02342086586231369 0.029227557411273475
1 0.10255500354861605 0.40083507306889354 0.039034776437189486 0.031315240083507334
1 0.549680624556423 0.6654488517745303 0.03335699077359833 0.02713987473903967
3 0.5539389638041163 0.6936325678496869 0.04755145493257629 0.029227557411273475
1 0.9031227821149752 0.19363256784968685 0.026259758694109236 0.029227557411273475
1 0.9279630943931867 0.2092901878914405 0.023420865862313733 0.031315240083507306
4 0.48899929027679206 0.13308977035490605 0.059616749467707675 0.10020876826722339
4 0.2636621717530163 0.2849686847599165 0.0503903477643719 0.03340292275574108
4 0.2668559261887864 0.31837160751565763 0.05393896380411639 0.03340292275574114
1 0.3466997870830376 0.2280793319415449 0.039034776437189445 0.03549060542797494
1 0.758694109297374 0.4697286012526096 0.024130589070262554 0.04384133611691027
