1 0.9116394606103619 0.5018267223382046 0.023420865862313733 0.024530271398747416
1 0.9144783534421576 0.48747390396659707 0.023420865862313622 0.01670146137787054
1 0.5982966643009227 0.6310020876826723 0.019872249822569188 0.02087682672233815
1 0.5684882895670689 0.2082463465553236 0.018452803406671436 0.020876826722338204
1 0.5883605393896381 0.20511482254697286 0.01419446415897796 0.03549060542797494
1 0.8697657913413769 0.587160751565762 0.02058197303051812 0.02087682672233815
1 0.4496096522356281 0.7343423799582464 0.0276792051100071 0.02713987473903967
0 0.13094393186657205 0.48434237995824636 0.03193754435770049 0.022964509394572008
0 0.42547906316536555 0.0861169102296451 0.020581973030518064 0.022964509394572022
0 0.41057487579843865 0.14457202505219208 0.019162526614620312 0.02713987473903967
0 0.2537260468417317 0.4924321503131524 0.02200141944641587 0.034968684759916546
0 0.36018452803406675 0.46555323590814196 0.026259758694109292 0.03131524008350728
0 0.41767210787792763 0.6696242171189979 0.03335699077359827 0.039665970772442605
1 0.15152590489709014 0.3674321503131524 0.026259758694109292 0.02713987473903967
0 0.15223562810503904 0.5464509394572026 0.036195883605393914 0.018789144050104345
1 0.5787792760823279 0.22494780793319413 0.010645848119233525 0.02505219206680584
0 0.6312987934705465 0.49243215031315235 0.03335699077359833 0.022442588726513557
1 0.6178140525195174 0.6122129436325678 0.013484740951029028 0.02087682672233826
4 0.26650106458481193 0.28810020876826725 0.0447125621007807 0.031315240083507334
4 0.27040454222853083 0.32463465553235904 0.06387508871540098 0.037578288100208745
1 0.9080908445706175 0.19050104384133612 0.024840312278211485 0.039665970772442605
1 0.9229950319375444 0.20198329853862212 0.030518097941802713 0.04175365344467641
4 0.49148332150461316 0.1393528183716075 0.036195883605393886 0.08768267223382047
1 0.6831085876508162 0.4582463465553236 0.019162526614620257 0.029227557411273475
