1 0.658080808080808 0.06587374199451052 0.033333333333333326 0.045745654162854525
1 0.22828282828282828 0.35224153705397987 0.04545454545454547 0.06038426349496795
1 0.5684343434343435 0.40850869167429094 0.034848484848484795 0.05215004574565418
1 0.723989898989899 0.16102470265324795 0.03181818181818186 0.0475754803293687
1 0.6310606060606061 0.7127172918572735 0.05707070707070705 0.06038426349496795
1 0.7055555555555555 0.1454711802378774 0.033333333333333326 0.04574565416285452
1 0.7199494949494949 0.16010978956999083 0.037878787878787956 0.0494053064958829
1 0.8353535353535354 0.8403476669716377 0.051515151515151514 0.06861848124428171
1 0.8184343434343434 0.7461116193961573 0.04595959595959598 0.06861848124428183
1 0.7545454545454545 0.25800548947849955 0.04040404040404044 0.04940530649588293
1 0.3143939393939394 0.3435498627630375 0.04595959595959598 0.06678865507776766
1 0.6575757575757576 0.12763037511436415 0.02929292929292937 0.039341262580054895
1 0.6601010101010101 0.15690759377859104 0.02929292929292926 0.03934126258005488
1 0.5595959595959596 0.38289112534309244 0.033333333333333326 0.06312900274473926
1 0.6818181818181819 0.1495882891125343 0.025252525252525193 0.04117108874656908
1 0.6845959595959596 0.11939615736505033 0.02474747474747474 0.039341262580054895
1 0.7401515151515151 0.13174748398902103 0.03080808080808084 0.040256175663311994
