3 0.3765081618168914 0.6529227557411273 0.043293115684882866 0.04801670146137793
1 0.5691980127750178 0.20093945720250522 0.022711142654364802 0.02713987473903967
3 0.4119943222143364 0.18319415448851772 0.016323633782824698 0.02505219206680584
0 0.40454222853087296 0.12369519832985387 0.015613910574875822 0.027139874739039685
1 0.31973030518097945 0.31837160751565763 0.014904187366926946 0.020876826722338204
1 0.33427963094393187 0.32881002087682676 0.019872249822569188 0.016701461377870597
0 0.379347054648687 0.4311064718162839 0.023420865862313733 0.025052192066805867
0 0.4616749467707594 0.4812108559498956 0.03193754435770052 0.029227557411273475
0 0.13520227111426542 0.5381002087682673 0.03193754435770049 0.03131524008350728
0 0.492902767920511 0.4342379958246346 0.030518097941802713 0.027139874739039616
1 0.5127750177430802 0.4613778705636743 0.023420865862313622 0.02713987473903967
1 0.386444286728176 0.7570459290187892 0.017743080198722505 0.0224425887265135
0 0.42547906316536555 0.6216075156576201 0.03193754435770052 0.02713987473903967
1 0.5322924059616749 0.6894572025052192 0.024130589070262554 0.025052192066805867
0 0.5922640170333571 0.5600208768267223 0.026259758694109236 0.029227557411273475
1 0.6043293115684882 0.49556367432150317 0.026259758694109236 0.03288100208768269
1 0.6011355571327182 0.46555323590814196 0.022711142654364802 0.02713987473903967
0 0.7682753726046841 0.5433194154488518 0.03477643718949608 0.029227557411273475
1 0.5759403832505323 0.62160751565762 0.019162526614620257 0.018789144050104345
1 0.5592618878637332 0.3768267223382046 0.017033356990773574 0.029227557411273475
1 0.5908445706174592 0.36221294363256784 0.02058197303051812 0.029227557411273475
1 0.21965933286018452 0.6247390396659708 0.02058197303051809 0.03340292275574108
1 0.42725337118523776 0.8141962421711899 0.017033356990773574 0.02087682672233815
1 0.4655784244144784 0.8068893528183716 0.015613910574875767 0.02713987473903967
1 0.4616749467707594 0.7507828810020877 0.020581973030518064 0.02661795407098122
1 0.5482611781405251 0.6497912317327766 0.02200141944641587 0.02087682672233826
1 0.13662171753016322 0.5370563674321504 0.023420865862313706 0.025052192066805867
0 0.5674237047551456 0.19989561586638832 0.03335699077359833 0.02505219206680584
0 0.40170333569907735 0.26931106471816285 0.021291696238466995 0.02713987473903967
0 0.3559261887863733 0.5892484342379958 0.03193754435770052 0.02087682672233815
1 0.34634492547906315 0.6028183716075157 0.015613910574875767 0.022964509394571953
0 0.2530163236337828 0.4986951983298539 0.029098651525904906 0.022442588726513613
1 0.4300922640170334 0.6216075156576201 0.019872249822569188 0.022964509394572064
0 0.4105748757984386 0.18528183716075158 0.024840312278211485 0.02505219206680584
0 0.6036195883605393 0.4986951983298539 0.03335699077359833 0.022442588726513613
1 0.4921930447125621 0.4342379958246346 0.026259758694109292 0.027139874739039616
1 0.4865152590489709 0.81419624217119 0.02058197303051812 0.025052192066805867
3 0.42547906316536555 0.8183716075156576 0.020581973030518064 0.02087682672233826
1 0.48580553584102204 0.8684759916492693 0.019162526614620312 0.02087682672233815
1 0.5663591199432221 0.5996868475991649 0.01419446415897807 0.02087682672233826
4 0.26650106458481193 0.28810020876826725 0.0447125621007807 0.031315240083507334
4 0.27040454222853083 0.32463465553235904 0.06387508871540098 0.037578288100208745
1 0.9080908445706175 0.19050104384133612 0.024840312278211485 0.039665970772442605
1 0.9229950319375444 0.20198329853862212 0.030518097941802713 0.04175365344467641
1 0.7973740241305891 0.48434237995824636 0.026259758694109236 0.02713987473903967
0 0.3016323633782825 0.37265135699373697 0.018452803406671436 0.016701461377870597
3 0.4009936124911284 0.267223382045929 0.014194464158978015 0.027139874739039616
1 0.386444286728176 0.738517745302714 0.017743080198722505 0.018789144050104456
4 0.4907735982966643 0.1372651356993737 0.03761533002129169 0.08768267223382045
1 0.29701916252661464 0.37265135699373697 0.019162526614620312 0.029227557411273475
