3 0.3765081618168914 0.6529227557411273 0.043293115684882866 0.04801670146137793
3 0.4212207239176721 0.8121085594989561 0.012065294535131277 0.029227557411273586
0 0.12171753016323633 0.39979123173277664 0.013484740951029084 0.025052192066805812
1 0.34279630943931866 0.11116910229645094 0.01419446415897796 0.022964509394572036
1 0.35805535841021996 0.10073068893528184 0.016323633782824698 0.03966597077244258
0 0.7739531582682754 0.5892484342379958 0.02909865152590485 0.029227557411273475
1 0.48580553584102204 0.7301670146137786 0.019162526614620312 0.018789144050104345
1 0.4886444286728176 0.7403444676409185 0.019162526614620257 0.022442588726513613
0 0.7349183818310858 0.6007306889352818 0.031937544357700465 0.02713987473903967
1 0.49538679914833217 0.7040709812108559 0.019872249822569188 0.02087682672233815
1 0.41554293825408095 0.9718162839248434 0.023420865862313678 0.02713987473903967
1 0.8914123491838184 0.5892484342379958 0.017033356990773574 0.02087682672233815
1 0.5713271823988644 0.3914405010438413 0.018452803406671436 0.020876826722338204
1 0.6029098651525905 0.38204592901878914 0.02058197303051812 0.022964509394572064
4 0.3914123491838183 0.4081419624217119 0.030518097941802658 0.05427974947807934
1 0.4900638750887154 0.7239039665970772 0.016323633782824698 0.02713987473903967
1 0.4843860894251242 0.7964509394572026 0.013484740951029084 0.022964509394571953
1 0.4936124911284599 0.7176409185803758 0.023420865862313733 0.03131524008350728
1 0.4616749467707594 0.48225469728601256 0.026259758694109292 0.031315240083507334
1 0.4098651525904897 0.7280793319415448 0.02058197303051812 0.022964509394571953
3 0.301277501774308 0.4767745302713987 0.030518097941802713 0.04958246346555323
3 0.3332150461320085 0.44154488517745305 0.03335699077359827 0.037578288100208745
3 0.40383250532292403 0.09342379958246347 0.028388928317955975 0.02922755741127349
3 0.4070262597586941 0.16440501043841338 0.03477643718949608 0.03340292275574111
0 0.5447125621007807 0.20198329853862212 0.02909865152590485 0.020876826722338204
1 0.315471965933286 0.18319415448851775 0.02058197303051812 0.03340292275574114
1 0.3349893541518808 0.3434237995824635 0.015613910574875767 0.025052192066805812
0 0.5794889992902768 0.5735908141962421 0.031937544357700465 0.03131524008350728
0 0.5809084457061746 0.5007828810020877 0.046132008516678535 0.030793319415448828
0 0.5049680624556423 0.6424843423799582 0.03335699077359827 0.02713987473903967
0 0.4850958126330731 0.6779749478079331 0.03193754435770052 0.04384133611691021
0 0.36905606813342795 0.5506263048016702 0.025550035486160416 0.035490605427975
0 0.13804116394606103 0.5401878914405011 0.04045422285308729 0.02713987473903967
0 0.05997161107168204 0.5339248434237995 0.0290986515259049 0.03131524008350739
0 0.5163236337828248 0.5153966597077244 0.03335699077359833 0.034968684759916435
0 0.09545777146912704 0.48825678496868474 0.0390347764371895 0.03914405010438421
1 0.5099361249112846 0.3872651356993737 0.023420865862313678 0.029227557411273475
1 0.049680624556423 0.18632567849686849 0.017033356990773595 0.03966597077244258
1 0.4918381831085876 0.7103340292275574 0.015613910574875767 0.02087682672233826
4 0.4900638750887154 0.13622129436325678 0.041873669268985114 0.08977035490605427
