0 0.5592618878637332 0.44572025052192066 0.022711142654364802 0.045929018789144016
1 0.6213626685592619 0.6863256784968685 0.026259758694109236 0.04384133611691021
0 0.5337118523775728 0.39770354906054284 0.024130589070262665 0.03340292275574114
1 0.5475514549325764 0.6696242171189979 0.017743080198722505 0.039665970772442605
1 0.3317955997161107 0.668580375782881 0.019162526614620257 0.029227557411273475
0 0.5525195173882186 0.2734864300626305 0.022001419446415982 0.031315240083507334
1 0.3190205819730305 0.14352818371607518 0.0276792051100071 0.02505219206680584
1 0.4162526614620298 0.07359081419624217 0.0276792051100071 0.03966597077244259
1 0.892831795599716 0.5882045929018789 0.017033356990773574 0.02713987473903967
0 0.5447125621007807 0.575678496868476 0.026259758694109347 0.035490605427975
0 0.007806955287437899 0.4986951983298539 0.014194464158977998 0.03496868475991649
1 0.4052519517388219 0.8277661795407099 0.02555003548616036 0.022964509394571953
1 0.421930447125621 0.802713987473904 0.016323633782824698 0.02713987473903967
0 0.4893541518807665 0.8350730688935282 0.02909865152590485 0.03340292275574108
1 0.47799858055358413 0.8705636743215031 0.014904187366926946 0.02087682672233815
1 0.8836053938963804 0.5850730688935282 0.015613910574875822 0.02087682672233826
1 0.8814762242725337 0.5902922755741127 0.019872249822569188 0.018789144050104345
1 0.48864442867281765 0.8089770354906054 0.016323633782824698 0.022964509394572064
0 0.6469127040454223 0.49556367432150317 0.030518097941802602 0.024530271398747416
0 0.5801987224982257 0.11534446764091859 0.024840312278211485 0.04384133611691024
0 0.5642299503193755 0.17484342379958245 0.026969481902058168 0.04175365344467641
1 0.5635202271114266 0.6049060542797495 0.025550035486160416 0.02713987473903967
1 0.15720369056068134 0.5224425887265136 0.02058197303051809 0.02087682672233815
0 0.4112845990063875 0.8736951983298539 0.026259758694109292 0.03131524008350728
5 0.40312278211497515 0.5540187891440501 0.04826117814052522 0.12056367432150311
1 0.37402413058907025 0.7539144050104384 0.01845280340667138 0.028705636743215024
0 0.46628814762242726 0.7727035490605427 0.022711142654364802 0.045407098121085565
1 0.2934705464868701 0.22181628392484343 0.029098651525904906 0.03549060542797494
1 0.3261178140525195 0.4154488517745303 0.022001419446415926 0.022964509394572008
0 0.12313697657913414 0.5381002087682671 0.036195883605393886 0.035490605427975
1 0.07132718239886444 0.36743215031315235 0.0205819730305181 0.03549060542797494
0 0.3516678495386799 0.42484342379958245 0.023420865862313733 0.0375782881002088
0 0.2963094393186657 0.37265135699373697 0.03477643718949608 0.029227557411273475
1 0.414833215046132 0.2745302713987474 0.0276792051100071 0.02922755741127353
1 0.31085876508161814 0.4112734864300626 0.01703335699077363 0.03131524008350728
1 0.904542228530873 0.1873695198329854 0.026259758694109347 0.037578288100208745
4 0.27040454222853083 0.28810020876826725 0.06387508871540098 0.03549060542797494
4 0.2689850958126331 0.32045929018789143 0.061036195883605426 0.03340292275574114
4 0.4900638750887154 0.1403966597077244 0.041873669268985114 0.081419624217119
