1 0.40596167494677077 0.15501043841336115 0.015613910574875822 0.031315240083507306
1 0.014904187366926898 0.20093945720250522 0.017033356990773598 0.0187891440501044
3 0.38005677785663594 0.6497912317327766 0.0390347764371895 0.029227557411273475
0 0.9364797728885734 0.5537578288100209 0.026259758694109236 0.025052192066805867
0 0.4112845990063875 0.9582463465553235 0.020581973030518064 0.04175365344467641
1 0.4141234918381831 0.7372129436325678 0.012065294535131332 0.028705636743215024
0 0.5592618878637331 0.4405010438413361 0.019872249822569188 0.02713987473903967
0 0.531582682753726 0.48538622129436326 0.022711142654364802 0.025052192066805867
1 0.6948190205819731 0.49765135699373697 0.024130589070262665 0.024530271398747416
0 0.5085166784953868 0.6550104384133612 0.020581973030518175 0.018789144050104456
1 0.25514549325762953 0.18215031315240082 0.019162526614620284 0.022964509394572036
1 0.9059616749467707 0.1873695198329854 0.031937544357700465 0.037578288100208745
1 0.9215755855216465 0.2082463465553236 0.0276792051100071 0.04175365344467641
4 0.2704045422285309 0.2849686847599165 0.0553584102200142 0.029227557411273475
4 0.2675656493967353 0.3173277661795407 0.052519517388218584 0.02713987473903967
4 0.4900638750887154 0.13517745302713988 0.041873669268985114 0.07515657620041755
