1 0.8960255500354861 0.5955114822546973 0.03477643718949608 0.050104384133611735
0 0.0205819730305181 0.49660751565762 0.017033356990773595 0.04331941544885176
4 0.00248403122782115 0.5049582463465554 0.0049680624556423 0.060020876826722414
1 0.6043293115684882 0.6299582463465554 0.02909865152590496 0.039665970772442605
2 0.974804826117814 0.5485386221294364 0.022001419446415982 0.04384133611691021
2 0.5397444996451384 0.3288100208768267 0.04187366926898506 0.04175365344467641
0 0.4545777146912704 0.6978079331941545 0.029098651525904906 0.045929018789144016
1 0.17423704755145492 0.5704592901878915 0.02909865152590488 0.04175365344467641
4 0.2100780695528744 0.5433194154488518 0.039744499645138404 0.03340292275574108
4 0.5691980127750178 0.48721294363256784 0.022711142654364802 0.037056367432150294
4 0.8587650816181689 0.5133089770354906 0.02129169623846705 0.0391440501043841
1 0.20794889992902768 0.4676409185803758 0.028388928317955975 0.031315240083507334
0 0.18843151171043293 0.3663883089770355 0.0220014194464159 0.04175365344467641
0 0.20262597586941095 0.477035490605428 0.036195883605393914 0.029227557411273475
1 0.6621717530163236 0.9509394572025052 0.04116394606103613 0.035490605427975
1 0.5695528743789922 0.6007306889352819 0.026259758694109236 0.039665970772442605
1 0.606458481192335 0.7082463465553236 0.02200141944641587 0.029227557411273475
1 0.4850958126330731 0.9739039665970772 0.023420865862313733 0.035490605427974886
1 0.4382540809084457 0.17693110647181629 0.03335699077359833 0.029227557411273475
0 0.5695528743789922 0.5892484342379958 0.04045422285308731 0.06263048016701467
0 0.3757984386089425 0.4373695198329854 0.0276792051100071 0.04175365344467641
0 0.5447125621007807 0.4144050104384134 0.04045422285308731 0.04592901878914407
1 0.32966643009226404 0.6529227557411273 0.029098651525904906 0.056367432150313146
0 0.3914123491838183 0.29540709812108557 0.0276792051100071 0.037578288100208745
0 0.43435060326472674 0.8277661795407099 0.03122782114975159 0.056367432150313146
0 0.48864442867281765 0.6905010438413361 0.0390347764371895 0.05219206680584554
0 0.46593328601845285 0.7330375782881002 0.029098651525904906 0.045407098121085565
0 0.5156139105748758 0.6007306889352819 0.02909865152590485 0.039665970772442605
0 0.4836763662171753 0.6602296450939458 0.02909865152590485 0.04175365344467641
0 0.7775017743080199 0.5185281837160751 0.0276792051100071 0.04540709812108562
1 0.3339247693399574 0.2640918580375783 0.04045422285308731 0.025052192066805867
1 0.4474804826117814 0.2807933194154488 0.029098651525904906 0.04592901878914407
1 0.4002838892831796 0.8308977035490606 0.026969481902058223 0.05845511482254695
1 0.7292405961674947 0.47494780793319413 0.026259758694109347 0.03340292275574114
1 0.5979418026969482 0.4331941544885177 0.030518097941802713 0.04175365344467641
1 0.20794889992902768 0.5882045929018789 0.025550035486160416 0.03131524008350728
1 0.21398154719659335 0.6205636743215032 0.023420865862313706 0.025052192066805867
0 0.7143364088005677 0.5070459290187892 0.02909865152590496 0.04331941544885176
0 0.9052519517388219 0.5213987473903967 0.024840312278211485 0.039665970772442605
1 0.9151880766501065 0.5861169102296451 0.030518097941802713 0.03131524008350728
0 0.01171043293115685 0.5297494780793319 0.0234208658623137 0.035490605427974886
1 0.6887863733144074 0.44989561586638827 0.024840312278211485 0.03340292275574114
1 0.48083747338537974 0.9144050104384134 0.03193754435770052 0.04175365344467641
1 0.4701916252661462 0.8152400835073068 0.0276792051100071 0.04384133611691021
1 0.9080908445706175 0.18319415448851775 0.03335699077359833 0.03340292275574114
1 0.9244144783534421 0.2082463465553236 0.030518097941802713 0.04175365344467641
4 0.26827537260468415 0.2839248434237996 0.04826117814052519 0.02713987473903967
4 0.2668559261887864 0.31419624217119 0.05393896380411639 0.03340292275574114
4 0.49041873669268987 0.13622129436325678 0.05393896380411639 0.07724425887265135
