1 0.8587650816181689 0.08924843423799583 0.018452803406671436 0.025052192066805853
1 0.5358410220014194 0.6727557411273486 0.017033356990773574 0.0375782881002088
0 0.46309439318665724 0.9791231732776617 0.034776437189496134 0.025052192066805756
1 0.3268275372604684 0.6289144050104385 0.02058197303051812 0.0375782881002088
1 0.14229950319375445 0.5266179540709812 0.02909865152590488 0.025052192066805867
0 0.397444996451384 0.8016701461377871 0.01845280340667138 0.0375782881002088
0 0.5344215755855217 0.19258872651356995 0.022711142654364802 0.027139874739039643
0 0.22746628814762243 0.5049582463465553 0.016323633782824698 0.022442588726513557
0 0.5621007806955287 0.2643528183716075 0.017033356990773574 0.04123173277661796
0 0.9265436479772888 0.5433194154488518 0.023420865862313733 0.029227557411273475
0 0.49432221433640877 0.48408141962421714 0.022001419446415926 0.03496868475991649
3 0.3310858765081618 0.36012526096033404 0.029098651525904906 0.029227557411273475
1 0.37402413058907025 0.3100208768267223 0.01845280340667138 0.05010438413361168
0 0.40170333569907735 0.9770354906054279 0.026969481902058223 0.029227557411273475
0 0.6007806955287438 0.11430062630480167 0.024840312278211485 0.02922755741127349
0 0.5596167494677076 0.13517745302713988 0.030518097941802713 0.020876826722338204
0 0.5475514549325763 0.576722338204593 0.026259758694109347 0.0375782881002088
0 0.421930447125621 0.6017745302713987 0.016323633782824698 0.029227557411273475
1 0.30872959545777146 0.4718162839248434 0.01845280340667138 0.04384133611691021
1 0.31369765791341375 0.4788622129436325 0.01703335699077363 0.04958246346555323
1 0.3073101490418737 0.46450939457202506 0.01845280340667138 0.029227557411273475
0 0.05997161107168204 0.5007828810020877 0.02058197303051809 0.04331941544885182
0 0.18985095812633074 0.48747390396659707 0.024840312278211485 0.025052192066805867
0 0.22178850248403123 0.49243215031315246 0.024840312278211485 0.030793319415448883
0 0.3066004258339248 0.46555323590814196 0.025550035486160416 0.03131524008350728
0 0.4350603264726757 0.908141962421712 0.02413058907026261 0.03340292275574119
1 0.5567778566359121 0.598643006263048 0.0276792051100071 0.02713987473903967
1 0.5663591199432221 0.610125260960334 0.017033356990773574 0.03340292275574108
1 0.4843860894251242 0.8851774530271399 0.016323633782824698 0.0375782881002088
1 0.542583392476934 0.4321503131524008 0.033356990773598216 0.022964509394572008
1 0.5731014904187366 0.4258872651356994 0.0276792051100071 0.0187891440501044
0 0.7246273953158269 0.5018267223382046 0.02838892831795603 0.04540709812108562
3 0.5127750177430802 0.6028183716075157 0.023420865862313622 0.03131524008350739
0 0.49609652235628104 0.6466597077244258 0.02129169623846694 0.039665970772442605
1 0.18701206529453512 0.5164405010438413 0.016323633782824698 0.04540709812108562
0 0.2182398864442867 0.49660751565762007 0.03477643718949611 0.05584551148225475
0 0.41554293825408095 0.7040709812108559 0.029098651525904906 0.06263048016701467
1 0.6689141234918381 0.6069937369519833 0.03335699077359833 0.022964509394572064
1 0.9755145493257629 0.5819415448851775 0.023420865862313733 0.04801670146137793
1 0.31014904187366926 0.5788100208768268 0.045422285308729604 0.05427974947807934
0 0.8484740951029099 0.5568893528183716 0.0276792051100071 0.04384133611691021
3 0.5390347764371894 0.552713987473904 0.026259758694109236 0.04384133611691021
0 0.86124911284599 0.5070459290187892 0.02058197303051812 0.04331941544885176
1 0.5872959545777147 0.24138830897703548 0.024840312278211485 0.04958246346555323
1 0.08161816891412349 0.5704592901878914 0.019872249822569188 0.04592901878914413
1 0.46132008516678497 0.7860125260960334 0.015613910574875822 0.02713987473903967
1 0.47374024130589065 0.9123173277661796 0.029098651525904906 0.0375782881002088
1 0.46983676366217175 0.8089770354906054 0.02129169623846705 0.03131524008350728
1 0.4765791341376863 0.8528183716075157 0.017743080198722505 0.03131524008350739
1 0.468417317246274 0.7319937369519833 0.02413058907026261 0.04749478079331937
3 0.3814762242725337 0.6487473903966597 0.041873669268985114 0.05219206680584554
0 0.39283179559971615 0.3058455114822547 0.0390347764371895 0.0375782881002088
1 0.6256210078069553 0.4154488517745303 0.02909865152590485 0.014613778705636737
1 0.9059616749467707 0.18423799582463465 0.02909865152590496 0.02713987473903967
1 0.9258339247693399 0.2072025052192067 0.030518097941802602 0.031315240083507306
1 0.4524485450674237 0.31210855949895616 0.036195883605393886 0.04175365344467641
4 0.26614620298083747 0.2849686847599165 0.058197303051809784 0.03340292275574108
4 0.26827537260468415 0.31419624217119 0.056777856635912005 0.03340292275574114
4 0.49254790631653655 0.1393528183716075 0.05251951738821864 0.07515657620041753
