1 0.9762242725337118 0.5245302713987474 0.024840312278211596 0.0375782881002088
1 0.3094393186657204 0.08298538622129437 0.025550035486160416 0.04175365344467641
0 0.5993612491128459 0.06732776617954071 0.030518097941802602 0.03549060542797495
0 0.3956706884315117 0.576722338204593 0.0276792051100071 0.045929018789144016
0 0.3026969481902058 0.48303757828810023 0.030518097941802713 0.05375782881002089
0 0.39850958126330727 0.541231732776618 0.036195883605393886 0.06263048016701456
1 0.5649396735273243 0.29958246346555323 0.025550035486160416 0.029227557411273475
0 0.4687721788502484 0.587160751565762 0.030518097941802713 0.0375782881002088
0 0.0134847409510291 0.5080897703549061 0.0255500354861604 0.04123173277661796
1 0.08019872249822568 0.3496868475991649 0.02838892831795599 0.037578288100208745
0 0.9719659332860184 0.5704592901878914 0.03335699077359833 0.04592901878914413
0 0.542583392476934 0.587160751565762 0.03619588360539394 0.045929018789144016
0 0.7689850958126331 0.539144050104384 0.03619588360539394 0.0375782881002088
0 0.3814762242725337 0.3162839248434238 0.030518097941802713 0.037578288100208745
0 0.35237757274662884 0.37265135699373697 0.030518097941802658 0.04592901878914407
0 0.5787792760823278 0.19989561586638832 0.0276792051100071 0.045929018789144044
0 0.571682044002839 0.25495824634655534 0.030518097941802602 0.039144050104384154
0 0.5099361249112846 0.2643528183716075 0.03193754435770052 0.049582463465553256
1 0.4758694109297374 0.6456158663883089 0.030518097941802713 0.029227557411273586
1 0.3821859474804826 0.9446764091858038 0.023420865862313678 0.035490605427974886
1 0.47161107168204397 0.7643528183716075 0.02484031227821154 0.028705636743215024
1 0.634847409510291 0.6988517745302714 0.023420865862313733 0.035490605427975
1 0.485805535841022 0.8987473903966596 0.0276792051100071 0.04384133611691021
0 0.7590489709013485 0.563152400835073 0.030518097941802713 0.035490605427975
0 0.5858765081618169 0.599686847599165 0.030518097941802713 0.045929018789144016
0 0.7129169623846701 0.5039144050104385 0.04329311568488292 0.03705636743215035
0 0.8278921220723918 0.5112212943632568 0.03761533002129169 0.03496868475991649
0 0.4481902058197303 0.7745302713987474 0.024840312278211485 0.0375782881002088
0 0.4581263307310149 0.8079331941544885 0.024840312278211485 0.0375782881002088
0 0.4602555003548616 0.8559498956158664 0.023420865862313678 0.0375782881002088
4 0.5560681334279631 0.5433194154488519 0.046132008516678535 0.06680584551148228
0 0.39779985805535845 0.9749478079331941 0.034776437189496134 0.045929018789144016
0 0.43364088005677787 0.9519832985386221 0.026969481902058168 0.04175365344467641
0 0.4162526614620298 0.8361169102296451 0.0276792051100071 0.04801670146137793
0 0.4368346344925479 0.837160751565762 0.030518097941802713 0.045929018789144016
0 0.41554293825408095 0.7766179540709812 0.03193754435770052 0.04592901878914413
0 0.4396735273243435 0.7580897703549061 0.024840312278211485 0.045407098121085565
0 0.5660042583392477 0.46450939457202506 0.03335699077359833 0.045929018789144016
0 0.5943931866572036 0.541231732776618 0.030518097941802602 0.03757828810020869
1 0.47161107168204397 0.40396659707724425 0.02484031227821154 0.029227557411273475
1 0.5649396735273243 0.2860125260960334 0.025550035486160416 0.03131524008350728
1 0.6121362668559261 0.4269311064718163 0.024840312278211485 0.02922755741127353
1 0.6238466997870831 0.4164926931106472 0.02129169623846694 0.029227557411273475
0 0.4283179559971611 0.8956158663883089 0.031937544357700465 0.050104384133611624
1 0.3907026259758694 0.6852818371607516 0.026259758694109347 0.0375782881002088
1 0.1483321504613201 0.5224425887265136 0.025550035486160416 0.029227557411273475
1 0.3914123491838183 0.7197286012526096 0.0276792051100071 0.035490605427974886
1 0.3928317955997161 0.7372129436325678 0.024840312278211485 0.04123173277661796
1 0.5752306600425834 0.6268267223382046 0.026259758694109347 0.029227557411273475
1 0.556777856635912 0.6518789144050104 0.024840312278211485 0.029227557411273475
1 0.16146202980837474 0.5164405010438413 0.026259758694109292 0.03705636743215035
1 0.5454222853087296 0.6591858037578288 0.022001419446415982 0.02713987473903967
1 0.5262597586941093 0.69258872651357 0.024840312278211596 0.03131524008350728
1 0.904542228530873 0.18215031315240082 0.02909865152590485 0.03549060542797497
1 0.9258339247693399 0.2072025052192067 0.024840312278211596 0.03549060542797494
0 0.5078069552874379 0.6069937369519833 0.04187366926898517 0.035490605427975
1 0.21327182398864442 0.17275574112734865 0.02767920511000707 0.03757828810020877
1 0.5837473385379701 0.42588726513569936 0.023420865862313733 0.02713987473903967
4 0.2675656493967353 0.28601252609603345 0.052519517388218584 0.03549060542797494
4 0.2675656493967353 0.3152400835073069 0.0610361958836054 0.03966597077244255
4 0.4900638750887154 0.13308977035490605 0.041873669268985114 0.08768267223382047
