1 0.64194464158978 0.6205636743215032 0.026259758694109236 0.025052192066805867
1 0.055003548616039746 0.3475991649269311 0.0276792051100071 0.029227557411273475
0 0.36586231369765787 0.528705636743215 0.026259758694109292 0.050104384133611735
1 0.9158977998580553 0.4592901878914405 0.026259758694109236 0.03131524008350728
0 0.4382540809084457 0.6069937369519833 0.030518097941802713 0.039665970772442605
1 0.6171043293115684 0.4248434237995825 0.014904187366926891 0.020876826722338204
0 0.06493967352732434 0.48329853862212946 0.03903477643718949 0.03340292275574114
1 0.6266855926188786 0.4144050104384134 0.024130589070262665 0.029227557411273475
0 0.5361958836053939 0.4634655532359081 0.031937544357700465 0.031315240083507334
0 0.10716820440028388 0.49765135699373697 0.042583392476933976 0.037056367432150294
2 0.39886444286728173 0.3173277661795407 0.01845280340667138 0.039665970772442605
2 0.3892831795599716 0.2745302713987474 0.02058197303051812 0.04592901878914407
2 0.5922640170333571 0.17484342379958245 0.026259758694109236 0.03757828810020877
1 0.8697657913413768 0.47390396659707723 0.017743080198722505 0.03131524008350728
1 0.8711852377572746 0.4812108559498956 0.02058197303051812 0.025052192066805867
1 0.769694819020582 0.5328810020876826 0.04045422285308731 0.0375782881002088
2 0.5581973030518098 0.19363256784968685 0.024840312278211485 0.04175365344467641
2 0.4517388218594748 0.4603340292275574 0.023420865862313678 0.03340292275574114
2 0.9762242725337118 0.5381002087682671 0.03335699077359833 0.04384133611691021
2 0.4900638750887154 0.46555323590814196 0.024840312278211485 0.03131524008350728
2 0.5461320085166785 0.2455636743215031 0.02058197303051812 0.028705636743214996
2 0.5234208658623136 0.2434759916492693 0.019162526614620368 0.03705636743215032
0 0.9836763662171752 0.5568893528183716 0.026969481902058168 0.039665970772442605
2 0.8463449254790631 0.5506263048016702 0.031937544357700465 0.039665970772442605
2 0.4850958126330731 0.33611691022964507 0.029098651525904906 0.04384133611691027
2 0.571682044002839 0.45093945720250517 0.0276792051100071 0.03549060542797494
2 0.7505322924059616 0.5610647181628392 0.04045422285308731 0.04384133611691021
2 0.5358410220014194 0.6205636743215031 0.022711142654364802 0.045929018789144016
2 0.6220723917672109 0.5819415448851775 0.0276792051100071 0.04384133611691021
1 0.29985805535841026 0.6153444676409185 0.03335699077359827 0.035490605427975
1 0.12739531582682753 0.518267223382046 0.0276792051100071 0.03340292275574119
1 0.16430092264017032 0.5297494780793319 0.03193754435770049 0.03131524008350728
2 0.6809794180269695 0.5495824634655533 0.03761533002129169 0.03340292275574119
2 0.5858765081618169 0.5704592901878914 0.039034776437189445 0.029227557411273475
2 0.4056068133427963 0.7549582463465554 0.03477643718949608 0.034968684759916546
0 0.5134847409510291 0.5902922755741127 0.04471256210078073 0.04384133611691021
2 0.3921220723917672 0.691544885177453 0.031937544357700465 0.04175365344467641
2 0.4141234918381831 0.6779749478079331 0.034776437189496134 0.039665970772442605
2 0.5127750177430802 0.6539665970772442 0.03193754435770052 0.04592901878914413
2 0.5560681334279631 0.5882045929018789 0.026259758694109236 0.039665970772442605
1 0.38502484031227824 0.9843423799582464 0.020581973030518064 0.02713987473903967
1 0.4496096522356281 0.7413883089770354 0.02200141944641587 0.020354906054279698
1 0.4606103619588361 0.747651356993737 0.01703335699077363 0.024530271398747416
1 0.47090134847409515 0.7653966597077244 0.026259758694109292 0.030793319415448828
1 0.4751596877217885 0.6946764091858038 0.02058197303051812 0.03131524008350728
1 0.4808374733853797 0.715553235908142 0.02058197303051812 0.02713987473903956
1 0.4900638750887154 0.6769311064718162 0.03335699077359827 0.0375782881002088
1 0.42760823278921223 0.7745302713987474 0.022001419446415926 0.029227557411273475
0 0.4879347054648687 0.9029227557411273 0.026259758694109347 0.03131524008350728
1 0.531582682753726 0.6644050104384134 0.019872249822569188 0.025052192066805867
1 0.5330021291696239 0.6727557411273486 0.01419446415897796 0.02087682672233815
1 0.8243435060326473 0.5955114822546973 0.030518097941802713 0.029227557411273475
2 0.3942512420156139 0.5840292275574113 0.03335699077359833 0.035490605427974886
2 0.5929737402413059 0.48225469728601256 0.03619588360539394 0.031315240083507334
0 0.3871540099361249 0.610125260960334 0.0503903477643719 0.04175365344467641
1 0.5156139105748758 0.6790187891440501 0.017743080198722505 0.025052192066805867
2 0.4467707594038325 0.8413361169102296 0.0276792051100071 0.0375782881002088
2 0.4510290986515259 0.9269311064718162 0.024840312278211485 0.04175365344467641
2 0.2601135557132718 0.5474947807933194 0.03193754435770049 0.029227557411273475
2 0.21398154719659335 0.5360125260960333 0.03477643718949611 0.039665970772442605
2 0.7803406671398154 0.49660751565762007 0.030518097941802713 0.030793319415448883
1 0.8271823988644429 0.5892484342379958 0.02200141944641587 0.025052192066805756
1 0.8899929027679205 0.5777661795407099 0.025550035486160416 0.03131524008350739
1 0.6043293115684882 0.7072025052192066 0.02909865152590496 0.039665970772442605
1 0.903832505322924 0.18423799582463465 0.030518097941802713 0.03549060542797494
1 0.9265436479772888 0.2061586638830898 0.026259758694109347 0.03340292275574111
0 0.6163946061036196 0.019572025052192066 0.0276792051100071 0.03914405010438413
2 0.4283179559971611 0.8402922755741127 0.023420865862313733 0.05219206680584543
1 0.322569198012775 0.2072025052192067 0.03477643718949608 0.03549060542797494
1 0.030163236337828248 0.575678496868476 0.0305180979418027 0.035490605427975
1 0.5926188786373314 0.4123173277661796 0.019872249822569188 0.025052192066805812
1 0.613555713271824 0.3569937369519833 0.019162526614620257 0.02713987473903967
4 0.26330731014904185 0.28705636743215035 0.05535841022001417 0.03340292275574114
4 0.2654364797728886 0.3152400835073069 0.05961674946770759 0.04384133611691027
4 0.4893541518807665 0.1372651356993737 0.04613200851667848 0.0918580375782881
