0 0.42867281760113557 0.1080375782881002 0.019872249822569188 0.01670146137787057
1 0.3885734563520227 0.6748434237995824 0.016323633782824698 0.01670146137787054
1 0.4357700496806246 0.49765135699373697 0.011355571327182401 0.02035490605427981
1 0.496096522356281 0.6362212943632568 0.015613910574875767 0.018789144050104345
1 0.5351312987934705 0.5798538622129437 0.015613910574875822 0.022964509394572064
3 0.578069552874379 0.48329853862212946 0.014904187366926891 0.020876826722338204
2 0.9169623846699788 0.5433194154488519 0.012775017743080208 0.01670146137787054
1 0.9169623846699788 0.5641962421711899 0.012775017743080208 0.01670146137787054
1 0.6022001419446417 0.07359081419624217 0.02200141944641587 0.018789144050104387
1 0.5379701916252662 0.20302713987473903 0.012775017743080208 0.022964509394572036
3 0.397444996451384 0.9290187891440501 0.01845280340667138 0.02087682672233826
1 0.5259048970901349 0.6905010438413361 0.01419446415897796 0.018789144050104345
1 0.5511000709723208 0.62160751565762 0.019162526614620368 0.018789144050104345
1 0.5418736692689851 0.6518789144050104 0.014904187366926891 0.02087682672233826
2 0.6085876508161817 0.44885177453027136 0.02058197303051812 0.022964509394572008
1 0.5468417317246275 0.40396659707724425 0.01348474095102914 0.01670146137787054
1 0.5663591199432221 0.07881002087682673 0.017033356990773574 0.025052192066805853
0 0.414833215046132 0.5808977035490606 0.013484740951029084 0.01670146137787054
0 0.20262597586941095 0.5307933194154488 0.024840312278211513 0.025052192066805867
0 0.33853797019162524 0.5589770354906054 0.01703335699077363 0.018789144050104345
1 0.3907026259758694 0.35803757828810023 0.014904187366926891 0.020876826722338204
1 0.33995741660752304 0.3757828810020877 0.019872249822569188 0.018789144050104345
1 0.4407381121362669 0.7922755741127349 0.021291696238466995 0.02713987473903967
1 0.40312278211497515 0.6320459290187892 0.018452803406671436 0.018789144050104345
1 0.40454222853087296 0.17797494780793321 0.012775017743080208 0.022964509394572036
0 0.7952448545067423 0.4976513569937369 0.024840312278211596 0.01617954070981209
1 0.3757984386089425 0.6905010438413361 0.024840312278211485 0.02713987473903967
1 0.5106458481192335 0.3789144050104384 0.019162526614620257 0.020876826722338204
0 0.3601845280340667 0.5777661795407099 0.014904187366926891 0.018789144050104345
0 0.44393186657203687 0.9446764091858038 0.016323633782824698 0.018789144050104456
1 0.36621717530163234 0.656054279749478 0.014194464158978015 0.029227557411273475
1 0.20440028388928316 0.5975991649269311 0.01845280340667141 0.02087682672233826
0 0.43718949609652236 0.1403966597077244 0.017033356990773574 0.022964509394572036
1 0.5003548616039745 0.8058455114822547 0.012775017743080153 0.016701461377870652
1 0.8066004258339248 0.541231732776618 0.024840312278211485 0.02087682672233826
1 0.4627395315826828 0.9081419624217119 0.015613910574875767 0.029227557411273475
1 0.46486870120652946 0.7661795407098121 0.017033356990773574 0.025052192066805867
0 0.13449254790631654 0.5506263048016702 0.0276792051100071 0.018789144050104345
1 0.6912704045422285 0.5276617954070981 0.01419446415897796 0.03131524008350728
0 0.2771469127040454 0.5600208768267223 0.0276792051100071 0.01670146137787054
0 0.4517388218594748 0.8977035490605428 0.012065294535131332 0.025052192066805867
0 0.43860894251242016 0.8538622129436326 0.017033356990773574 0.02087682672233815
0 0.432931156848829 0.8903966597077244 0.011355571327182401 0.03131524008350728
1 0.6816891412349184 0.44154488517745305 0.016323633782824643 0.016701461377870597
0 0.9336408800567779 0.5070459290187892 0.020581973030518008 0.018267223382045894
4 0.26330731014904185 0.28705636743215035 0.05535841022001417 0.03340292275574114
4 0.26472675656493966 0.31419624217119 0.058197303051809784 0.037578288100208745
4 0.4886444286728176 0.1393528183716075 0.04755145493257629 0.08768267223382047
0 0.4744499645138396 0.5746346555323592 0.022001419446415926 0.01670146137787054
