1 0.6568181818181817 0.06724611161939616 0.03585858585858592 0.04849039341262581
1 0.22550505050505049 0.3513266239707228 0.04595959595959595 0.05855443732845378
1 0.7512626262626263 0.07456541628545288 0.03080808080808084 0.03385178408051236
1 0.723989898989899 0.15690759377859104 0.03181818181818186 0.04300091491308328
1 0.31565656565656564 0.3412625800548948 0.04848484848484852 0.07136322049405308
1 0.656060606060606 0.12351326623970724 0.02626262626262632 0.04025617566331198
1 0.656060606060606 0.15370539798719124 0.03232323232323242 0.042086001829826164
1 0.7358585858585858 0.06175663311985362 0.022222222222222254 0.03751143641354072
0 0.5429292929292929 0.7639524245196706 0.036363636363636376 0.042086001829826136
0 0.3699494949494949 0.8723696248856359 0.057070707070707105 0.06312900274473932
1 0.6805555555555556 0.15141811527904847 0.02777777777777779 0.04117108874656908
1 0.6830808080808081 0.12031107044830741 0.02474747474747474 0.041171088746569065
1 0.7386363636363636 0.13083257090576395 0.03080808080808084 0.04208600182982618
