0 0.521291696238467 0.610125260960334 0.023420865862313733 0.029227557411273475
0 0.052164655784244146 0.5328810020876826 0.0333569907735983 0.029227557411273475
0 0.3828956706884315 0.2653966597077244 0.0276792051100071 0.03496868475991652
1 0.21611071682044003 0.5610647181628392 0.024840312278211485 0.02713987473903967
1 0.393541518807665 0.6946764091858038 0.03477643718949608 0.018789144050104456
0 0.4460610361958836 0.598643006263048 0.031937544357700465 0.03131524008350728
0 0.4737402413058907 0.6727557411273486 0.02058197303051812 0.025052192066805756
0 0.8516678495386799 0.5568893528183716 0.02129169623846705 0.03131524008350728
0 0.7995031937544357 0.5495824634655533 0.0276792051100071 0.029227557411273475
0 0.5255500354861604 0.5861169102296451 0.02909865152590485 0.02713987473903967
0 0.7448545067423704 0.48643006263048016 0.023420865862313733 0.018789144050104345
0 0.5613910574875798 0.5548016701461378 0.018452803406671436 0.03131524008350728
0 0.3644428672817601 0.4697286012526096 0.023420865862313733 0.02713987473903967
0 0.5684882895670689 0.47494780793319413 0.024130589070262554 0.04175365344467641
0 0.5837473385379702 0.02974947807933194 0.02058197303051812 0.022964509394572022
0 0.5880056777856636 0.11221294363256785 0.02058197303051812 0.020876826722338204
0 0.4119943222143364 0.4227557411273486 0.03335699077359833 0.03340292275574114
0 0.9872249822569199 0.5662839248434238 0.022711142654364802 0.029227557411273475
1 0.8946061036195883 0.5746346555323592 0.017743080198722505 0.01670146137787054
1 0.8537970191625266 0.5902922755741127 0.022711142654364802 0.022964509394571953
0 0.723207948899929 0.5080897703549061 0.022711142654364802 0.020354906054279698
1 0.43577004968062455 0.8434237995824635 0.022711142654364802 0.03340292275574108
0 0.4567068843151171 0.7134655532359082 0.019162526614620312 0.022964509394571953
3 0.3530872959545777 0.5579331941544885 0.03477643718949608 0.025052192066805867
0 0.39283179559971615 0.38204592901878914 0.013484740951029084 0.03131524008350728
0 0.19694819020581972 0.36221294363256784 0.030518097941802685 0.025052192066805867
0 0.7334989354151882 0.5558455114822547 0.03761533002129169 0.029227557411273475
1 0.5518097941802697 0.69258872651357 0.02058197303051812 0.018789144050104456
1 0.5241305890702626 0.6591858037578289 0.02058197303051812 0.03131524008350739
1 0.5816181689141235 0.5850730688935282 0.0276792051100071 0.029227557411273475
0 0.09758694109297375 0.5224425887265136 0.02342086586231369 0.0375782881002088
0 0.5518097941802698 0.4144050104384134 0.026259758694109236 0.020876826722338204
0 0.5440028388928317 0.3663883089770355 0.02200141944641587 0.029227557411273475
0 0.5674237047551456 0.3736951983298539 0.0276792051100071 0.02713987473903967
0 0.3254080908445706 0.4945198329853862 0.031937544357700465 0.0224425887265135
0 0.549680624556423 0.32776617954070986 0.02200141944641587 0.0187891440501044
0 0.5688431511710433 0.28914405010438415 0.030518097941802713 0.04175365344467641
0 0.5361958836053939 0.259133611691023 0.03477643718949608 0.03496868475991649
1 0.9286728176011355 0.4561586638830898 0.030518097941802713 0.025052192066805812
0 0.13378282469836764 0.48825678496868474 0.02342086586231369 0.030793319415448828
0 0.04151880766501065 0.35386221294363257 0.024840312278211502 0.03340292275574108
0 0.23101490418736692 0.49660751565762007 0.02058197303051809 0.030793319415448883
0 0.5830376153300213 0.2393006263048017 0.024840312278211485 0.02870563674321505
0 0.5440028388928317 0.17901878914405012 0.03619588360539383 0.020876826722338204
0 0.16217175301632364 0.48512526096033404 0.0390347764371895 0.037056367432150294
0 0.5063875088715402 0.3048016701461378 0.019162526614620312 0.03131524008350728
1 0.43718949609652236 0.6184759916492693 0.019872249822569188 0.029227557411273586
1 0.5801987224982257 0.7009394572025052 0.019162526614620257 0.02713987473903967
1 0.9052519517388218 0.18006263048016702 0.0276792051100071 0.03549060542797494
1 0.9286728176011356 0.2072025052192067 0.03335699077359833 0.03966597077244258
0 0.21611071682044003 0.36847599164926936 0.0390347764371895 0.020876826722338204
0 0.17814052519517387 0.5433194154488518 0.02413058907026258 0.025052192066805867
0 0.4105748757984386 0.8653444676409185 0.030518097941802713 0.03131524008350728
0 0.4141234918381831 0.9665970772442589 0.029098651525904906 0.03340292275574119
0 0.41128459900638753 0.01722338204592902 0.03761533002129169 0.031315240083507306
0 0.42760823278921223 0.0861169102296451 0.030518097941802658 0.027139874739039657
4 0.26614620298083747 0.2860125260960334 0.052519517388218584 0.03131524008350728
4 0.26543647977288853 0.3162839248434238 0.05393896380411639 0.02922755741127353
4 0.4900638750887154 0.13413361169102297 0.0390347764371895 0.07724425887265136
0 0.4446415897799858 0.7870563674321502 0.03477643718949608 0.02087682672233815
0 0.46699787083037614 0.747651356993737 0.0340667139815472 0.03288100208768263
0 0.28566359119943224 0.5474947807933195 0.0276792051100071 0.025052192066805756
