0 0.5997161107168204 0.5798538622129437 0.025550035486160416 0.04384133611691021
0 0.578069552874379 0.5039144050104384 0.02058197303051812 0.04540709812108562
0 0.11213626685592618 0.5101774530271399 0.035486160397444996 0.037056367432150294
0 0.3970901348474095 0.9102296450939458 0.024840312278211485 0.0375782881002088
0 0.8804116394606103 0.5537578288100209 0.03619588360539383 0.03757828810020869
0 0.7579843860894251 0.5433194154488518 0.04116394606103613 0.03340292275574108
0 0.6022001419446416 0.5798538622129437 0.024840312278211485 0.039665970772442605
1 0.5383250532292406 0.9603340292275574 0.019162526614620257 0.03340292275574108
0 0.09545777146912704 0.168580375782881 0.030518097941802685 0.03757828810020877
3 0.23598296664300922 0.47912317327766174 0.0220014194464159 0.020876826722338204
0 0.513484740951029 0.5788100208768268 0.04187366926898506 0.029227557411273475
1 0.3080198722498226 0.4707724425887265 0.019872249822569188 0.029227557411273475
1 0.20936834634492546 0.20407098121085596 0.02555003548616039 0.03340292275574114
1 0.5539389638041163 0.7061586638830898 0.024840312278211596 0.029227557411273475
0 0.759403832505323 0.5381002087682671 0.02838892831795603 0.035490605427975
1 0.3406671398154719 0.6362212943632568 0.021291696238466995 0.02713987473903967
0 0.3956706884315117 0.908141962421712 0.0276792051100071 0.0375782881002088
0 0.8789921930447127 0.5506263048016702 0.02200141944641587 0.035490605427975
0 0.5198722498225692 0.6236951983298538 0.02058197303051812 0.04384133611691021
1 0.5606813342796308 0.6988517745302714 0.022711142654364802 0.04384133611691021
1 0.4024130589070263 0.0975991649269311 0.032647267565649396 0.033402922755741124
0 0.30979418026969485 0.5621085594989561 0.029098651525904906 0.0375782881002088
0 0.4545777146912704 0.9686847599164927 0.02058197303051812 0.029227557411273475
1 0.39957416607523066 0.2653966597077244 0.025550035486160416 0.030793319415448828
1 0.4538679914833215 0.8622129436325678 0.024840312278211485 0.029227557411273475
0 0.05358410220014194 0.5401878914405011 0.02200141944641589 0.022964509394572064
1 0.12739531582682753 0.47390396659707723 0.0191625266146203 0.03131524008350728
0 0.09261887863733145 0.17275574112734865 0.0248403122782115 0.03340292275574114
2 0.5901348474095103 0.09551148225469729 0.019162526614620257 0.03757828810020877
0 0.521291696238467 0.6247390396659708 0.026259758694109236 0.05427974947807934
0 0.4205110007097232 0.5955114822546973 0.030518097941802713 0.03340292275574108
0 0.3066004258339248 0.5694154488517745 0.03548616039744501 0.02713987473903967
0 0.4524485450674237 0.8956158663883089 0.019162526614620312 0.029227557411273586
0 0.4467707594038325 0.9331941544885177 0.024840312278211485 0.029227557411273475
1 0.20865862313697658 0.19572025052192066 0.026969481902058196 0.03340292275574111
0 0.4510290986515259 0.8622129436325678 0.019162526614620257 0.029227557411273475
0 0.7015613910574876 0.5683716075156576 0.031937544357700465 0.04592901878914413
1 0.23385379701916253 0.47599164926931103 0.026259758694109292 0.03549060542797494
2 0.11213626685592619 0.5133089770354906 0.028388928317956003 0.030793319415448828
0 0.5184528034066713 0.5829853862212944 0.023420865862313733 0.03340292275574108
0 0.5731014904187367 0.20302713987473903 0.030518097941802713 0.03549060542797497
0 0.4198012775017743 0.5955114822546973 0.026259758694109292 0.03340292275574108
1 0.3140525195173882 0.4123173277661795 0.023420865862313733 0.029227557411273475
1 0.698722498225692 0.691544885177453 0.026259758694109347 0.025052192066805867
0 0.4517388218594748 0.894572025052192 0.023420865862313678 0.022964509394571953
0 0.4474804826117814 0.9248434237995825 0.029098651525904906 0.029227557411273475
1 0.33995741660752304 0.6383089770354906 0.019872249822569188 0.02713987473903967
0 0.4545777146912704 0.9665970772442589 0.029098651525904906 0.03340292275574119
1 0.7349183818310858 0.5798538622129437 0.023420865862313733 0.03131524008350728
1 0.30482611781405256 0.4676409185803758 0.03193754435770052 0.03549060542797494
1 0.4020581973030518 0.09342379958246347 0.031937544357700465 0.03757828810020877
1 0.3140525195173882 0.4144050104384134 0.023420865862313733 0.037578288100208745
0 0.049680624556423 0.541231732776618 0.0383250532292406 0.029227557411273475
0 0.40099361249112847 0.2695720250521921 0.022711142654364802 0.04331941544885179
4 0.26543647977288853 0.28392484342379953 0.05393896380411639 0.03549060542797494
4 0.2668559261887864 0.3173277661795407 0.056777856635912005 0.031315240083507334
4 0.4893541518807665 0.13308977035490605 0.04045422285308725 0.0835073068893528
0 0.8200851667849539 0.5495824634655533 0.03477643718949608 0.029227557411273475
0 0.8246983676366217 0.5464509394572025 0.025550035486160416 0.02713987473903967
0 0.5649396735273243 0.40187891440501045 0.031227821149751644 0.025052192066805867
1 0.5383250532292406 0.9592901878914405 0.024840312278211485 0.03131524008350728
0 0.5731014904187367 0.5049582463465554 0.022001419446415982 0.039144050104384154
0 0.6980127750177431 0.5621085594989561 0.030518097941802713 0.0375782881002088
0 0.5656493967352733 0.4081419624217119 0.03690560681334287 0.04175365344467641
0 0.57097232079489 0.20198329853862212 0.02909865152590485 0.03757828810020877
0 0.5915542938254081 0.0975991649269311 0.02200141944641587 0.04175365344467641
