0 0.6156848828956707 0.003914405010438413 0.03761533002129169 0.007828810020876827
0 0.6156848828956707 0.007045929018789144 0.02909865152590485 0.014091858037578288
0 0.6057487579843861 0.07150313152400835 0.031937544357700576 0.04801670146137787
0 0.5794889992902768 0.11430062630480167 0.031937544357700465 0.05427974947807934
0 0.5589070262597586 0.3496868475991649 0.02909865152590496 0.05010438413361168
0 0.5361958836053939 0.38517745302713985 0.023420865862313733 0.04175365344467641
0 0.3807665010645848 0.5007828810020877 0.03477643718949608 0.047494780793319424
0 0.6504613200851668 0.5694154488517745 0.03477643718949608 0.04801670146137793
1 0.3743789921930447 0.25808977035490605 0.024840312278211485 0.03705636743215032
0 0.06210078069552874 0.36951983298538627 0.027679205110007092 0.03549060542797494
0 0.8527324343506033 0.5506263048016702 0.030518097941802713 0.039665970772442605
0 0.4013484740951029 0.681106471816284 0.030518097941802658 0.04175365344467641
0 0.6220723917672107 0.4551148225469729 0.030518097941802713 0.048016701461377875
1 0.4602555003548616 0.7312108559498955 0.023420865862313678 0.0375782881002088
0 0.4283179559971611 0.5892484342379958 0.04329311568488292 0.050104384133611624
0 0.5603264726756565 0.4331941544885177 0.03477643718949608 0.03340292275574114
1 0.3211497515968772 0.15709812108559498 0.029098651525904906 0.03549060542797494
1 0.10965223562810504 0.18528183716075158 0.036195883605393914 0.03757828810020877
1 0.3026969481902058 0.0767223382045929 0.0276792051100071 0.04175365344467641
0 0.3310858765081618 0.12056367432150314 0.03193754435770052 0.04175365344467642
0 0.3729595457771469 0.35699373695198333 0.0276792051100071 0.04384133611691027
0 0.4063165365507452 0.2176409185803758 0.030518097941802658 0.048016701461377875
0 0.992902767920511 0.5495824634655533 0.011355571327182457 0.04175365344467641
0 0.6965933286018453 0.49765135699373697 0.03335699077359833 0.03288100208768269
0 0.08623136976579135 0.4945198329853862 0.031937544357700506 0.039144050104384154
0 0.6142654364797728 0.5474947807933195 0.04329311568488292 0.04175365344467641
2 0.5574875798438609 0.48825678496868474 0.02909865152590485 0.03914405010438421
1 0.43577004968062455 0.6664926931106472 0.03548616039744501 0.04592901878914413
0 0.5205819730305181 0.6122129436325678 0.030518097941802713 0.05427974947807934
1 0.5858765081618169 0.6456158663883089 0.03619588360539394 0.045929018789144016
0 0.4538679914833215 0.8413361169102296 0.0276792051100071 0.050104384133611624
0 0.4701916252661462 0.7124217118997913 0.036195883605393886 0.06263048016701467
0 0.7469836763662172 0.5579331941544885 0.030518097941802713 0.04175365344467641
0 0.44535131298793473 0.965553235908142 0.041873669268985114 0.04801670146137782
0 0.40170333569907735 0.9874739039665971 0.026969481902058223 0.02087682672233826
0 0.4297374024130589 0.8455114822546973 0.023420865862313733 0.050104384133611735
0 0.4510290986515259 0.8883089770354906 0.024840312278211485 0.04384133611691032
0 0.4041873669268985 0.975991649269311 0.03193754435770052 0.03131524008350728
1 0.5337118523775728 0.6737995824634655 0.02129169623846694 0.035490605427975
0 0.4002838892831796 0.7413883089770354 0.026969481902058223 0.028705636743215024
1 0.5574875798438609 0.6330897703549061 0.03477643718949608 0.03340292275574119
0 0.9322214336408801 0.5610647181628392 0.026259758694109347 0.03131524008350739
4 0.26614620298083747 0.2839248434237996 0.0610361958836054 0.039665970772442605
4 0.26827537260468415 0.3162839248434238 0.05961674946770762 0.037578288100208745
4 0.4893541518807665 0.1372651356993737 0.04897090134847404 0.0918580375782881
1 0.910929737402413 0.18423799582463468 0.03619588360539383 0.031315240083507306
1 0.9258339247693399 0.2092901878914405 0.04187366926898506 0.031315240083507306
0 0.5014194464158979 0.6717118997912317 0.031937544357700465 0.035490605427975
1 0.3857345635202271 0.7828810020876826 0.024840312278211485 0.03340292275574119
