1 0.6660752306600426 0.17693110647181629 0.0276792051100071 0.037578288100208745
0 0.634847409510291 0.01826722338204593 0.031937544357700465 0.02922755741127349
1 0.13094393186657205 0.17588726513569936 0.03193754435770049 0.03966597077244258
4 0.7831795599716112 0.5018267223382046 0.0276792051100071 0.03705636743215024
4 0.26721078779276086 0.49138830897703545 0.03193754435770052 0.04540709812108562
4 0.2948899929027679 0.5548016701461378 0.03477643718949608 0.035490605427974886
0 0.12668559261887863 0.5694154488517745 0.026259758694109292 0.035490605427974886
4 0.43896380411639463 0.5788100208768268 0.03761533002129169 0.04175365344467641
3 0.3828956706884315 0.5777661795407099 0.0276792051100071 0.04384133611691021
4 0.521291696238467 0.33089770354906056 0.023420865862313733 0.04592901878914407
3 0.5546486870120653 0.3162839248434238 0.023420865862313733 0.05427974947807929
4 0.4056068133427963 0.5621085594989561 0.031937544357700465 0.04175365344467641
0 0.5649396735273243 0.4634655532359081 0.04968062455642297 0.048016701461377875
4 0.8655074520936834 0.5600208768267223 0.05180979418026965 0.03340292275574119
1 0.055003548616039746 0.37056367432150317 0.03619588360539389 0.03340292275574114
3 0.6022001419446416 0.5610647181628392 0.030518097941802713 0.02713987473903967
4 0.6440738112136267 0.5433194154488518 0.030518097941802713 0.03340292275574108
3 0.6288147622427254 0.5206158663883089 0.02838892831795603 0.04123173277661796
3 0.6593328601845281 0.5070459290187892 0.02838892831795603 0.039144050104384154
3 0.5638750887154009 0.42275574112734865 0.03335699077359833 0.0375782881002088
3 0.4879347054648687 0.5975991649269311 0.034776437189496134 0.03757828810020869
4 0.5106458481192335 0.5902922755741127 0.02200141944641587 0.04384133611691021
4 0.4602555003548616 0.7549582463465554 0.020581973030518064 0.04749478079331937
1 0.4936124911284599 0.9832985386221295 0.031937544357700465 0.025052192066805867
4 0.548970901348474 0.5673277661795407 0.031937544357700465 0.035490605427974886
4 0.531582682753726 0.6216075156576201 0.019872249822569188 0.03131524008350728
4 0.4943222143364088 0.6518789144050104 0.0276792051100071 0.03757828810020869
4 0.4936124911284599 0.825678496868476 0.026259758694109236 0.03131524008350739
4 0.4609652235628105 0.6946764091858038 0.03335699077359833 0.039665970772442494
4 0.4024130589070263 0.7601774530271399 0.025550035486160416 0.04123173277661796
4 0.2977288857345635 0.35594989561586643 0.02909865152590485 0.03340292275574114
1 0.6043293115684882 0.6059498956158664 0.026259758694109236 0.029227557411273475
1 0.3665720369056068 0.40501043841336115 0.03335699077359833 0.03549060542797494
1 0.5383250532292406 0.6946764091858038 0.019162526614620257 0.03131524008350728
4 0.4588360539389638 0.8789144050104385 0.03477643718949608 0.04175365344467641
4 0.8523775727466288 0.5143528183716075 0.025550035486160416 0.037056367432150294
0 0.23349893541518807 0.3663883089770355 0.051100070972320805 0.029227557411273475
4 0.4425124201561391 0.9175365344467641 0.024840312278211485 0.035490605427974886
4 0.492902767920511 0.1372651356993737 0.04471256210078073 0.08768267223382045
4 0.2718239886444287 0.28705636743215035 0.055358410220014226 0.03340292275574114
4 0.2689850958126331 0.31419624217118997 0.052519517388218584 0.029227557411273475
4 0.047551454932576294 0.5276617954070981 0.026969481902058196 0.035490605427974886
3 0.4119943222143364 0.1383089770354906 0.03619588360539394 0.043841336116910226
