1 0.7253371185237758 0.17588726513569936 0.02129169623846694 0.031315240083507306
0 0.5809084457061746 0.16544885177453028 0.026259758694109347 0.031315240083507306
0 0.6249112845990064 0.06210855949895616 0.024840312278211485 0.029227557411273482
0 0.5759403832505323 0.07881002087682673 0.02200141944641587 0.02922755741127349
1 0.03867991483321505 0.18006263048016702 0.0248403122782115 0.031315240083507306
0 0.556777856635912 0.25391440501043844 0.024840312278211485 0.02870563674321505
0 0.549680624556423 0.1873695198329854 0.02200141944641587 0.020876826722338204
0 0.5677785663591199 0.5101774530271399 0.025550035486160416 0.02870563674321508
0 0.5411639460610362 0.4405010438413361 0.02200141944641587 0.02713987473903967
0 0.559971611071682 0.3872651356993737 0.024130589070262554 0.020876826722338204
0 0.7441447835344216 0.5143528183716075 0.019162526614620257 0.028705636743215024
0 0.6948190205819731 0.5101774530271399 0.024130589070262665 0.02870563674321508
0 0.6213626685592619 0.5120041753653445 0.02909865152590496 0.02087682672233826
0 0.6121362668559261 0.49034446764091855 0.030518097941802713 0.022442588726513557
0 0.9059616749467707 0.5018267223382046 0.02909865152590496 0.024530271398747416
0 0.8995741660752307 0.5558455114822547 0.024840312278211485 0.025052192066805867
0 0.8356990773598296 0.5662839248434238 0.030518097941802713 0.025052192066805867
0 0.812278211497516 0.5516701461377871 0.030518097941802713 0.029227557411273475
0 0.7526614620298083 0.5621085594989561 0.024840312278211485 0.02087682672233815
0 0.3857345635202271 0.22077244258872653 0.024840312278211485 0.03340292275574111
1 0.2594038325053229 0.37056367432150317 0.030518097941802685 0.025052192066805812
0 0.3090844570617459 0.47494780793319413 0.03335699077359833 0.029227557411273475
0 0.29701916252661464 0.49138830897703545 0.02484031227821154 0.02870563674321497
0 0.20404542228530873 0.48930062630480164 0.024840312278211485 0.028705636743215024
0 0.3630234208658623 0.5516701461377871 0.023420865862313733 0.025052192066805867
0 0.31192334989354153 0.5662839248434238 0.024840312278211485 0.029227557411273475
0 0.3594748048261178 0.5850730688935282 0.030518097941802713 0.029227557411273475
0 0.4261887863733144 0.5955114822546973 0.030518097941802713 0.029227557411273475
0 0.40170333569907735 0.6748434237995825 0.01845280340667138 0.029227557411273475
0 0.40809084457061745 0.7539144050104384 0.017033356990773574 0.03288100208768263
1 0.4467707594038325 0.6236951983298539 0.019162526614620312 0.018789144050104456
1 0.46486870120652946 0.6456158663883089 0.019872249822569188 0.02087682672233815
0 0.4744499645138396 0.7124217118997912 0.019162526614620312 0.029227557411273475
0 0.4496096522356281 0.9352818371607515 0.024840312278211485 0.029227557411273475
1 0.560681334279631 0.6978079331941545 0.019872249822569188 0.025052192066805867
1 0.548970901348474 0.6351774530271399 0.017743080198722505 0.029227557411273475
1 0.5411639460610362 0.5673277661795407 0.03619588360539383 0.03131524008350728
1 0.9088005677785664 0.1884133611691023 0.017743080198722505 0.018789144050104373
1 0.9279630943931867 0.2072025052192067 0.023420865862313733 0.018789144050104373
4 0.4921930447125621 0.1383089770354906 0.043293115684882866 0.08141962421711901
4 0.26827537260468415 0.2870563674321503 0.045422285308729576 0.029227557411273475
4 0.2689850958126331 0.31419624217119 0.04400283889283177 0.03340292275574114
