0 0.30642857142857144 0.63734243697479 0.04428571428571426 0.054096638655462104
0 0.8028571428571428 0.459296218487395 0.05428571428571427 0.05199579831932771
0 0.5060714285714285 0.5821953781512605 0.03500000000000003 0.05199579831932766
0 0.5532142857142857 0.6047794117647058 0.04357142857142848 0.04359243697478987
0 0.49071428571428566 0.6945903361344539 0.03714285714285709 0.04359243697478987
1 0.33964285714285714 0.8371848739495797 0.027857142857142858 0.04201680672268904
1 0.48035714285714287 0.9298844537815125 0.030714285714285694 0.030987394957983194
1 0.43214285714285716 0.9445903361344539 0.037142857142857144 0.030987394957983194
1 0.5953571428571429 0.752888655462185 0.01928571428571424 0.0267857142857143
1 0.015 0.5779936974789917 0.03 0.03939075630252098
0 0.5664285714285715 0.1798844537815126 0.0357142857142857 0.04779411764705882
1 0.5667857142857143 0.6404936974789917 0.023571428571428577 0.03518907563025209
0 0.3032142857142857 0.14364495798319327 0.043571428571428594 0.05409663865546219
1 0.2089285714285714 0.20509453781512604 0.029285714285714276 0.04359243697478993
1 0.24071428571428571 0.2111344537815126 0.031428571428571445 0.04411764705882354
5 0.6457142857142857 0.5412289915966386 0.10285714285714287 0.06670168067226889
3 0.7885714285714285 0.5485819327731092 0.055714285714285716 0.047794117647058765
0 0.5178571428571429 0.27284663865546216 0.041428571428571426 0.05409663865546219
0 0.29392857142857143 0.27179621848739494 0.03642857142857148 0.06460084033613442
0 0.2814285714285715 0.37683823529411764 0.041428571428571426 0.054096638655462215
0 0.3642857142857143 0.13524159663865545 0.04285714285714287 0.062499999999999986
0 0.4642857142857143 0.6756827731092436 0.03428571428571431 0.05199579831932766
1 0.4157142857142857 0.6538865546218487 0.03428571428571431 0.04201680672268915
1 0.27535714285714286 0.6966911764705883 0.03214285714285714 0.03939075630252098
1 0.23785714285714288 0.6767331932773109 0.02857142857142861 0.041491596638655426
0 0.24785714285714286 0.31853991596638653 0.051428571428571435 0.05829831932773105
0 0.41928571428571426 0.8445378151260504 0.038571428571428534 0.04831932773109249
0 0.4157142857142857 0.7914915966386555 0.03999999999999998 0.03361344537815125
0 0.4503571428571429 0.7402836134453781 0.03785714285714287 0.047794117647058765
1 0.5946428571428571 0.6643907563025211 0.026428571428571468 0.037815126050420145
0 0.5635714285714286 0.713235294117647 0.04142857142857148 0.0357142857142857
1 0.3732142857142857 0.963235294117647 0.027857142857142858 0.0357142857142857
