0 0.7128571428571429 0.5538340336134453 0.02857142857142847 0.028886554621848748
1 0.48035714285714287 0.9298844537815125 0.030714285714285694 0.030987394957983194
1 0.46714285714285714 0.9548319327731092 0.037142857142857144 0.031512605042016806
1 0.4610714285714286 0.9842436974789917 0.02214285714285713 0.027310924369747913
1 0.6025 0.7465861344537814 0.01928571428571424 0.030987394957983194
0 0.38642857142857145 0.06853991596638656 0.03999999999999998 0.04149159663865547
0 0.5349999999999999 0.4540441176470588 0.03142857142857147 0.041491596638655426
0 0.6114285714285714 0.5569852941176471 0.037142857142857144 0.04359243697478998
0 0.43607142857142855 0.7946428571428572 0.024999999999999967 0.031512605042016806
0 0.4739285714285714 0.7644432773109244 0.02928571428571425 0.03308823529411764
0 0.8871428571428571 0.4684873949579832 0.027142857142857135 0.050420168067226934
0 0.5960714285714286 0.4881827731092437 0.026428571428571468 0.03518907563025209
1 0.5932142857142857 0.3132878151260504 0.023571428571428577 0.03518907563025209
0 0.405 0.5685399159663865 0.041428571428571426 0.04569327731092443
0 0.585 0.45719537815126055 0.037142857142857144 0.04779411764705882
1 0.6060714285714286 0.6696428571428572 0.02928571428571425 0.027310924369747913
0 0.5046428571428572 0.5850840336134453 0.026428571428571468 0.03361344537815125
0 0.4403571428571429 0.6152836134453781 0.029285714285714304 0.030987394957983194
0 0.4482142857142857 0.73109243697479 0.03642857142857142 0.037815126050420145
0 0.5096428571428572 0.6320903361344539 0.024999999999999967 0.03518907563025209
0 0.5378571428571428 0.650735294117647 0.02857142857142858 0.031512605042016806
1 0.235 0.6675420168067228 0.031428571428571445 0.0357142857142857
0 0.5142857142857142 0.24133403361344535 0.03142857142857147 0.05829831932773108
1 0.935 0.6039915966386555 0.034285714285714364 0.04201680672268904
1 0.3782142857142857 0.7570903361344539 0.03214285714285714 0.03939075630252098
0 0.06 0.4779411764705882 0.03142857142857144 0.03991596638655465
0 0.29892857142857143 0.43093487394957986 0.03500000000000003 0.03308823529411764
0 0.42107142857142854 0.42043067226890757 0.03785714285714287 0.041491596638655426
0 0.48857142857142855 0.41412815126050423 0.02999999999999997 0.0625
1 0.38535714285714284 0.9789915966386555 0.026428571428571412 0.037815126050420145
0 0.9810714285714286 0.5404411764705883 0.03500000000000003 0.0357142857142857
1 0.5810714285714286 0.6622899159663866 0.026428571428571468 0.02941176470588236
1 0.04392857142857143 0.33324579831932777 0.03357142857142857 0.05409663865546216
