1 0.48035714285714287 0.9309348739495797 0.030714285714285694 0.028886554621848748
1 0.47464285714285714 0.953781512605042 0.033571428571428585 0.02941176470588236
1 0.47464285714285714 0.9789915966386555 0.025000000000000022 0.03361344537815125
1 0.4875 0.9852941176470589 0.025000000000000022 0.021008403361344574
0 0.5857142857142856 0.47058823529411764 0.04142857142857148 0.03361344537815125
0 0.624642857142857 0.46638655462184875 0.01928571428571424 0.04201680672268904
0 0.5667857142857143 0.5811449579831933 0.023571428571428577 0.041491596638655426
0 0.5160714285714285 0.5674894957983193 0.01928571428571424 0.04359243697478998
0 0.4275 0.7434348739495799 0.02214285714285713 0.04569327731092443
0 0.43857142857142856 0.8216911764705883 0.027142857142857135 0.03518907563025209
0 0.46285714285714286 0.7809873949579832 0.024285714285714244 0.04201680672268915
1 0.20607142857142857 0.4810924369747899 0.026428571428571412 0.03361344537815125
0 0.4496428571428571 0.8673844537815125 0.024999999999999967 0.03939075630252098
1 0.6032142857142857 0.7465861344537814 0.026428571428571468 0.03518907563025209
0 0.4167857142857143 0.8705357142857142 0.026428571428571412 0.03728991596638653
0 0.41607142857142854 0.9340861344537814 0.024999999999999967 0.03518907563025209
0 0.39 0.9747899159663866 0.03285714285714286 0.037815126050420145
0 0.4125 0.8059348739495797 0.024999999999999967 0.041491596638655426
0 0.28714285714285714 0.5207457983193278 0.04428571428571426 0.05829831932773116
1 0.08821428571428572 0.5622373949579832 0.024999999999999994 0.037289915966386644
5 0.1607142857142857 0.1987920168067227 0.07999999999999999 0.0435924369747899
0 0.7703571428571429 0.6268382352941176 0.033571428571428585 0.04989495798319332
1 0.2275 0.6777836134453781 0.027857142857142858 0.02258403361344541
0 0.49892857142857144 0.033088235294117654 0.03214285714285714 0.033613445378151266
0 0.5275 0.30593487394957986 0.03642857142857148 0.045693277310924374
0 0.3442857142857143 0.4101890756302521 0.041428571428571426 0.04201680672268909
1 0.05107142857142857 0.5330882352941178 0.027857142857142858 0.02941176470588236
0 0.6482142857142857 0.5456932773109244 0.030714285714285694 0.03361344537815125
3 0.1225 0.5267857142857142 0.03500000000000002 0.037815126050420145
2 0.5039285714285714 0.6163340336134453 0.019285714285714295 0.03728991596638653
0 0.565 0.6362920168067228 0.029999999999999916 0.047794117647058765
0 0.09571428571428572 0.4590336134453782 0.04714285714285714 0.03991596638655465
0 0.34571428571428575 0.5895483193277311 0.041428571428571426 0.05829831932773111
1 0.5567857142857143 0.6977415966386555 0.030714285714285694 0.03728991596638653
0 0.05392857142857142 0.43513655462184875 0.02785714285714285 0.045693277310924374
0 0.03571428571428571 0.4477415966386555 0.041428571428571426 0.028886554621848748
0 0.47464285714285714 0.14968487394957986 0.030714285714285694 0.03781512605042017
0 0.5774999999999999 0.10582983193277312 0.025000000000000022 0.04989495798319328
0 0.4467857142857143 0.4267331932773109 0.03928571428571426 0.028886554621848748
1 0.5467857142857142 0.6830357142857142 0.025000000000000022 0.028886554621848748
1 0.33035714285714285 0.8933823529411764 0.025000000000000022 0.03361344537815125
