0 0.7735714285714286 0.46113445378151263 0.04714285714285715 0.03991596638655465
0 0.04285714285714286 0.2725840336134454 0.038571428571428576 0.029411764705882304
0 0.5460714285714285 0.5517331932773109 0.026428571428571468 0.04569327731092432
0 0.5760714285714286 0.521796218487395 0.033571428571428585 0.05199579831932777
0 0.42607142857142855 0.7862394957983194 0.027857142857142858 0.0357142857142857
0 0.4482142857142857 0.8216911764705883 0.027857142857142858 0.03518907563025209
0 0.3221428571428572 0.6058298319327731 0.0471428571428571 0.041491596638655426
0 0.40964285714285714 0.8550420168067228 0.030714285714285694 0.03991596638655459
0 0.5967857142857143 0.6163340336134453 0.033571428571428585 0.03308823529411764
0 0.4217857142857143 0.9070378151260504 0.022142857142857186 0.0399159663865547
1 0.31678571428571434 0.8143382352941176 0.01785714285714285 0.024684873949579744
0 0.43392857142857144 0.9445903361344539 0.029285714285714304 0.03939075630252098
0 0.3967857142857143 0.9112394957983194 0.025000000000000022 0.03991596638655459
0 0.10928571428571429 0.529936974789916 0.05 0.03571428571428581
0 0.5114285714285715 0.6247373949579832 0.040000000000000036 0.04149159663865554
1 0.47178571428571425 0.9298844537815125 0.027857142857142858 0.0267857142857143
1 0.7857142857142857 0.5903361344537814 0.017142857142857126 0.031512605042016806
0 0.4525 0.7497373949579832 0.030714285714285694 0.037289915966386644
1 0.4682142857142857 0.9590336134453781 0.02071428571428574 0.02310924369747902
1 0.46464285714285714 0.9831932773109244 0.025000000000000022 0.025210084033613467
1 0.4853571428571429 0.9852941176470589 0.023571428571428577 0.021008403361344574
0 0.415 0.5892857142857142 0.04714285714285715 0.037815126050420145
2 0.6553571428571429 0.4267331932773109 0.03928571428571437 0.028886554621848748
0 0.5910714285714286 0.01759453781512605 0.02499999999999991 0.0351890756302521
0 0.5567857142857142 0.0506827731092437 0.027857142857142914 0.04359243697478992
0 0.5817857142857142 0.09978991596638656 0.033571428571428585 0.04201680672268908
0 0.0275 0.46743697478991597 0.04214285714285714 0.0357142857142857
0 0.46785714285714286 0.07379201680672269 0.041428571428571426 0.03939075630252101
1 0.2475 0.13944327731092437 0.02642857142857144 0.028886554621848748
0 0.9803571428571428 0.5246848739495797 0.033571428571428585 0.037815126050420145
0 0.5682142857142858 0.3904936974789916 0.02928571428571425 0.03939075630252098
0 0.24964285714285717 0.46743697478991597 0.042142857142857176 0.031512605042016806
1 0.07035714285714285 0.5496323529411764 0.027857142857142858 0.03308823529411764
0 0.5467857142857142 0.4477415966386554 0.036428571428571366 0.04149159663865548
0 0.5371428571428571 0.32484243697478987 0.03285714285714292 0.04149159663865548
0 0.5217857142857143 0.5496323529411764 0.02214285714285713 0.04989495798319321
0 0.6446428571428571 0.5727415966386555 0.02928571428571425 0.041491596638655426
0 0.37107142857142855 0.8122373949579832 0.0407142857142857 0.03308823529411775
0 0.2825 0.5632878151260504 0.034999999999999976 0.0351890756302522
1 0.24535714285714286 0.6559873949579832 0.027857142857142858 0.02941176470588225
1 0.5339285714285714 0.6893382352941178 0.020714285714285685 0.03308823529411764
1 0.33785714285714286 0.8933823529411764 0.024285714285714244 0.03361344537815125
