1 0.6553030303030303 0.07182067703568161 0.03585858585858581 0.052150045745654156
1 0.21994949494949495 0.3536139066788655 0.03989898989898988 0.057639524245196694
0 0.7664141414141414 0.4707227813357731 0.04191919191919191 0.05397987191216835
1 0.7247474747474747 0.15050320219579139 0.033333333333333326 0.03934126258005491
1 0.3151515151515152 0.34400731930466605 0.0474747474747475 0.06038426349496795
1 0.6588383838383838 0.12442817932296432 0.020707070707070785 0.04208600182982615
1 0.6595959595959596 0.15782250686184812 0.025252525252525304 0.03751143641354071
1 0.6823232323232323 0.1495882891125343 0.02929292929292937 0.03751143641354071
1 0.6818181818181819 0.12031107044830741 0.022222222222222254 0.03751143641354071
1 0.7381313131313132 0.12763037511436415 0.03181818181818186 0.039341262580054895
