0 0.3335714285714286 0.164390756302521 0.037142857142857144 0.04201680672268909
0 0.14250000000000002 0.5309873949579832 0.030714285714285722 0.02941176470588225
0 0.029642857142857144 0.2715336134453782 0.04071428571428572 0.03991596638655465
0 0.26357142857142857 0.3663340336134454 0.027142857142857135 0.033088235294117696
0 0.06607142857142857 0.4632352941176471 0.025 0.0357142857142857
0 0.5632142857142857 0.15388655462184875 0.025000000000000022 0.03361344537815125
1 0.12178571428571427 0.011292016806722689 0.03357142857142857 0.022584033613445378
0 0.4710714285714286 0.5674894957983194 0.029285714285714304 0.03518907563025209
1 0.36678571428571427 0.9894957983193278 0.01785714285714285 0.01680672268907568
1 0.4642857142857143 0.7851890756302522 0.018571428571428572 0.03361344537815125
1 0.41964285714285715 0.6738445378151261 0.026428571428571468 0.027310924369747913
1 0.4335714285714286 0.6977415966386555 0.015714285714285736 0.024684873949579855
1 0.3489285714285714 0.8319327731092436 0.023571428571428577 0.031512605042016806
0 0.16964285714285715 0.2851890756302521 0.03214285714285714 0.025210084033613467
0 0.49392857142857144 0.7050945378151261 0.02214285714285713 0.03518907563025209
0 0.4821428571428571 0.6310399159663866 0.03999999999999998 0.03308823529411764
0 0.5253571428571429 0.6433823529411764 0.026428571428571468 0.03361344537815125
0 0.5496428571428571 0.5811449579831933 0.04500000000000004 0.03728991596638653
0 0.5457142857142857 0.5267857142857142 0.052857142857142936 0.037815126050420145
0 0.5753571428571429 0.4487920168067227 0.05357142857142849 0.030987394957983194
0 0.5189285714285714 0.4424894957983193 0.030714285714285694 0.060399159663865554
0 0.35750000000000004 0.4466911764705882 0.026428571428571412 0.022584033613445353
0 0.5710714285714286 0.3642331932773109 0.02928571428571436 0.028886554621848748
0 0.5275000000000001 0.2967436974789916 0.027857142857142914 0.031512605042016806
0 0.5578571428571428 0.26759453781512604 0.0357142857142857 0.03518907563025209
0 0.8085714285714286 0.4726890756302521 0.040000000000000036 0.04201680672268909
1 0.4432142857142857 0.9196428571428572 0.023571428571428577 0.02310924369747902
1 0.6775 0.5706407563025211 0.02214285714285713 0.028886554621848748
1 0.38392857142857145 0.9579831932773109 0.03214285714285714 0.03361344537815125
1 0.40821428571428575 0.9298844537815125 0.019285714285714295 0.0267857142857143
1 0.40535714285714286 0.828781512605042 0.030714285714285694 0.025210084033613467
1 0.5967857142857143 0.7268907563025211 0.025000000000000022 0.02941176470588236
1 0.5385714285714286 0.7029936974789917 0.014285714285714235 0.030987394957983194
0 0.9067857142857143 0.5267857142857142 0.03642857142857148 0.03361344537815125
1 0.4382142857142857 0.9548319327731092 0.025000000000000022 0.031512605042016806
0 0.7067857142857142 0.42673319327731096 0.033571428571428585 0.03728991596638659
1 0.4860714285714286 0.9852941176470589 0.022142857142857186 0.021008403361344574
1 0.24464285714285716 0.6746323529411764 0.023571428571428604 0.028886554621848748
1 0.04678571428571429 0.02888655462184874 0.025 0.03361344537815126
1 0.09 0.619485294117647 0.020000000000000004 0.0267857142857143
1 0.5760714285714286 0.6759453781512605 0.02499999999999991 0.018907563025210128
0 0.1532142857142857 0.2507878151260504 0.035 0.03518907563025209
1 0.3225 0.596638655462185 0.020714285714285685 0.027310924369747913
1 0.23178571428571426 0.3434873949579832 0.024999999999999994 0.025210084033613467
1 0.5003571428571428 0.7090336134453781 0.017857142857142794 0.027310924369747913
1 0.4689285714285714 0.8820903361344539 0.025000000000000022 0.03518907563025209
1 0.48392857142857143 0.8529411764705883 0.02928571428571425 0.018907563025210128
