0 0.4175 0.9206932773109244 0.024999999999999967 0.025210084033613467
0 0.13178571428571428 0.4466911764705882 0.030714285714285708 0.04779411764705882
0 0.6164285714285714 0.5446428571428572 0.04428571428571426 0.031512605042016806
0 0.69 0.5341386554621849 0.04714285714285704 0.0399159663865547
0 0.3539285714285714 0.2465861344537815 0.04214285714285715 0.05199579831932771
0 0.23357142857142857 0.44353991596638653 0.03999999999999998 0.03728991596638659
0 0.5542857142857143 0.3715861344537815 0.0485714285714286 0.03939075630252098
0 0.5407142857142857 0.2644432773109244 0.03142857142857136 0.049894957983193294
0 0.24428571428571427 0.2342436974789916 0.05000000000000002 0.031512605042016806
0 0.91 0.5372899159663866 0.03428571428571425 0.037815126050420145
2 0.5446428571428572 0.6861869747899159 0.03785714285714292 0.030987394957983194
0 0.4542857142857143 0.6092436974789917 0.051428571428571435 0.031512605042016806
1 0.2425 0.6777836134453781 0.02214285714285713 0.03939075630252098
0 0.5560714285714285 0.42043067226890757 0.03214285714285714 0.04989495798319332
0 0.4010714285714285 0.5779936974789917 0.05499999999999999 0.03518907563025209
0 0.037142857142857144 0.27888655462184875 0.02714285714285714 0.02941176470588236
0 0.49964285714285717 0.6735819327731092 0.024999999999999967 0.030987394957983194
0 0.45535714285714285 0.5871848739495797 0.03928571428571426 0.037815126050420145
0 0.5614285714285714 0.3258928571428571 0.034285714285714364 0.04359243697478993
0 0.4546428571428571 0.7027310924369747 0.029285714285714304 0.027310924369747913
0 0.4117857142857143 0.7371323529411764 0.026428571428571412 0.03728991596638653
1 0.12392857142857144 0.266281512605042 0.04071428571428572 0.025210084033613467
1 0.34750000000000003 0.14679621848739496 0.04357142857142854 0.04359243697478993
0 0.40035714285714286 0.6840861344537815 0.023571428571428577 0.05199579831932777
0 0.4396428571428571 0.66859243697479 0.022142857142857186 0.03361344537815125
0 0.4753571428571428 0.6622899159663866 0.029285714285714304 0.02941176470588236
1 0.42892857142857144 0.7476365546218486 0.025000000000000022 0.028886554621848748
0 0.5310714285714286 0.6029411764705883 0.026428571428571357 0.03991596638655459
0 0.5603571428571429 0.60609243697479 0.026428571428571468 0.02941176470588236
1 0.4996428571428571 0.6924894957983194 0.02214285714285713 0.0267857142857143
1 0.3532142857142857 0.7153361344537815 0.026428571428571412 0.044117647058823595
1 0.06964285714285715 0.5320378151260505 0.029285714285714283 0.031512605042016806
0 0.28214285714285714 0.5580357142857142 0.037142857142857144 0.028886554621848748
0 0.500357142857143 0.556985294117647 0.03500000000000003 0.03939075630252098
0 0.54 0.5674894957983194 0.03857142857142859 0.03939075630252098
0 0.8060714285714285 0.5225840336134453 0.03785714285714281 0.037815126050420145
0 0.2571428571428571 0.31538865546218486 0.03999999999999998 0.03518907563025209
1 0.485 0.2665441176470588 0.037142857142857144 0.03728991596638653
0 0.31107142857142855 0.32379201680672265 0.024999999999999967 0.039390756302521035
1 0.016785714285714286 0.4902836134453782 0.020714285714285713 0.026785714285714246
1 0.6339285714285714 0.36843487394957986 0.023571428571428577 0.045693277310924374
1 0.48250000000000004 0.9590336134453781 0.029285714285714304 0.027310924369747913
0 0.7010714285714286 0.5685399159663866 0.033571428571428585 0.020483193277310963
1 0.4760714285714286 0.9028361344537814 0.024999999999999967 0.027310924369747913
1 0.48392857142857143 0.8539915966386555 0.02928571428571425 0.021008403361344574
