0 0.5378571428571428 0.19248949579831934 0.024285714285714355 0.030987394957983194
0 0.5275000000000001 0.05698529411764706 0.027857142857142914 0.018382352941176475
0 0.5467857142857143 0.09243697478991597 0.030714285714285694 0.03571428571428571
0 0.33571428571428574 0.3122373949579832 0.02999999999999997 0.041491596638655426
0 0.9175 0.5070903361344539 0.033571428571428585 0.0267857142857143
0 0.7628571428571429 0.5049894957983193 0.037142857142857144 0.03098739495798325
1 0.23392857142857143 0.6767331932773109 0.026428571428571412 0.03308823529411764
0 0.5457142857142857 0.32484243697478987 0.04142857142857137 0.04149159663865548
0 0.6060714285714286 0.34243697478991597 0.023571428571428577 0.031512605042016806
0 0.5932142857142857 0.10189075630252101 0.02928571428571425 0.02941176470588236
0 0.5675 0.4642857142857143 0.02499999999999991 0.03361344537815125
1 0.20535714285714285 0.48608193277310924 0.030714285714285722 0.030987394957983194
0 0.14107142857142857 0.5383403361344539 0.027857142857142858 0.03991596638655459
0 0.2817857142857143 0.46218487394957986 0.024999999999999967 0.0378151260504202
0 0.3503571428571428 0.7830882352941176 0.03785714285714287 0.04621848739495804
0 0.3296428571428571 0.7090336134453781 0.034999999999999976 0.0357142857142857
0 0.4989285714285714 0.7090336134453781 0.029285714285714304 0.027310924369747913
0 0.5425 0.5790441176470589 0.025000000000000022 0.03308823529411764
0 0.6039285714285714 0.48608193277310924 0.027857142857142914 0.03939075630252098
0 0.8217857142857143 0.4319852941176471 0.027857142857142914 0.030987394957983194
0 0.6371428571428571 0.5007878151260504 0.03285714285714292 0.03098739495798325
0 0.5475 0.5425420168067228 0.0407142857142857 0.031512605042016806
0 0.6160714285714286 0.596638655462185 0.027857142857142914 0.031512605042016806
0 0.6746428571428571 0.5727415966386555 0.01928571428571424 0.03728991596638653
1 0.4325 0.7413340336134453 0.026428571428571468 0.024684873949579855
0 0.215 0.20588235294117646 0.03285714285714286 0.03361344537815128
0 0.3810714285714286 0.9017857142857142 0.029285714285714304 0.03361344537815125
0 0.4114285714285714 0.9143907563025211 0.018571428571428572 0.02941176470588236
0 0.3689285714285714 0.5727415966386555 0.03642857142857142 0.041491596638655426
0 0.5525 0.41964285714285715 0.03928571428571437 0.0357142857142857
0 0.5378571428571428 0.6693802521008403 0.021428571428571463 0.03939075630252098
1 0.32392857142857145 0.289390756302521 0.02071428571428574 0.04201680672268909
0 0.45964285714285713 0.6423319327731092 0.025000000000000022 0.031512605042016806
0 0.25785714285714284 0.4571953781512605 0.0357142857142857 0.06460084033613445
0 0.48035714285714287 0.7476365546218487 0.030714285714285694 0.037289915966386644
0 0.6089285714285715 0.20089285714285715 0.03214285714285714 0.03939075630252101
0 0.11464285714285714 0.3747373949579832 0.024999999999999994 0.05829831932773111
1 0.45535714285714285 0.3122373949579832 0.025000000000000022 0.028886554621848748
1 0.4182142857142857 0.6717436974789917 0.023571428571428577 0.02310924369747902
1 0.07250000000000001 0.3944327731092437 0.026428571428571426 0.0357142857142857
0 0.2907142857142857 0.28308823529411764 0.037142857142857144 0.05042016806722688
0 0.4267857142857143 0.7019432773109244 0.029285714285714304 0.028886554621848748
0 0.8989285714285714 0.5464810924369747 0.023571428571428577 0.03939075630252098
