0 0.6767857142857143 0.383140756302521 0.026428571428571357 0.028886554621848692
1 0.24678571428571427 0.0976890756302521 0.030714285714285694 0.03781512605042017
1 0.6603571428571429 0.6268382352941178 0.023571428571428577 0.028886554621848748
0 0.5196428571428571 0.5580357142857142 0.03214285714285714 0.03308823529411764
0 0.5360714285714285 0.42358193277310924 0.025000000000000022 0.03939075630252098
1 0.5246428571428572 0.4810924369747899 0.02214285714285713 0.037815126050420145
0 0.23035714285714287 0.3894432773109244 0.03642857142857145 0.03728991596638653
0 0.7760714285714285 0.5246848739495797 0.027857142857142914 0.02941176470588236
0 0.5703571428571428 0.5790441176470589 0.02214285714285713 0.03308823529411764
0 0.5896428571428571 0.5871848739495797 0.02214285714285713 0.03361344537815125
1 0.4592857142857143 0.8529411764705883 0.017142857142857126 0.031512605042016806
1 0.485 0.8592436974789917 0.018571428571428572 0.02310924369747902
0 0.5803571428571428 0.03939075630252101 0.030714285714285805 0.04201680672268908
0 0.5689285714285715 0.34978991596638653 0.027857142857142803 0.02941176470588236
1 0.08392857142857144 0.619485294117647 0.032142857142857154 0.02258403361344541
1 0.08642857142857144 0.5955882352941178 0.03142857142857143 0.02941176470588236
1 0.3075 0.03125 0.01785714285714285 0.0625
0 0.4789285714285714 0.13734243697478993 0.033571428571428585 0.04989495798319328
0 0.8782142857142857 0.453781512605042 0.023571428571428577 0.02941176470588236
0 0.19428571428571428 0.27888655462184875 0.03857142857142859 0.04201680672268904
0 0.06785714285714287 0.45509453781512604 0.03571428571428571 0.03518907563025209
0 0.4575 0.7746848739495797 0.03214285714285714 0.037815126050420145
0 0.41607142857142854 0.91859243697479 0.024999999999999967 0.037815126050420145
0 0.12892857142857145 0.5246848739495797 0.039285714285714285 0.03361344537815125
0 0.45678571428571424 0.8080357142857142 0.027857142857142858 0.03728991596638653
0 0.5775 0.5517331932773109 0.027857142857142803 0.028886554621848748
1 0.5946428571428571 0.06538865546218488 0.020714285714285685 0.04779411764705883
1 0.32607142857142857 0.16859243697478993 0.030714285714285694 0.02941176470588233
1 0.20464285714285713 0.588235294117647 0.035 0.027310924369747913
0 0.5385714285714286 0.6696428571428572 0.027142857142857135 0.031512605042016806
1 0.48035714285714287 0.9582457983193278 0.033571428571428585 0.04989495798319321
1 0.05107142857142857 0.6039915966386555 0.033571428571428565 0.02941176470588236
1 0.07035714285714285 0.6018907563025211 0.03357142857142858 0.02941176470588236
0 0.44535714285714284 0.7082457983193278 0.030714285714285694 0.041491596638655426
0 0.4167857142857143 0.7809873949579832 0.026428571428571412 0.04621848739495804
1 0.4810714285714286 0.8726365546218487 0.029285714285714304 0.037289915966386644
0 0.3960714285714286 0.8684348739495797 0.026428571428571468 0.041491596638655426
0 0.5596428571428571 0.10688025210084034 0.01928571428571424 0.047794117647058834
