1 0.3017857142857143 0.3757878151260504 0.026428571428571412 0.030987394957983194
1 0.26357142857142857 0.24238445378151263 0.03285714285714289 0.030987394957983222
0 0.11071428571428571 0.6851365546218487 0.03285714285714285 0.04989495798319332
0 0.7685714285714286 0.3705357142857143 0.05714285714285716 0.04989495798319327
0 0.8217857142857143 0.38839285714285715 0.04214285714285715 0.05199579831932777
0 0.5628571428571428 0.6404936974789917 0.03428571428571425 0.05199579831932766
0 0.49428571428571433 0.4561449579831933 0.041428571428571426 0.045693277310924374
0 0.385 0.3841911764705882 0.03428571428571425 0.039390756302521035
0 0.5814285714285714 0.45089285714285715 0.04714285714285715 0.030987394957983194
0 0.38357142857142856 0.4632352941176471 0.03428571428571425 0.031512605042016806
0 0.5432142857142856 0.4902836134453782 0.03500000000000003 0.05199579831932777
1 0.4475 0.4382878151260504 0.03500000000000003 0.030987394957983194
0 0.7378571428571428 0.4737394957983193 0.0485714285714286 0.052521008403361324
1 0.7560714285714285 0.6152836134453781 0.03500000000000003 0.04359243697478987
0 0.5464285714285715 0.5811449579831933 0.0485714285714286 0.041491596638655426
0 0.6067857142857143 0.633140756302521 0.033571428571428585 0.07090336134453779
0 0.23642857142857143 0.6756827731092436 0.0485714285714286 0.05199579831932766
1 0.7475 0.5863970588235294 0.040714285714285814 0.05199579831932777
0 0.3392857142857143 0.5446428571428572 0.04857142857142854 0.031512605042016806
1 0.6407142857142858 0.7539390756302522 0.03142857142857147 0.03728991596638653
1 0.35464285714285715 0.3526785714285714 0.020714285714285685 0.05199579831932771
1 0.39035714285714285 0.3353466386554622 0.020714285714285685 0.04989495798319327
1 0.8260714285714286 0.5685399159663865 0.022142857142857242 0.04989495798319332
0 0.08499999999999999 0.516281512605042 0.034285714285714294 0.02941176470588236
0 0.265 0.7163865546218486 0.032857142857142835 0.02941176470588236
0 0.6225 0.48214285714285715 0.03500000000000003 0.031512605042016806
0 0.5567857142857143 0.6683298319327731 0.033571428571428585 0.04989495798319321
1 0.5282142857142857 0.6727941176470589 0.026428571428571468 0.02941176470588236
1 0.5317857142857143 0.703781512605042 0.01928571428571435 0.02941176470588236
1 0.5103571428571428 0.6935399159663865 0.026428571428571412 0.04989495798319332
