0 0.48571428571428577 0.6029411764705883 0.061428571428571443 0.08088235294117652
0 0.8871428571428571 0.41938025210084034 0.050000000000000044 0.05199579831932777
1 0.4567857142857143 0.7943802521008403 0.033571428571428585 0.05199579831932766
0 0.4753571428571428 0.8495273109243697 0.04642857142857143 0.0625
1 0.4585714285714286 0.19353991596638656 0.04571428571428571 0.0625
0 0.1557142857142857 0.6509978991596639 0.04857142857142857 0.05619747899159666
1 0.8542857142857143 0.38629201680672265 0.05142857142857138 0.08560924369747897
0 0.6371428571428572 0.3904936974789916 0.0357142857142857 0.05199579831932777
1 0.1557142857142857 0.6914390756302521 0.04000000000000001 0.05829831932773111
0 0.9364285714285714 0.47794117647058826 0.05428571428571427 0.08508403361344541
1 0.6703571428571429 0.6257878151260504 0.03928571428571426 0.04359243697478998
0 0.21892857142857144 0.49238445378151263 0.06642857142857145 0.07720588235294118
1 0.31214285714285717 0.042279411764705885 0.04999999999999999 0.060399159663865554
1 0.5742857142857143 0.36318277310924374 0.05142857142857138 0.07300420168067229
0 0.3321428571428572 0.709296218487395 0.09857142857142859 0.07300420168067223
0 0.23392857142857143 0.6735819327731092 0.07928571428571429 0.06880252100840345
2 0.06285714285714286 0.610031512605042 0.054285714285714284 0.04569327731092432
0 0.09607142857142859 0.5049894957983193 0.07357142857142858 0.08981092436974797
0 0.3392857142857143 0.9435399159663865 0.07142857142857145 0.0625
1 0.2560714285714286 0.1672794117647059 0.03785714285714287 0.05199579831932774
0 0.47535714285714287 0.05383403361344538 0.062142857142857166 0.07510504201680672
0 0.5253571428571429 0.2549894957983193 0.05071428571428571 0.0814075630252101
0 0.5482142857142858 0.12578781512605042 0.05785714285714294 0.085609243697479
1 0.3642857142857143 0.03308823529411765 0.07142857142857145 0.0546218487394958
0 0.5657142857142857 0.33639705882352944 0.05142857142857138 0.07300420168067229
0 0.6585714285714286 0.5238970588235294 0.04571428571428571 0.060399159663865554
0 0.562142857142857 0.4382878151260504 0.052857142857142825 0.07300420168067223
0 0.6514285714285715 0.44879201680672265 0.05142857142857149 0.05199579831932771
0 0.5842857142857143 0.5370273109243697 0.04714285714285715 0.06670168067226889
0 0.562857142857143 0.6299894957983193 0.06857142857142862 0.07300420168067223
