1 0.8914285714285715 0.6068802521008403 0.03285714285714281 0.05199579831932766
1 0.24142857142857144 0.6830357142857143 0.04714285714285715 0.0625
2 0.3385714285714285 0.4913340336134454 0.041428571428571426 0.054096638655462215
0 0.4232142857142857 0.8484768907563025 0.03928571428571426 0.06460084033613445
0 0.4035714285714286 0.9298844537815126 0.04714285714285715 0.060399159663865554
0 0.42321428571428577 0.9758403361344539 0.03642857142857142 0.03991596638655459
0 0.4764285714285714 0.6882878151260504 0.04857142857142854 0.060399159663865554
0 0.5892857142857143 0.561186974789916 0.05142857142857138 0.04359243697478998
0 0.54 0.6194852941176471 0.04999999999999993 0.08140756302521002
0 0.5921428571428571 0.6058298319327731 0.04571428571428571 0.0625
1 0.02535714285714286 0.04543067226890756 0.04071428571428572 0.0625
0 0.22107142857142859 0.5601365546218487 0.06499999999999997 0.054096638655462215
0 0.6796428571428572 0.5580357142857143 0.06500000000000006 0.04569327731092443
0 0.3778571428571429 0.5821953781512605 0.04857142857142854 0.05199579831932766
1 0.49 0.7455357142857143 0.035714285714285754 0.054096638655462215
0 0.5242857142857142 0.07694327731092437 0.05142857142857149 0.05409663865546219
0 0.5428571428571429 0.17568277310924368 0.04142857142857148 0.07300420168067226
0 0.585 0.4059873949579832 0.05142857142857149 0.050420168067226934
1 0.5492857142857143 0.2237394957983193 0.05142857142857138 0.08508403361344538
0 0.4107142857142857 0.29438025210084034 0.0357142857142857 0.05199579831932777
1 0.2307142857142857 0.25183823529411764 0.04000000000000001 0.05829831932773108
1 0.2785714285714286 0.7124474789915967 0.04714285714285715 0.05829831932773111
0 0.11785714285714285 0.5196953781512605 0.058571428571428566 0.03939075630252098
0 0.032857142857142856 0.5204831932773109 0.05285714285714286 0.037815126050420145
1 0.8607142857142858 0.3484768907563025 0.04142857142857148 0.056197478991596606
1 0.265 0.6830357142857142 0.035714285714285726 0.03728991596638653
1 0.02857142857142857 0.4277836134453782 0.049999999999999996 0.07300420168067229
1 0.09928571428571428 0.672531512605042 0.04857142857142857 0.066701680672269
1 0.06964285714285715 0.4214810924369748 0.03785714285714285 0.05199579831932777
1 0.19178571428571428 0.22452731092436976 0.07071428571428573 0.07090336134453784
