0 0.2657142857142857 0.36003151260504207 0.03142857142857142 0.045693277310924374
0 0.4267857142857143 0.8497899159663866 0.03785714285714287 0.04201680672268904
0 0.9660714285714286 0.5425420168067228 0.02499999999999991 0.02310924369747902
1 0.22392857142857142 0.6633403361344539 0.01214285714285715 0.018907563025210128
1 0.5925 0.7363445378151261 0.025000000000000022 0.027310924369747913
1 0.031785714285714285 0.010241596638655462 0.027857142857142858 0.020483193277310924
0 0.355 0.9445903361344538 0.04428571428571432 0.047794117647058876
1 0.2225 0.6433823529411764 0.015000000000000013 0.025210084033613467
0 0.9760714285714286 0.516281512605042 0.027857142857142803 0.025210084033613467
1 0.5703571428571428 0.13839285714285715 0.027857142857142914 0.05619747899159663
0 0.7657142857142858 0.5309873949579832 0.0485714285714286 0.03361344537815136
1 0.5178571428571429 0.5215336134453781 0.04428571428571432 0.0357142857142857
1 0.4496428571428571 0.9737394957983194 0.024999999999999967 0.02310924369747902
1 0.5596428571428571 0.6882878151260504 0.025000000000000022 0.022584033613445298
0 0.09964285714285714 0.45798319327731096 0.024999999999999994 0.0378151260504202
1 0.32107142857142856 0.2392331932773109 0.03500000000000003 0.02888655462184872
0 0.07107142857142856 0.28413865546218486 0.026428571428571426 0.031512605042016806
1 0.8525 0.578781512605042 0.02214285714285713 0.02941176470588236
1 0.3246428571428571 0.11213235294117646 0.019285714285714295 0.03308823529411764
0 0.24678571428571427 0.5288865546218486 0.04214285714285715 0.03361344537815125
0 0.20964285714285713 0.5498949579831933 0.02214285714285716 0.025210084033613467
0 0.4789285714285715 0.44459033613445376 0.027857142857142858 0.039390756302521035
0 0.14607142857142857 0.5183823529411764 0.026428571428571412 0.02941176470588236
0 0.1732142857142857 0.5049894957983193 0.02214285714285713 0.03518907563025214
0 0.3153571428571429 0.16727941176470587 0.026428571428571412 0.04779411764705882
0 0.34464285714285714 0.5601365546218486 0.026428571428571468 0.028886554621848748
0 0.32607142857142857 0.5850840336134453 0.03642857142857142 0.02941176470588236
1 0.4775 0.17778361344537813 0.02214285714285713 0.02258403361344538
0 0.36964285714285716 0.048581932773109245 0.03214285714285714 0.0351890756302521
1 0.08678571428571429 0.6184348739495797 0.023571428571428577 0.024684873949579855
1 0.11607142857142858 0.5477941176470589 0.022142857142857145 0.025210084033613467
1 0.19107142857142856 0.5727415966386555 0.02214285714285716 0.024684873949579855
