1 0.6540404040404041 0.11527904849039342 0.019191919191919204 0.04391582799634036
1 0.8111111111111111 0.9039341262580055 0.04444444444444451 0.032936870997255285
1 0.8020202020202021 0.92451967063129 0.04040404040404033 0.03751143641354071
1 0.6060606060606061 0.49634034766697166 0.02323232323232327 0.02653247941445569
1 0.6095959595959596 0.5205855443732845 0.025252525252525304 0.029277218664226945
1 0.5997474747474747 0.4807868252516011 0.02474747474747474 0.03751143641354071
1 0.26515151515151514 0.07044830741079597 0.02525252525252525 0.049405306495882886
1 0.679040404040404 0.15279048490393413 0.02474747474747474 0.034766697163769456
1 0.6825757575757576 0.11848124428179324 0.023737373737373724 0.037511436413540725
1 0.7378787878787878 0.12946020128087832 0.02929292929292926 0.039341262580054895
