1 0.6608585858585858 0.07136322049405307 0.03080808080808073 0.04391582799634034
1 0.20126262626262625 0.6601097895699908 0.03585858585858587 0.05032021957914001
1 0.22348484848484848 0.35544373284537967 0.03585858585858587 0.05397987191216835
0 0.4580808080808081 0.4515096065873742 0.0414141414141414 0.05397987191216835
1 0.7017676767676768 0.4679780420860018 0.03181818181818186 0.0539798719121683
1 0.6712121212121211 0.10475754803293687 0.02929292929292926 0.052150045745654156
1 0.3638888888888889 0.8806038426349496 0.02777777777777779 0.04117108874656916
1 0.7262626262626263 0.15462031107044832 0.030303030303030276 0.04757548032936873
1 0.7303030303030302 0.05489478499542543 0.033333333333333326 0.04391582799634035
1 0.31287878787878787 0.34400731930466605 0.04292929292929293 0.06038426349496795
1 0.6636363636363636 0.11848124428179323 0.019191919191919093 0.04117108874656908
1 0.663888888888889 0.1537053979871912 0.01666666666666672 0.02927721866422689
1 0.6830808080808081 0.1495882891125343 0.02474747474747474 0.03751143641354071
1 0.6845959595959596 0.12031107044830741 0.02474747474747474 0.03751143641354071
1 0.7393939393939394 0.12991765782250686 0.02929292929292937 0.04391582799634035
