0 0.5657142857142857 0.5727415966386555 0.05142857142857138 0.03728991596638653
0 0.6164285714285714 0.5955882352941176 0.04142857142857137 0.07878151260504196
0 0.5342857142857143 0.5433298319327731 0.04142857142857148 0.0625
0 0.43714285714285717 0.735031512605042 0.0471428571428571 0.04989495798319321
0 0.06857142857142856 0.5236344537815125 0.039999999999999994 0.0357142857142857
1 0.2425 0.6746323529411764 0.030714285714285694 0.054096638655462104
0 0.53 0.2665441176470588 0.04142857142857148 0.03728991596638653
0 0.6539285714285714 0.49763655462184875 0.025000000000000022 0.0625
0 0.3032142857142857 0.5966386554621849 0.043571428571428594 0.044117647058823595
0 0.5128571428571429 0.6767331932773109 0.03428571428571431 0.04989495798319321
0 0.4982142857142857 0.6268382352941176 0.033571428571428585 0.04989495798319332
1 0.11892857142857144 0.27993697478991597 0.022142857142857145 0.04831932773109243
2 0.15714285714285714 0.5351890756302521 0.03999999999999998 0.04621848739495804
0 0.41000000000000003 0.9445903361344538 0.04857142857142854 0.05199579831932777
1 0.6078571428571429 0.6415441176470589 0.04142857142857137 0.058298319327730996
0 0.21857142857142858 0.5622373949579832 0.04000000000000001 0.037289915966386644
0 0.46785714285714286 0.6767331932773109 0.04714285714285715 0.03728991596638653
0 0.24964285714285717 0.5393907563025211 0.042142857142857176 0.04621848739495793
1 0.21928571428571428 0.10793067226890757 0.04714285714285715 0.04989495798319328
0 0.49857142857142855 0.422531512605042 0.04714285714285715 0.06670168067226889
1 0.5375000000000001 0.6882878151260504 0.025000000000000022 0.022584033613445298
1 0.5414285714285714 0.7079831932773109 0.017142857142857237 0.02941176470588236
1 0.5689285714285715 0.7163865546218487 0.030714285714285694 0.054621848739495826
0 0.5442857142857143 0.4724264705882353 0.04142857142857137 0.0625
0 0.6110714285714285 0.5060399159663865 0.02214285714285713 0.05409663865546216
1 0.6885714285714286 0.7124474789915967 0.055714285714285716 0.054096638655462215
1 0.6521428571428571 0.63734243697479 0.04714285714285715 0.041491596638655426
0 0.48642857142857143 0.5871848739495797 0.040000000000000036 0.04201680672268904
0 0.7285714285714286 0.5123424369747899 0.052857142857142825 0.05409663865546216
0 0.32535714285714284 0.42463235294117646 0.0407142857142857 0.054096638655462215
2 0.18285714285714286 0.4934348739495798 0.03857142857142859 0.03728991596638653
3 0.0875 0.28125 0.02500000000000001 0.0625
0 0.0842857142857143 0.4603466386554622 0.05 0.07090336134453784
