0 0.9414285714285714 0.5330882352941178 0.04714285714285715 0.03361344537815125
0 0.5596428571428571 0.30593487394957986 0.030714285714285694 0.04149159663865548
0 0.5467857142857143 0.24763655462184875 0.030714285714285694 0.045693277310924346
0 0.04964285714285714 0.44353991596638653 0.052142857142857144 0.03728991596638659
1 0.5475000000000001 0.6320903361344539 0.03214285714285714 0.0267857142857143
0 0.5021428571428571 0.5601365546218486 0.0471428571428571 0.028886554621848748
1 0.048214285714285716 0.5007878151260504 0.027857142857142858 0.039390756302521035
1 0.014642857142857141 0.5102415966386554 0.02214285714285714 0.04149159663865548
4 0.5857142857142856 0.4162289915966387 0.08571428571428574 0.0625
0 0.6482142857142856 0.445640756302521 0.04500000000000004 0.03728991596638659
0 0.7928571428571429 0.4642857142857143 0.04999999999999993 0.046218487394957986
0 0.09571428571428572 0.2654936974789916 0.04714285714285714 0.03518907563025209
0 0.1757142857142857 0.24343487394957983 0.04999999999999999 0.0246848739495798
4 0.16107142857142856 0.15283613445378152 0.075 0.04411764705882351
1 0.18464285714285716 0.2704831932773109 0.030714285714285722 0.02941176470588236
0 0.15357142857142858 0.28308823529411764 0.05285714285714285 0.02941176470588236
0 0.42714285714285716 0.5706407563025211 0.04714285714285715 0.028886554621848748
0 0.19714285714285715 0.5464810924369747 0.055714285714285716 0.03939075630252098
0 0.4407142857142857 0.6163340336134453 0.05714285714285716 0.03728991596638653
0 0.15214285714285714 0.5060399159663865 0.04714285714285715 0.045693277310924374
1 0.9439285714285715 0.42988445378151263 0.01928571428571435 0.030987394957983194
0 0.5510714285714285 0.17463235294117646 0.033571428571428585 0.05409663865546219
1 0.2717857142857143 0.7019432773109244 0.030714285714285694 0.03728991596638653
0 0.5732142857142857 0.0974264705882353 0.03928571428571426 0.06670168067226892
0 0.54 0.37263655462184875 0.04142857142857148 0.041491596638655426
0 0.3217857142857143 0.14574579831932774 0.030714285714285694 0.04989495798319328
0 0.45392857142857146 0.7392331932773109 0.03071428571428575 0.07930672268907568
0 0.5285714285714286 0.588235294117647 0.050000000000000044 0.03991596638655459
0 0.3842857142857143 0.6121323529411764 0.04714285714285715 0.03728991596638653
0 0.2957142857142857 0.5892857142857142 0.041428571428571426 0.02941176470588236
0 0.35642857142857143 0.5622373949579832 0.052857142857142825 0.028886554621848637
0 0.135 0.5372899159663865 0.042857142857142844 0.04621848739495804
1 0.9010714285714285 0.4414390756302521 0.036428571428571366 0.03728991596638653
1 0.9510714285714286 0.5808823529411764 0.030714285714285694 0.02941176470588236
0 0.8692857142857142 0.5123424369747899 0.0614285714285715 0.05409663865546216
0 0.35892857142857143 0.7392331932773109 0.03214285714285714 0.041491596638655426
4 0.1610714285714286 0.19774159663865545 0.07785714285714287 0.0625
2 0.9782142857142857 0.5060399159663865 0.03214285714285714 0.03728991596638659
0 0.4982142857142857 0.05803571428571429 0.03642857142857148 0.045693277310924374
