1 0.2217857142857143 0.08298319327731093 0.024999999999999994 0.033613445378151266
3 0.21357142857142858 0.22478991596638656 0.03 0.03361344537815125
1 0.09964285714285714 0.2694327731092437 0.03357142857142857 0.027310924369747913
0 0.3075 0.22058823529411764 0.03500000000000003 0.046218487394957986
0 0.5657142857142856 0.02389705882352941 0.04571428571428571 0.04779411764705882
0 0.5700000000000001 0.1047794117647059 0.0485714285714286 0.06460084033613446
1 0.47678571428571426 0.3516281512605042 0.029285714285714304 0.05409663865546216
1 0.5275000000000001 0.7090336134453781 0.02214285714285713 0.031512605042016806
0 0.5503571428571429 0.4070378151260504 0.046428571428571486 0.03991596638655459
1 0.46964285714285714 0.775735294117647 0.026428571428571468 0.03991596638655459
0 0.1217857142857143 0.4955357142857143 0.036428571428571435 0.033088235294117585
0 0.2317857142857143 0.5485819327731092 0.030714285714285694 0.05619747899159655
0 0.36428571428571427 0.5800945378151261 0.04571428571428571 0.04359243697478987
0 0.4971428571428571 0.6121323529411764 0.04999999999999999 0.04989495798319321
0 0.5214285714285714 0.5391281512605042 0.042857142857142816 0.05829831932773111
0 0.6342857142857143 0.5829831932773109 0.055714285714285716 0.037815126050420145
0 0.6185714285714285 0.5538340336134453 0.05428571428571427 0.04569327731092432
0 0.7357142857142858 0.5401785714285714 0.05857142857142861 0.05199579831932777
0 0.8300000000000001 0.5391281512605042 0.05857142857142861 0.06670168067226889
0 0.9307142857142857 0.5433298319327731 0.06000000000000005 0.06670168067226889
0 0.35250000000000004 0.5580357142857143 0.044999999999999984 0.04569327731092443
0 0.29964285714285716 0.44879201680672265 0.05785714285714283 0.05199579831932771
0 0.7435714285714285 0.4424894957983193 0.04571428571428571 0.060399159663865554
2 0.7532142857142857 0.4860819327731092 0.043571428571428594 0.05199579831932771
2 0.7778571428571428 0.43618697478991597 0.04571428571428571 0.060399159663865554
1 0.9503571428571429 0.5779936974789917 0.046428571428571375 0.03518907563025209
0 0.4107142857142857 0.820640756302521 0.04714285714285715 0.05829831932773111
0 0.11642857142857142 0.5267857142857143 0.03857142857142856 0.050420168067226934
0 0.4878571428571429 0.7163865546218487 0.03428571428571431 0.054621848739495826
1 0.6864285714285714 0.4424894957983193 0.039999999999999925 0.056197478991596606
1 0.6589285714285715 0.38734243697478987 0.03214285714285714 0.04149159663865548
4 0.16035714285714286 0.195640756302521 0.07642857142857143 0.0625
1 0.10821428571428571 0.5580357142857142 0.03357142857142857 0.03308823529411764
0 0.6871428571428572 0.42253151260504207 0.06428571428571428 0.045693277310924374
0 0.48 0.5779936974789917 0.04428571428571426 0.05199579831932766
0 0.3232142857142857 0.27494747899159666 0.03642857142857142 0.04989495798319327
0 0.43 0.41412815126050423 0.04428571428571426 0.0625
0 0.3989285714285714 0.6047794117647058 0.0407142857142857 0.04359243697478987
0 0.4792857142857143 0.6622899159663866 0.04857142857142854 0.04201680672268904
0 0.2957142857142857 0.5362394957983193 0.04714285714285715 0.044117647058823595
1 0.265 0.6331407563025211 0.030000000000000027 0.04569327731092432
