0 0.3275 0.2237394957983193 0.02214285714285713 0.03991596638655462
0 0.25821428571428573 0.3862920168067227 0.025000000000000022 0.030987394957983194
1 0.7689285714285714 0.6039915966386555 0.030714285714285694 0.037815126050420145
1 0.8310714285714286 0.7318802521008403 0.026428571428571468 0.03939075630252098
0 0.3607142857142857 0.5821953781512605 0.0357142857142857 0.047794117647058765
0 0.9717857142857143 0.5404411764705883 0.03928571428571426 0.031512605042016806
0 0.48142857142857143 0.8894432773109244 0.04428571428571426 0.04569327731092432
0 0.4039285714285714 0.9621848739495797 0.025000000000000022 0.037815126050420145
0 0.43392857142857144 0.9705882352941176 0.029285714285714304 0.037815126050420256
0 0.5328571428571428 0.1641281512605042 0.04714285714285715 0.05829831932773111
0 0.26035714285714284 0.565388655462185 0.02642857142857144 0.03518907563025209
0 0.5578571428571428 0.07484243697478993 0.03857142857142859 0.04989495798319328
0 0.56 0.2497373949579832 0.034285714285714364 0.05409663865546219
0 0.5571428571428572 0.30488445378151263 0.037142857142857144 0.05199579831932771
0 0.5582142857142858 0.38839285714285715 0.027857142857142914 0.05619747899159666
1 0.6489285714285714 0.38629201680672265 0.023571428571428577 0.039390756302521035
1 0.7032142857142857 0.5007878151260504 0.0407142857142857 0.05619747899159666
0 0.8628571428571428 0.46559873949579833 0.02571428571428569 0.05619747899159666
1 0.1475 0.258140756302521 0.03214285714285714 0.04149159663865548
1 0.5317857142857143 0.686186974789916 0.025000000000000022 0.04359243697478998
0 0.7853571428571429 0.5341386554621849 0.02928571428571436 0.044117647058823595
0 0.9467857142857143 0.4695378151260504 0.033571428571428474 0.07247899159663862
0 0.15464285714285714 0.5320378151260504 0.029285714285714276 0.03571428571428581
0 0.36 0.7912289915966386 0.037142857142857144 0.04569327731092432
0 0.4196428571428571 0.8321953781512605 0.03785714285714287 0.03939075630252098
0 0.46964285714285714 0.5884978991596639 0.03214285714285714 0.05199579831932777
0 0.41607142857142854 0.5643382352941176 0.027857142857142858 0.054096638655462215
0 0.5225 0.5496323529411765 0.03214285714285714 0.05829831932773111
0 0.45107142857142857 0.3841911764705882 0.03928571428571426 0.039390756302521035
4 0.1575 0.19248949579831934 0.07071428571428573 0.06460084033613445
0 0.6239285714285714 0.5204831932773109 0.03500000000000003 0.037815126050420145
1 0.16214285714285714 0.54359243697479 0.03285714285714286 0.03361344537815125
0 0.3296428571428571 0.5433298319327731 0.023571428571428577 0.04569327731092432
1 0.3560714285714286 0.4340861344537815 0.03214285714285714 0.04779411764705882
