1 0.08857142857142858 0.2623424369747899 0.03285714285714285 0.054096638655462215
1 0.7067857142857144 0.57484243697479 0.036428571428571366 0.041491596638655426
1 0.24071428571428571 0.7153361344537815 0.03428571428571428 0.04831932773109249
0 0.5671428571428572 0.22478991596638656 0.037142857142857144 0.05042016806722688
3 0.49464285714285716 0.6893382352941176 0.01785714285714285 0.04149159663865554
0 0.51 0.6404936974789917 0.040000000000000036 0.04359243697478987
1 0.4364285714285714 0.8216911764705883 0.03142857142857142 0.04359243697478987
1 0.4114285714285715 0.88734243697479 0.03142857142857142 0.041491596638655426
4 0.15535714285714286 0.195640756302521 0.07785714285714286 0.05829831932773111
1 0.3253571428571429 0.22373949579831934 0.034999999999999976 0.04831932773109243
0 0.5535714285714286 0.41938025210084034 0.04714285714285715 0.05199579831932777
0 0.5835714285714285 0.5643382352941176 0.037142857142857144 0.04989495798319332
0 0.9099999999999999 0.49133403361344535 0.04571428571428571 0.04569327731092432
0 0.5739285714285715 0.2770483193277311 0.03785714285714281 0.05409663865546216
0 0.6164285714285714 0.5506827731092436 0.04714285714285715 0.047794117647058765
0 0.51 0.5832457983193278 0.037142857142857144 0.041491596638655426
0 0.8157142857142857 0.4695378151260504 0.04857142857142849 0.04831932773109243
1 0.515 0.18198529411764705 0.03571428571428564 0.04779411764705882
