0 0.5607142857142857 0.25814075630252103 0.052857142857142936 0.03728991596638656
2 0.5517857142857143 0.5278361344537815 0.0407142857142857 0.05252100840336138
2 0.8789285714285714 0.5309873949579832 0.033571428571428585 0.050420168067226934
0 0.6657142857142857 0.5811449579831933 0.04857142857142849 0.04989495798319321
0 0.35178571428571426 0.5800945378151261 0.04357142857142854 0.03939075630252098
0 0.056428571428571425 0.3080357142857143 0.047142857142857146 0.04989495798319327
1 0.3821428571428571 0.008140756302521009 0.04571428571428576 0.016281512605042018
0 0.29964285714285716 0.33639705882352944 0.05214285714285716 0.056197478991596606
0 0.2807142857142857 0.2728466386554622 0.054285714285714326 0.04989495798319327
0 0.49642857142857144 0.003939075630252101 0.04571428571428565 0.007878151260504201
0 0.6157142857142857 0.3747373949579832 0.05428571428571438 0.04989495798319332
3 0.14285714285714285 0.4477415966386554 0.06142857142857143 0.04989495798319327
0 0.44 0.8925945378151261 0.04428571428571426 0.060399159663865554
1 0.34678571428571425 0.7694327731092436 0.024999999999999967 0.0357142857142857
1 0.25107142857142856 0.7061449579831933 0.030714285714285694 0.03728991596638653
0 0.5035714285714286 0.6882878151260504 0.04999999999999999 0.06460084033613445
0 0.5585714285714285 0.003939075630252101 0.04571428571428571 0.007878151260504201
0 0.59 0.003939075630252101 0.04714285714285715 0.007878151260504201
0 0.5246428571428572 0.006039915966386555 0.03928571428571426 0.01207983193277311
0 0.5292857142857144 0.006039915966386555 0.04571428571428571 0.01207983193277311
0 0.40142857142857147 0.9445903361344538 0.04857142857142854 0.060399159663865554
0 0.22714285714285715 0.5496323529411764 0.05000000000000002 0.04989495798319321
0 0.59 0.4101890756302521 0.04714285714285715 0.04201680672268909
0 0.49857142857142855 0.445640756302521 0.04999999999999999 0.045693277310924374
0 0.5332142857142856 0.3841911764705882 0.027857142857142914 0.04359243697478993
0 0.49428571428571433 0.3841911764705882 0.04714285714285721 0.03518907563025214
1 0.01892857142857143 0.03702731092436974 0.03642857142857143 0.06249999999999999
0 0.8685714285714285 0.47163865546218486 0.037142857142857144 0.052521008403361324
1 0.5903571428571428 0.006039915966386555 0.02928571428571425 0.01207983193277311
1 0.4275 0.695640756302521 0.03642857142857142 0.04989495798319332
