1 0.13357142857142856 0.24868697478991597 0.04571428571428571 0.06880252100840337
3 0.52 0.6809348739495799 0.04857142857142854 0.07090336134453779
0 0.5935714285714285 0.08324579831932774 0.05714285714285716 0.0667016806722689
0 0.5532142857142857 0.07484243697478991 0.03214285714285714 0.08771008403361344
0 0.5217857142857143 0.06853991596638656 0.03928571428571437 0.07930672268907563
1 0.5842857142857143 0.027836134453781514 0.04428571428571426 0.052521008403361345
0 0.7835714285714286 0.551733193277311 0.06000000000000005 0.054096638655462215
0 0.5753571428571429 0.4540441176470589 0.046428571428571375 0.045693277310924374
1 0.5421428571428571 0.646796218487395 0.04285714285714293 0.05619747899159666
0 0.6592857142857143 0.5737920168067226 0.05857142857142861 0.06460084033613445
0 0.26071428571428573 0.2912289915966386 0.055714285714285744 0.05409663865546216
0 0.21500000000000002 0.21953781512605042 0.05285714285714285 0.04831932773109243
0 0.31285714285714283 0.3392857142857143 0.04285714285714287 0.046218487394957986
0 0.22642857142857142 0.529936974789916 0.05142857142857146 0.044117647058823595
1 0.3442857142857143 0.6320903361344538 0.04428571428571432 0.05619747899159666
0 0.5542857142857143 0.3589810924369748 0.05714285714285716 0.05199579831932777
0 0.365 0.5758928571428572 0.04428571428571426 0.047794117647058765
0 0.13428571428571429 0.521796218487395 0.052857142857142866 0.047794117647058765
1 0.8942857142857142 0.5874474789915967 0.04714285714285715 0.0625
