0 0.8496428571428571 0.5372899159663865 0.05785714285714283 0.04621848739495804
1 0.6910714285714286 0.4162289915966386 0.030714285714285694 0.05409663865546216
0 0.9464285714285714 0.5309873949579832 0.05142857142857149 0.02941176470588225
1 0.49071428571428577 0.739233193277311 0.03428571428571431 0.054096638655462215
3 0.11785714285714285 0.45824579831932777 0.052857142857142866 0.04989495798319327
3 0.4385714285714286 0.7872899159663866 0.05285714285714288 0.037815126050420145
5 0.1635714285714286 0.1987920168067227 0.07714285714285715 0.0435924369747899
4 0.24428571428571427 0.5204831932773109 0.047142857142857125 0.037815126050420145
4 0.18142857142857144 0.5485819327731092 0.05285714285714285 0.03939075630252098
4 0.15928571428571428 0.5204831932773109 0.041428571428571426 0.037815126050420145
4 0.09821428571428573 0.48293067226890757 0.03357142857142857 0.03728991596638653
