1 0.656060606060606 0.0686184812442818 0.03232323232323242 0.04574565416285453
1 0.5858585858585859 0.4016468435498628 0.03333333333333344 0.09515096065873746
1 0.22474747474747475 0.3545288197621226 0.036363636363636376 0.055809698078682524
1 0.025505050505050506 0.7319304666056725 0.03787878787878788 0.034766697163769344
1 0.026262626262626265 0.7058554437328454 0.044444444444444446 0.03751143641354071
1 0.4671717171717172 0.8870082342177492 0.03434343434343434 0.057639524245196694
1 0.7482323232323231 0.6930466605672461 0.03888888888888886 0.07044830741079589
1 0.08181818181818182 0.9473924977127173 0.04141414141414141 0.06312900274473932
1 0.7267676767676767 0.15233302836230558 0.03737373737373739 0.05215004574565418
1 0.31287878787878787 0.3494967978042086 0.04595959595959598 0.07136322049405308
1 0.6628787878787878 0.11939615736505033 0.020707070707070674 0.039341262580054895
1 0.6608585858585858 0.15279048490393413 0.019696969696969657 0.03110704483074106
1 0.6830808080808082 0.1514181152790485 0.02777777777777779 0.03751143641354071
1 0.6851010101010101 0.12031107044830741 0.020707070707070674 0.03751143641354071
1 0.7406565656565656 0.12854528819762123 0.03181818181818186 0.041171088746569065
