0 0.3467857142857143 0.19353991596638653 0.04214285714285715 0.05409663865546219
0 0.355 0.2434348739495798 0.041428571428571426 0.05829831932773108
1 0.09142857142857143 0.5790441176470589 0.035714285714285726 0.03728991596638653
1 0.34678571428571425 0.0934873949579832 0.03071428571428575 0.046218487394957986
0 0.20785714285714285 0.24133403361344535 0.05285714285714285 0.02888655462184872
0 0.20214285714285712 0.289390756302521 0.047142857142857125 0.0378151260504202
0 0.39357142857142857 0.6121323529411764 0.05142857142857138 0.03728991596638653
0 0.3314285714285714 0.2977941176470588 0.05285714285714288 0.02941176470588236
1 0.6914285714285715 0.7287289915966386 0.0357142857142857 0.054096638655462215
3 0.5535714285714286 0.0934873949579832 0.050000000000000044 0.05042016806722689
5 0.1635714285714286 0.1987920168067227 0.07714285714285715 0.0435924369747899
4 0.5578571428571428 0.3248424369747899 0.052857142857142825 0.03728991596638653
4 0.49964285714285717 0.3269432773109244 0.04214285714285709 0.041491596638655426
4 0.6164285714285713 0.351890756302521 0.0357142857142857 0.0378151260504202
3 0.9482142857142857 0.5372899159663866 0.04214285714285715 0.03361344537815125
5 0.1607142857142857 0.15073529411764708 0.09428571428571428 0.03991596638655462
1 0.09464285714285714 0.414390756302521 0.035 0.046218487394957986
1 0.41535714285714287 0.7226890756302521 0.029285714285714304 0.04201680672268915
3 0.5657142857142857 0.6205357142857143 0.05714285714285716 0.04149159663865554
3 0.6025 0.4955357142857143 0.05500000000000005 0.04149159663865554
0 0.10107142857142858 0.4540441176470588 0.05785714285714286 0.03728991596638653
3 0.14892857142857144 0.54359243697479 0.04642857142857143 0.03361344537815125
1 0.27464285714285713 0.6037289915966386 0.033571428571428585 0.054096638655462215
0 0.44535714285714284 0.82484243697479 0.033571428571428585 0.054096638655462104
1 0.07464285714285715 0.6247373949579832 0.030714285714285708 0.037289915966386644
3 0.3678571428571429 0.133140756302521 0.0471428571428571 0.045693277310924374
4 0.04 0.5060399159663865 0.04428571428571429 0.028886554621848803
