0 0.19571428571428573 0.2904411764705882 0.041428571428571453 0.04411764705882354
1 0.27535714285714286 0.21743697478991597 0.023571428571428577 0.031512605042016806
1 0.31107142857142855 0.3581932773109244 0.027857142857142858 0.02941176470588236
1 0.35178571428571426 0.30593487394957986 0.029285714285714304 0.04989495798319327
0 0.35535714285714287 0.4141281512605042 0.030714285714285694 0.06670168067226895
1 0.23035714285714287 0.29753151260504207 0.01642857142857143 0.045693277310924374
0 0.5467857142857143 0.6047794117647058 0.033571428571428585 0.04359243697478987
0 0.5114285714285713 0.5685399159663866 0.042857142857142816 0.03308823529411764
0 0.21071428571428572 0.5236344537815125 0.04428571428571426 0.044117647058823484
0 0.20321428571428574 0.5601365546218487 0.035 0.04149159663865554
0 0.3817857142857143 0.46638655462184875 0.027857142857142858 0.05042016806722688
1 0.33035714285714285 0.23214285714285715 0.025000000000000022 0.035714285714285726
0 0.13607142857142857 0.3602941176470588 0.02214285714285713 0.02941176470588236
0 0.25607142857142856 0.360031512605042 0.020714285714285685 0.03308823529411764
0 0.27035714285714285 0.713235294117647 0.01642857142857146 0.0357142857142857
0 0.5732142857142857 0.045430672268907554 0.027857142857142914 0.03728991596638655
0 0.29821428571428577 0.2413340336134454 0.027857142857142858 0.03308823529411767
4 0.24892857142857144 0.42463235294117646 0.07642857142857143 0.06670168067226889
1 0.09535714285714286 0.6538865546218487 0.03357142857142857 0.050420168067226934
