0 0.2928571428571428 0.4330357142857143 0.05285714285714288 0.04989495798319327
3 0.11642857142857144 0.4695378151260504 0.05 0.07668067226890751
0 0.28035714285714286 0.5559348739495799 0.03642857142857148 0.04989495798319332
1 0.25035714285714283 0.46743697478991597 0.029285714285714304 0.03991596638655459
1 0.2760714285714286 0.4737394957983193 0.030714285714285694 0.04411764705882354
1 0.2575 0.4737394957983193 0.029285714285714276 0.031512605042016806
1 0.2532142857142857 0.4487920168067227 0.03214285714285714 0.0267857142857143
0 0.8364285714285715 0.45614495798319327 0.0485714285714286 0.06670168067226889
0 0.947857142857143 0.47977941176470584 0.0485714285714286 0.06880252100840328
1 0.2907142857142857 0.12683823529411764 0.05428571428571427 0.05409663865546219
1 0.6217857142857144 0.27914915966386555 0.04214285714285715 0.05829831932773111
1 0.6607142857142858 0.24238445378151258 0.03857142857142859 0.05619747899159663
1 0.1657142857142857 0.2809873949579832 0.031428571428571445 0.054621848739495826
1 0.7682142857142857 0.4151785714285714 0.03500000000000003 0.05199579831932771
0 0.1032142857142857 0.5049894957983193 0.03785714285714285 0.060399159663865554
0 0.30214285714285716 0.3495273109243697 0.04714285714285715 0.0625
0 0.7307142857142856 0.5320378151260504 0.039999999999999925 0.03571428571428581
0 0.6017857142857143 0.5811449579831933 0.03785714285714281 0.04569327731092432
0 0.37964285714285717 0.7329306722689075 0.04071428571428576 0.07930672268907568
0 0.5485714285714286 0.08744747899159663 0.04714285714285715 0.07090336134453781
0 0.6003571428571428 0.41727941176470584 0.046428571428571375 0.04359243697478993
1 0.7885714285714286 0.5454306722689075 0.04142857142857137 0.066701680672269
0 0.35464285714285715 0.4726890756302521 0.0407142857142857 0.05462184873949577
0 0.3314285714285714 0.7350315126050421 0.05285714285714288 0.0625
1 0.46714285714285714 0.15283613445378152 0.04571428571428571 0.04831932773109246
0 0.6357142857142857 0.5955882352941176 0.03857142857142859 0.04621848739495804
1 0.23392857142857143 0.27389705882352944 0.03214285714285714 0.06460084033613447
0 0.49785714285714283 0.3978466386554622 0.04571428571428571 0.04989495798319327
