1 0.25035714285714283 0.6693802521008403 0.026428571428571412 0.03939075630252098
0 0.45785714285714285 0.60609243697479 0.052857142857142825 0.037815126050420145
3 0.17178571428571426 0.44038865546218486 0.024999999999999994 0.030987394957983194
0 0.4267857142857143 0.8589810924369747 0.034999999999999976 0.05619747899159655
1 0.2717857142857143 0.7058823529411764 0.02214285714285713 0.03361344537815125
1 0.26142857142857145 0.6966911764705883 0.021428571428571408 0.030987394957983194
1 0.2746428571428572 0.6830357142857142 0.019285714285714295 0.03308823529411764
0 0.8828571428571428 0.5330882352941176 0.04142857142857148 0.054621848739495826
0 0.41500000000000004 0.13419117647058826 0.05857142857142855 0.05199579831932774
1 0.22392857142857142 0.47163865546218486 0.03214285714285714 0.03991596638655459
1 0.6546428571428571 0.2778361344537815 0.026428571428571357 0.031512605042016806
1 0.6496428571428572 0.25183823529411764 0.025000000000000022 0.03308823529411764
0 0.5449999999999999 0.29858193277310924 0.05142857142857149 0.05199579831932777
0 0.5378571428571428 0.20509453781512604 0.04571428571428571 0.05199579831932774
1 0.7171428571428571 0.38209033613445376 0.034285714285714364 0.039390756302521035
1 0.24821428571428572 0.2943802521008403 0.033571428571428585 0.04359243697478993
0 0.5246428571428572 0.5362394957983194 0.04500000000000004 0.0357142857142857
2 0.33999999999999997 0.5871848739495797 0.035714285714285754 0.037815126050420145
0 0.29892857142857143 0.23503151260504201 0.03500000000000003 0.06670168067226889
0 0.9885714285714285 0.47478991596638653 0.017142857142857126 0.0378151260504202
0 0.5071428571428571 0.6672794117647058 0.04285714285714287 0.05199579831932766
1 0.6178571428571429 0.35582983193277307 0.04142857142857137 0.04989495798319327
0 0.2017857142857143 0.5196953781512605 0.0407142857142857 0.03939075630252098
