0 0.31142857142857144 0.3789390756302521 0.02857142857142858 0.05409663865546216
0 0.12607142857142856 0.48293067226890757 0.03357142857142856 0.03728991596638653
3 0.5696428571428571 0.5207457983193278 0.02928571428571425 0.06250000000000006
0 0.2985714285714286 0.48713235294117646 0.0471428571428571 0.04989495798319321
1 0.23428571428571426 0.23503151260504201 0.017142857142857154 0.0456932773109244
1 0.19214285714285714 0.4319852941176471 0.04285714285714287 0.030987394957983194
0 0.05107142857142857 0.5120798319327731 0.025 0.021008403361344574
5 0.15535714285714286 0.19774159663865548 0.06642857142857145 0.041491596638655454
0 0.8546428571428571 0.5351890756302521 0.0407142857142857 0.054621848739495826
0 0.5710714285714287 0.1247373949579832 0.03214285714285714 0.03728991596638655
0 0.5071428571428571 0.6268382352941178 0.037142857142857144 0.03308823529411764
1 0.9460714285714286 0.4579831932773109 0.017857142857142794 0.02941176470588236
0 0.5546428571428572 0.043592436974789914 0.03785714285714292 0.029411764705882353
3 0.34535714285714286 0.6580882352941176 0.033571428571428585 0.037815126050420256
