1 0.2475 0.38629201680672265 0.0407142857142857 0.04359243697478993
1 0.48642857142857143 0.9737394957983194 0.04857142857142854 0.03991596638655459
1 0.5317857142857143 0.717436974789916 0.03642857142857148 0.03571428571428581
1 0.4675 0.8631827731092436 0.03357142857142853 0.03939075630252098
0 0.17928571428571427 0.5278361344537815 0.05142857142857141 0.0399159663865547
0 0.15285714285714286 0.4550945378151261 0.04571428571428571 0.04779411764705882
3 0.5807142857142857 0.3434873949579832 0.042857142857142816 0.03361344537815125
0 0.3485714285714286 0.05383403361344538 0.04714285714285715 0.049894957983193274
1 0.7275 0.31538865546218486 0.04500000000000004 0.03518907563025209
5 0.15464285714285714 0.19669117647058826 0.06785714285714287 0.03939075630252101
0 0.24678571428571427 0.5653886554621849 0.06928571428571428 0.03939075630252109
