1 0.7038567493112948 0.15396188565697091 0.030303030303030387 0.054162487462387165
3 0.5378787878787878 0.11960882647943831 0.023415977961432466 0.03961885656970912
3 0.509297520661157 0.13415245737211634 0.028236914600550944 0.04363089267803409
0 0.5144628099173554 0.21238716148445336 0.02892561983471076 0.0416248746238716
0 0.5337465564738292 0.3319959879638917 0.02892561983471076 0.027081243731193583
0 0.5144628099173554 0.3821464393179539 0.017906336088154284 0.03109327983951854
1 0.33987603305785125 0.26955867602808425 0.03374655647382918 0.03159478435305918
0 0.5323691460055097 0.4633901705115346 0.02892561983471076 0.0481444332998997
0 0.553030303030303 0.4944834503510531 0.03443526170798894 0.03510531594784355
3 0.5692148760330579 0.4641424272818455 0.030991735537190035 0.0416248746238716
3 0.6239669421487604 0.4769307923771314 0.023415977961432466 0.033099297893681046
0 0.6635674931129476 0.4912236710130391 0.030991735537190146 0.0376128385155467
0 0.8071625344352618 0.48520561685055164 0.026170798898071612 0.0416248746238716
0 0.796831955922865 0.533099297893681 0.030303030303030276 0.033099297893681046
0 0.8539944903581267 0.5245737211634904 0.02754820936639113 0.029087261785356033
3 0.8746556473829201 0.5436308926780341 0.0440771349862259 0.02507522567703102
3 0.09607438016528926 0.4997492477432297 0.032369146005509636 0.02958876629889673
3 0.048898071625344354 0.5245737211634904 0.03168044077134986 0.029087261785356033
0 0.07610192837465565 0.5436308926780341 0.03925619834710743 0.029087261785356144
0 0.34917355371900827 0.5664493480441324 0.031680440771349905 0.045636910732196556
3 0.40082644628099173 0.7008525576730191 0.027548209366391185 0.043630892678034106
0 0.4028925619834711 0.7883650952858575 0.02341597796143252 0.0481444332998997
3 0.45179063360881544 0.8623370110330992 0.02892561983471076 0.03761283851554664
1 0.49345730027548207 0.9370611835506519 0.024104683195592225 0.03761283851554664
0 0.4066804407713499 0.5852557673019056 0.028236914600550944 0.025075225677031132
0 0.41012396694214875 0.5621865596790372 0.032369146005509664 0.029087261785356033
0 0.4793388429752066 0.5840020060180542 0.037190082644628086 0.03961885656970909
3 0.5537190082644627 0.6020561685055166 0.024793388429752095 0.041624874623871655
3 0.45316804407713496 0.6133400200601806 0.026170798898071668 0.031093279839518595
0 0.4758953168044077 0.6351554663991976 0.02203856749311295 0.041624874623871655
0 0.47933884297520657 0.6715145436308927 0.03168044077134985 0.02306920762286868
0 0.24483471074380164 0.3778836509528586 0.04063360881542699 0.03961885656970909
1 0.5475206611570247 0.679037111334002 0.026170798898071612 0.033099297893681046
