1 0.7107438016528925 0.14994984954864593 0.030303030303030276 0.05416248746238715
3 0.5420110192837466 0.09653961885656971 0.023415977961432577 0.03961885656970912
3 0.5113636363636364 0.13014042126379138 0.026859504132231427 0.03961885656970912
0 0.5144628099173554 0.18931795386158476 0.02892561983471076 0.0416248746238716
0 0.5365013774104683 0.3029087261785356 0.02892561983471076 0.027081243731193583
0 0.5144628099173554 0.3528084252758275 0.017906336088154284 0.03159478435305918
1 0.33987603305785125 0.29438314944834504 0.03374655647382918 0.031093279839518595
0 0.5268595041322314 0.440320962888666 0.02892561983471076 0.0481444332998997
0 0.5172176308539944 0.48420260782347035 0.03443526170798894 0.03560682046138414
3 0.5523415977961432 0.46213640922768306 0.030303030303030276 0.0416248746238716
3 0.6026170798898072 0.4789368104312939 0.024793388429751984 0.033099297893681046
0 0.6356749311294766 0.48921765295887665 0.030303030303030276 0.03761283851554659
0 0.7599862258953167 0.4831995987963892 0.02685950413223137 0.041624874623871655
0 0.8261019283746556 0.5310932798395186 0.030991735537190146 0.033099297893681046
0 0.8856749311294766 0.5245737211634904 0.030303030303030276 0.029087261785356033
3 0.9066804407713499 0.5436308926780341 0.044765840220385655 0.02507522567703102
3 0.05440771349862259 0.4934804413239719 0.03168044077134986 0.029087261785356033
3 0.09607438016528926 0.5245737211634904 0.032369146005509636 0.029087261785356033
0 0.11088154269972453 0.5456369107321966 0.03856749311294767 0.029087261785356033
0 0.37258953168044073 0.5644433299899699 0.03168044077134985 0.045636910732196556
3 0.40082644628099173 0.7259277833500501 0.027548209366391185 0.043630892678034106
0 0.4028925619834711 0.8091775325977933 0.02341597796143252 0.04764292878635912
3 0.45041322314049587 0.8309929789368105 0.02892561983471076 0.03711133400200606
1 0.49345730027548207 0.9370611835506519 0.024104683195592225 0.03761283851554664
0 0.4331955922865014 0.5852557673019056 0.027548209366391185 0.025075225677031132
0 0.44628099173553715 0.5601805416248746 0.03168044077134985 0.029087261785356144
0 0.4996556473829201 0.5694583751253761 0.03650137741046833 0.03961885656970909
3 0.5674931129476584 0.5915245737211635 0.024793388429752095 0.041624874623871655
3 0.4628099173553719 0.615346038114343 0.026170798898071612 0.031093279839518595
0 0.49001377410468316 0.6351554663991976 0.022727272727272707 0.041624874623871655
0 0.4820936639118457 0.66123370110331 0.03168044077134985 0.022567703109327986
0 0.25447658402203854 0.3778836509528586 0.040633608815426964 0.03961885656970909
1 0.540633608815427 0.6767803410230693 0.026170798898071723 0.03360080240722174
