1 0.71900826446281 0.14744232698094284 0.030303030303030387 0.05416248746238718
3 0.5468319559228649 0.07597793380140422 0.024793388429752095 0.03961885656970913
3 0.5144628099173554 0.12788365095285859 0.026170798898071612 0.035105315947843524
0 0.5158402203856749 0.16850551654964896 0.02892561983471076 0.04212637913741221
0 0.540633608815427 0.2748244734202608 0.02892561983471076 0.029087261785356033
0 0.5158402203856749 0.3237211634904714 0.017906336088154284 0.03159478435305918
1 0.33987603305785125 0.3204613841524574 0.03374655647382918 0.02908726178535609
0 0.522038567493113 0.4195085255767302 0.030303030303030276 0.04764292878635912
0 0.4824380165289256 0.47567703109327986 0.035123966942148754 0.03560682046138414
3 0.5358126721763086 0.46013039117352056 0.030303030303030276 0.041624874623871655
3 0.5871212121212122 0.4769307923771314 0.025482093663911853 0.033099297893681046
0 0.6150137741046832 0.48921765295887665 0.030303030303030276 0.03761283851554659
0 0.7196969696969697 0.48921765295887665 0.026170798898071612 0.041624874623871655
0 0.8553719008264463 0.5268304914744233 0.030303030303030276 0.03360080240722163
0 0.9176997245179064 0.5245737211634904 0.030991735537190146 0.029087261785356033
3 0.9314738292011019 0.5436308926780341 0.044765840220385655 0.02507522567703102
3 0.14462809917355374 0.5268304914744233 0.03168044077134988 0.02958876629889673
0 0.1453168044077135 0.5476429287863591 0.03856749311294766 0.029087261785356033
0 0.3973829201101928 0.5621865596790372 0.03168044077134985 0.04613841524573725
3 0.4025482093663912 0.7507522567703109 0.028236914600551 0.04413239719157469
0 0.4028925619834711 0.8309929789368105 0.02341597796143252 0.04613841524573725
3 0.44972451790633605 0.801654964894684 0.03030303030303033 0.03761283851554664
1 0.49345730027548207 0.9370611835506519 0.024104683195592225 0.03761283851554664
0 0.459366391184573 0.5852557673019056 0.027548209366391185 0.025075225677031132
0 0.4820936639118457 0.5601805416248746 0.03168044077134985 0.029087261785356144
0 0.5289256198347108 0.5569207622868606 0.03581267217630857 0.03961885656970909
3 0.5816115702479339 0.5809929789368105 0.025482093663911853 0.041624874623871655
3 0.4738292011019284 0.6173520561685055 0.026170798898071612 0.031093279839518484
0 0.5024104683195593 0.6331494483450351 0.022727272727272763 0.041624874623871544
0 0.48519283746556474 0.6509528585757272 0.03236914600550961 0.02306920762286857
0 0.26480716253443526 0.3778836509528586 0.04201101928374654 0.03961885656970909
1 0.5351239669421488 0.6747743229689067 0.026170798898071612 0.03360080240722163
