1 0.656060606060606 0.06724611161939616 0.02929292929292926 0.0393412625800549
1 0.7083333333333333 0.5516925892040256 0.03888888888888886 0.04940530649588293
0 0.08737373737373738 0.8243366880146386 0.04444444444444444 0.06221408966148212
1 0.2159090909090909 0.36093321134492223 0.02070707070707073 0.03568161024702654
1 0.6588383838383839 0.09652333028362306 0.026767676767676774 0.03568161024702653
1 0.22828282828282828 0.3618481244281793 0.021212121212121238 0.03751143641354071
1 0.32398989898989894 0.7877401646843549 0.03484848484848485 0.04391582799634042
1 0.32272727272727275 0.7493138151875571 0.03737373737373734 0.04208600182982625
1 0.7262626262626262 0.1537053979871912 0.033333333333333326 0.05489478499542544
1 0.31085858585858583 0.3559011893870082 0.024747474747474796 0.04940530649588287
1 0.6631313131313131 0.12488563586459286 0.02929292929292937 0.03751143641354071
1 0.6616161616161615 0.15462031107044832 0.02323232323232316 0.043915827996340334
1 0.6823232323232323 0.15279048490393413 0.02626262626262621 0.034766697163769456
1 0.6838383838383839 0.11939615736505033 0.02323232323232316 0.03568161024702654
1 0.7358585858585859 0.12763037511436415 0.036363636363636376 0.04300091491308325
