1 0.7258953168044078 0.14343029087261785 0.030303030303030387 0.054162487462387165
3 0.5509641873278237 0.0549147442326981 0.024793388429752095 0.03961885656970913
3 0.5172176308539944 0.12487462387161485 0.026170798898071612 0.03309929789368106
0 0.5158402203856749 0.1466900702106319 0.02892561983471076 0.04363089267803412
0 0.5447658402203857 0.24573721163490472 0.02892561983471076 0.02908726178535609
0 0.5158402203856749 0.29438314944834504 0.017906336088154284 0.031093279839518595
1 0.33987603305785125 0.3465396188565697 0.03374655647382918 0.03109327983951854
0 0.5179063360881543 0.3966900702106319 0.030303030303030276 0.0481444332998997
0 0.44628099173553715 0.4686559679037111 0.034435261707988996 0.03761283851554664
3 0.5192837465564738 0.45812437311935805 0.030303030303030276 0.0416248746238716
3 0.5761019283746556 0.4726680040120361 0.025482093663911853 0.033600802407221686
0 0.596763085399449 0.48921765295887665 0.030991735537190146 0.03761283851554659
0 0.678030303030303 0.48921765295887665 0.02685950413223137 0.041624874623871655
0 0.8856749311294766 0.522567703109328 0.030303030303030276 0.029087261785356144
0 0.949724517906336 0.5245737211634904 0.030303030303030276 0.029087261785356033
3 0.9524793388429752 0.5436308926780341 0.0440771349862259 0.02507522567703102
3 0.19077134986225897 0.5351053159478436 0.03168044077134988 0.029087261785356033
0 0.18009641873278237 0.551654964894684 0.03925619834710742 0.029087261785356033
0 0.4225206611570248 0.5601805416248746 0.032369146005509664 0.04613841524573714
3 0.40392561983471076 0.775827482447342 0.028236914600550944 0.0441323971915748
0 0.4046143250688705 0.8518054162487463 0.02410468319559228 0.04563691073219667
3 0.44972451790633605 0.7705616850551655 0.03030303030303033 0.03761283851554664
1 0.49345730027548207 0.9370611835506519 0.024104683195592225 0.03761283851554664
0 0.48484848484848486 0.5882647943831494 0.026170798898071612 0.031093279839518595
0 0.512741046831956 0.5581745235707121 0.032369146005509664 0.029087261785356033
0 0.5619834710743802 0.5443831494483451 0.03581267217630857 0.039618856569709204
3 0.6012396694214877 0.5769809428284854 0.024793388429752095 0.041624874623871655
3 0.48794765840220383 0.615346038114343 0.02685950413223137 0.031093279839518595
0 0.5092975206611571 0.6331494483450351 0.022727272727272763 0.041624874623871544
0 0.49001377410468316 0.6444332998996991 0.030991735537190035 0.027081243731193583
3 0.5399449035812672 0.48520561685055164 0.030303030303030276 0.045636910732196556
0 0.27548209366391185 0.3778836509528586 0.03994490358126723 0.03961885656970909
1 0.5296143250688705 0.6727683049147443 0.026170798898071723 0.03360080240722163
