1 0.734504132231405 0.14142427281845538 0.030991735537190035 0.05416248746238718
3 0.556473829201102 0.033099297893681046 0.024793388429752095 0.037111334002006016
3 0.5199724517906337 0.12286860581745235 0.026170798898071612 0.029087261785356075
0 0.5172176308539945 0.1256268806419258 0.02892561983471076 0.04363089267803412
0 0.5488980716253443 0.2186559679037111 0.02892561983471076 0.02908726178535606
0 0.5172176308539944 0.26730190571715146 0.017906336088154284 0.031093279839518595
1 0.33712121212121215 0.37061183550651955 0.03374655647382924 0.029087261785356033
0 0.5151515151515151 0.3736208625877633 0.030303030303030276 0.0481444332998997
0 0.403236914600551 0.4706619859578736 0.035123966942148754 0.03761283851554664
3 0.48863636363636365 0.4561183550651956 0.03099173553719009 0.0416248746238716
3 0.5633608815426998 0.4663991975927783 0.024793388429752095 0.033099297893681046
0 0.5761019283746556 0.4912236710130391 0.030991735537190146 0.0376128385155467
0 0.6411845730027548 0.49348044132397195 0.024793388429752095 0.042126379137412295
3 0.971763085399449 0.5436308926780341 0.0440771349862259 0.02507522567703102
3 0.2365702479338843 0.5436308926780341 0.03236914600550961 0.029087261785356144
0 0.21487603305785125 0.5581745235707121 0.03856749311294766 0.029087261785356033
0 0.4476584022038568 0.5601805416248746 0.03168044077134985 0.04613841524573714
3 0.4053030303030303 0.8006519558676028 0.028236914600550944 0.043630892678034106
0 0.40736914600550966 0.8726178535606821 0.02410468319559228 0.04613841524573725
3 0.44972451790633605 0.7497492477432297 0.03030303030303033 0.03711133400200595
1 0.49345730027548207 0.9370611835506519 0.024104683195592225 0.03761283851554664
0 0.5151515151515151 0.5819959879638916 0.024793388429751984 0.03560682046138408
0 0.5516528925619835 0.5561685055165497 0.031680440771349794 0.029087261785356033
0 0.5953856749311295 0.5363590772316951 0.03650137741046833 0.03961885656970909
3 0.6219008264462811 0.5724674022066198 0.024793388429752095 0.041624874623871655
3 0.5030991735537189 0.6133400200601806 0.02685950413223137 0.031093279839518595
0 0.5179063360881543 0.6311434302908726 0.02203856749311295 0.041624874623871655
0 0.49483471074380164 0.6371614844533601 0.032369146005509664 0.03360080240722163
3 0.5289256198347108 0.4746740220661986 0.030303030303030276 0.04563691073219661
0 0.28581267217630857 0.3778836509528586 0.041322314049586806 0.03961885656970909
1 0.5234159779614325 0.6705115346038114 0.024793388429752095 0.033099297893681046
