1 0.7427685950413223 0.1374122367101304 0.030991735537190035 0.054162487462387165
3 0.5199724517906337 0.020561685055165497 0.026170798898071612 0.029087261785356068
0 0.518595041322314 0.10506519558676028 0.02892561983471076 0.043630892678034106
0 0.553030303030303 0.19132397191574724 0.02892561983471076 0.03360080240722166
0 0.5199724517906337 0.23821464393179537 0.017906336088154284 0.031093279839518567
1 0.33161157024793386 0.3946840521564694 0.03374655647382924 0.027081243731193583
0 0.5134297520661157 0.350802407221665 0.03099173553719009 0.04764292878635912
0 0.3574380165289256 0.4746740220661986 0.034435261707988996 0.03761283851554664
3 0.45523415977961434 0.4541123370110331 0.03030303030303033 0.041624874623871655
3 0.5509641873278237 0.46213640922768306 0.024793388429752095 0.033600802407221686
0 0.5550964187327824 0.4957372116349047 0.030303030303030276 0.0376128385155467
0 0.6081267217630855 0.49348044132397195 0.024793388429752095 0.042126379137412295
3 0.971763085399449 0.5436308926780341 0.0440771349862259 0.02507522567703102
3 0.28168044077134985 0.551654964894684 0.030303030303030276 0.029087261785356033
0 0.24827823691460055 0.5621865596790372 0.039256198347107446 0.029087261785356033
0 0.4724517906336088 0.5581745235707121 0.031680440771349905 0.04613841524573725
3 0.4066804407713499 0.8257271815446339 0.028236914600550944 0.043630892678034106
0 0.4101239669421488 0.8934302908726178 0.02410468319559228 0.045636910732196556
3 0.4524793388429752 0.7309428284854564 0.030303030303030276 0.03761283851554664
1 0.49345730027548207 0.9370611835506519 0.024104683195592225 0.03761283851554664
0 0.5482093663911846 0.5737211634904714 0.024793388429751984 0.03510531594784361
0 0.5878099173553719 0.551654964894684 0.032369146005509664 0.029087261785356033
0 0.6287878787878788 0.5278335005015045 0.03581267217630857 0.039618856569709204
3 0.6460055096418733 0.568455366098295 0.023415977961432466 0.041624874623871544
3 0.518595041322314 0.6113340020060181 0.026170798898071723 0.031093279839518484
0 0.5303030303030303 0.6311434302908726 0.02203856749311295 0.041624874623871655
0 0.4996556473829201 0.629889669007021 0.03099173553719009 0.035105315947843496
3 0.5192837465564738 0.4643931795386158 0.030303030303030276 0.0461384152457372
1 0.23450413223140498 0.17678034102306922 0.03374655647382921 0.03360080240722166
0 0.2954545454545454 0.3778836509528586 0.041322314049586806 0.03961885656970909
0 0.14600550964187328 0.5426278836509528 0.037190082644628086 0.02306920762286857
1 0.5206611570247934 0.668505516549649 0.024793388429752095 0.033099297893681046
