1 0.7496556473829201 0.1354062186559679 0.030991735537190035 0.05416248746238718
0 0.5241046831955922 0.08826479438314945 0.028925619834710647 0.04413239719157472
0 0.5571625344352618 0.16424272818455365 0.026170798898071612 0.04162487462387163
0 0.5268595041322315 0.21213640922768306 0.017906336088154284 0.02908726178535606
1 0.32334710743801653 0.4152457372116349 0.03374655647382918 0.027081243731193583
0 0.5134297520661157 0.3237211634904714 0.03099173553719009 0.04764292878635912
0 0.3112947658402204 0.4789368104312939 0.034435261707988996 0.03711133400200606
3 0.4204545454545454 0.45812437311935805 0.03099173553719009 0.0416248746238716
3 0.5371900826446281 0.45812437311935805 0.024793388429751984 0.033600802407221686
0 0.5330578512396694 0.4912236710130391 0.030303030303030276 0.0376128385155467
0 0.5816115702479339 0.48520561685055164 0.025482093663911853 0.0416248746238716
3 0.971763085399449 0.5436308926780341 0.0440771349862259 0.02507522567703102
3 0.3274793388429752 0.5621865596790372 0.03099173553719009 0.029087261785356033
0 0.2830578512396694 0.5687061183550652 0.03856749311294766 0.029087261785356033
0 0.496900826446281 0.5559177532597793 0.030991735537190035 0.045636910732196556
3 0.4080578512396694 0.8508024072216649 0.028236914600551 0.043630892678034106
3 0.45385674931129477 0.7123871614844535 0.030303030303030276 0.03761283851554664
1 0.49345730027548207 0.9370611835506519 0.024104683195592225 0.03761283851554664
0 0.5802341597796143 0.5674523570712137 0.025482093663911853 0.03560682046138419
0 0.6191460055096418 0.5476429287863591 0.030303030303030387 0.029087261785356033
0 0.6621900826446281 0.521815446339017 0.03650137741046833 0.039618856569709204
3 0.6718319559228649 0.5624373119358075 0.025482093663911853 0.041624874623871544
3 0.5296143250688705 0.6090772316950852 0.026170798898071723 0.03159478435305918
0 0.5413223140495869 0.6288866599799399 0.024793388429752095 0.03711133400200606
0 0.5037878787878788 0.6196088264794384 0.030991735537190035 0.03560682046138408
3 0.5079201101928374 0.4373119358074222 0.030991735537190035 0.0461384152457372
1 0.20798898071625344 0.18304914744232698 0.03305785123966942 0.033099297893681046
0 0.3064738292011019 0.3778836509528586 0.041322314049586806 0.03961885656970909
0 0.18663911845730027 0.5466399197592778 0.037190082644628086 0.02306920762286868
1 0.5179063360881542 0.6664994984954865 0.024793388429752095 0.033099297893681046
