1 0.7634297520661157 0.1288866599799398 0.030991735537190146 0.05416248746238715
0 0.5699035812672176 0.11534603811434302 0.026859504132231482 0.04814443329989969
0 0.5371900826446281 0.1559679037111334 0.019283746556473913 0.02908726178535606
1 0.32472451790633605 0.4047141424272818 0.03374655647382924 0.027081243731193583
0 0.5179063360881543 0.2642928786359077 0.030303030303030276 0.046138415245737224
0 0.21694214876033058 0.48921765295887665 0.034435261707988996 0.03761283851554659
3 0.3484848484848485 0.4663991975927783 0.03030303030303033 0.04212637913741224
3 0.5106749311294766 0.4498495486459378 0.025482093663911798 0.033099297893681046
0 0.4772727272727273 0.4726680040120361 0.03030303030303033 0.03761283851554664
0 0.5151515151515151 0.4811935807422266 0.024793388429751984 0.0416248746238716
3 0.971763085399449 0.5436308926780341 0.0440771349862259 0.02507522567703102
3 0.4121900826446281 0.5707121364092277 0.03099173553719009 0.029087261785356144
0 0.33023415977961434 0.5581745235707121 0.03925619834710742 0.029087261785356033
0 0.5344352617079889 0.5433801404212638 0.030303030303030276 0.045636910732196556
3 0.4121900826446281 0.8964393179538617 0.028236914600550944 0.043630892678034106
3 0.4607438016528925 0.6810431293881645 0.03030303030303033 0.03711133400200606
1 0.49345730027548207 0.9370611835506519 0.024104683195592225 0.03761283851554664
0 0.6466942148760331 0.5529087261785356 0.024793388429751984 0.03560682046138419
0 0.6859504132231404 0.533099297893681 0.030303030303030387 0.029087261785356144
0 0.7300275482093663 0.5173019057171515 0.03581267217630846 0.03961885656970915
3 0.7245179063360881 0.5498996990972919 0.024793388429751984 0.041624874623871655
3 0.5488980716253444 0.6028084252758275 0.026170798898071612 0.031093279839518595
0 0.559228650137741 0.6206118355065195 0.024793388429751984 0.03761283851554664
0 0.5151515151515151 0.5965396188565697 0.030303030303030276 0.03560682046138419
3 0.4913911845730028 0.40195586760280844 0.03099173553719009 0.04563691073219661
1 0.15668044077134985 0.19358074222668004 0.03374655647382921 0.033099297893681046
0 0.3274793388429752 0.3778836509528586 0.042011019283746565 0.03961885656970909
0 0.0337465564738292 0.5278335005015045 0.026170798898071626 0.03159478435305918
0 0.26859504132231404 0.5571715145436309 0.037190082644628086 0.02306920762286868
1 0.5137741046831956 0.6622367101303912 0.024793388429752095 0.03360080240722163
0 0.46005509641873277 0.9277833500501504 0.026170798898071612 0.03510531594784361
0 0.4366391184573003 0.8954363089267803 0.02341597796143252 0.03761283851554664
0 0.459366391184573 0.8289869608826479 0.030303030303030276 0.04613841524573725
0 0.4724517906336088 0.8851554663991976 0.031680440771349905 0.04212637913741224
0 0.4455922865013774 0.8570712136409228 0.02479338842975204 0.031093279839518484
