1 0.7679063360881543 0.12487462387161485 0.030303030303030276 0.05416248746238718
0 0.5767906336088154 0.09027081243731194 0.026859504132231482 0.04814443329989969
0 0.5420110192837466 0.12688064192577733 0.017906336088154284 0.029087261785356075
1 0.3384986225895317 0.3665997993981946 0.03374655647382918 0.029087261785356033
0 0.5234159779614325 0.23520561685055164 0.030303030303030276 0.046138415245737224
0 0.16701101928374656 0.48921765295887665 0.035123966942148754 0.03761283851554659
3 0.3064738292011019 0.4766800401203611 0.03030303030303033 0.041624874623871655
3 0.4927685950413223 0.4498495486459378 0.025482093663911798 0.033099297893681046
0 0.44421487603305787 0.4726680040120361 0.03030303030303033 0.03761283851554664
0 0.4841597796143251 0.4831995987963892 0.02479338842975204 0.041624874623871655
3 0.971763085399449 0.5436308926780341 0.0440771349862259 0.02507522567703102
3 0.44972451790633605 0.5707121364092277 0.03030303030303033 0.029087261785356144
0 0.3412534435261708 0.5393681043129388 0.03925619834710742 0.02958876629889673
0 0.5495867768595042 0.5351053159478436 0.030303030303030387 0.04613841524573725
3 0.4662534435261708 0.6642427281845538 0.03030303030303033 0.03761283851554664
1 0.49345730027548207 0.9370611835506519 0.024104683195592225 0.03761283851554664
0 0.6831955922865014 0.5423771313941825 0.024793388429752095 0.03560682046138419
0 0.721763085399449 0.5245737211634904 0.030303030303030276 0.029087261785356033
0 0.7634297520661157 0.5173019057171515 0.03650137741046833 0.03961885656970915
3 0.7537878787878788 0.5478936810431294 0.025482093663911742 0.041624874623871655
3 0.5571625344352618 0.600802407221665 0.026170798898071612 0.031093279839518484
0 0.5674931129476584 0.6165997993981946 0.024793388429752095 0.03761283851554664
0 0.5206611570247934 0.5757271815446339 0.030303030303030387 0.035105315947843496
3 0.48863636363636365 0.3851554663991976 0.03099173553719009 0.0461384152457372
1 0.13016528925619836 0.19759277833500502 0.033057851239669436 0.033099297893681046
0 0.3329889807162535 0.38390170511534605 0.042011019283746565 0.03961885656970909
0 0.07541322314049587 0.5278335005015045 0.0268595041322314 0.03159478435305918
3 0.025482093663911846 0.5248244734202607 0.026170798898071626 0.03761283851554664
0 0.3085399449035813 0.5631895687061184 0.037190082644628086 0.02306920762286868
1 0.5123966942148761 0.6602306920762286 0.024793388429752095 0.03360080240722174
0 0.4573002754820937 0.9069709127382146 0.026170798898071612 0.03560682046138419
0 0.4352617079889807 0.8748746238716147 0.02341597796143252 0.03761283851554664
0 0.45661157024793386 0.8019057171514543 0.03030303030303033 0.04613841524573725
0 0.46418732782369143 0.8914242728184554 0.03168044077134985 0.041624874623871655
0 0.4414600550964187 0.8340020060180542 0.024793388429752095 0.031093279839518595
