1 0.7734159779614325 0.12036108324974926 0.030303030303030276 0.054162487462387165
1 0.2658402203856749 0.4373119358074223 0.03168044077134985 0.033099297893681046
0 0.5289256198347108 0.20586760280842525 0.030303030303030276 0.045636910732196584
0 0.12052341597796143 0.48721163490471414 0.035812672176308555 0.03761283851554664
3 0.2747933884297521 0.4872116349047141 0.03030303030303033 0.0416248746238716
3 0.47314049586776863 0.4498495486459378 0.02479338842975204 0.033099297893681046
0 0.4080578512396694 0.4746740220661986 0.030991735537190035 0.03761283851554664
0 0.45523415977961434 0.48520561685055164 0.02479338842975204 0.0416248746238716
3 0.971763085399449 0.5436308926780341 0.0440771349862259 0.02507522567703102
3 0.48725895316804413 0.5707121364092277 0.03099173553719009 0.029087261785356144
0 0.3519283746556474 0.5205616850551655 0.03719008264462814 0.029087261785356033
0 0.5633608815426997 0.5228184553660983 0.030303030303030276 0.045636910732196556
3 0.4772727272727273 0.6539618856569709 0.03030303030303033 0.03711133400200606
1 0.49345730027548207 0.9370611835506519 0.024104683195592225 0.03761283851554664
0 0.71900826446281 0.5320962888665999 0.024793388429752095 0.035105315947843496
0 0.7565426997245179 0.5165496489468405 0.030991735537190035 0.029087261785356144
0 0.7982093663911846 0.5173019057171515 0.03581267217630857 0.03961885656970915
3 0.784435261707989 0.5433801404212638 0.024793388429752095 0.041624874623871655
3 0.5626721763085399 0.5945336008024071 0.026170798898071723 0.03159478435305918
0 0.5761019283746556 0.6143430290872618 0.025482093663911853 0.03711133400200595
0 0.5275482093663912 0.554914744232698 0.030303030303030387 0.03560682046138408
3 0.48863636363636365 0.36835506519558675 0.03099173553719009 0.045636910732196556
1 0.09607438016528926 0.2018555667001003 0.032369146005509636 0.03360080240722166
0 0.3384986225895317 0.3924272818455366 0.042011019283746565 0.03961885656970909
0 0.11639118457300275 0.5278335005015045 0.024793388429752067 0.03159478435305918
3 0.06060606060606061 0.5228184553660984 0.024793388429752067 0.03761283851554664
0 0.3474517906336088 0.571715145436309 0.037878787878787845 0.02306920762286857
1 0.509297520661157 0.6579739217652959 0.025482093663911853 0.033099297893681046
0 0.4524793388429752 0.8884152457372116 0.024793388429752095 0.03560682046138419
0 0.43250688705234164 0.8518054162487463 0.02341597796143252 0.03761283851554664
0 0.45523415977961434 0.7788365095285857 0.03030303030303033 0.04613841524573714
0 0.45661157024793386 0.8954363089267803 0.03030303030303033 0.041624874623871544
0 0.4414600550964187 0.8091775325977935 0.024793388429752095 0.03159478435305918
0 0.05027548209366391 0.5466399197592778 0.03994490358126722 0.031093279839518484
