1 0.7789256198347108 0.11835506519558675 0.030303030303030276 0.05416248746238715
1 0.20316804407713498 0.47993981945837516 0.03168044077134985 0.03510531594784355
0 0.5330578512396694 0.18304914744232698 0.030303030303030276 0.0461384152457372
3 0.23450413223140495 0.49774322968906715 0.03099173553719009 0.0416248746238716
3 0.4511019283746557 0.4498495486459378 0.02479338842975204 0.033099297893681046
0 0.37327823691460055 0.4766800401203611 0.030303030303030276 0.03761283851554664
0 0.4259641873278237 0.4872116349047141 0.025482093663911853 0.0416248746238716
3 0.971763085399449 0.5436308926780341 0.0440771349862259 0.02507522567703102
3 0.4941460055096419 0.5581745235707121 0.030991735537190146 0.029087261785356033
0 0.3629476584022039 0.5040120361083249 0.03719008264462814 0.029087261785356033
0 0.5767906336088154 0.5102808425275828 0.029614325068870517 0.04563691073219661
3 0.48863636363636365 0.6436810431293882 0.03099173553719009 0.03761283851554664
1 0.49345730027548207 0.9370611835506519 0.024104683195592225 0.03761283851554664
0 0.7565426997245179 0.529839518555667 0.025482093663911853 0.03560682046138419
0 0.7940771349862259 0.5080240722166499 0.030303030303030276 0.02908726178535609
0 0.8316115702479339 0.5195586760280843 0.03650137741046833 0.03911735205616851
3 0.8133608815426998 0.5413741223671014 0.024793388429752095 0.041624874623871544
3 0.5668044077134986 0.5872617853560682 0.026170798898071612 0.029087261785356144
0 0.5829889807162534 0.6100802407221666 0.025482093663911853 0.03761283851554664
0 0.5316804407713498 0.5341023069207622 0.030303030303030387 0.035105315947843496
3 0.48863636363636365 0.3497993981945837 0.03099173553719009 0.04563691073219661
1 0.011707988980716254 0.19558676028084254 0.023415977961432508 0.03309929789368102
0 0.34400826446280997 0.40095285857572716 0.042011019283746565 0.03961885656970915
0 0.15668044077134985 0.5278335005015045 0.025482093663911826 0.03159478435305918
3 0.09848484848484848 0.5248244734202607 0.024793388429752067 0.03761283851554664
0 0.38636363636363635 0.5799899699097293 0.037190082644628086 0.022567703109327986
1 0.5079201101928374 0.6559679037111334 0.02548209366391191 0.033099297893681046
0 0.44972451790633605 0.8696088264794384 0.02479338842975204 0.035105315947843496
0 0.431129476584022 0.8309929789368105 0.02341597796143252 0.03711133400200606
0 0.45523415977961434 0.7622868605817452 0.03030303030303033 0.04613841524573714
0 0.44834710743801653 0.899949849548646 0.030303030303030276 0.041624874623871544
0 0.4428374655647383 0.7851053159478435 0.024793388429752095 0.03360080240722163
0 0.07885674931129477 0.5466399197592778 0.04201101928374655 0.031093279839518484
