1 0.7830578512396694 0.1143430290872618 0.030303030303030276 0.054162487462387165
1 0.16494490358126723 0.4821965897693079 0.030991735537190063 0.03560682046138414
0 0.5358126721763086 0.1582246740220662 0.030303030303030276 0.045636910732196584
3 0.17045454545454547 0.49774322968906715 0.030991735537190063 0.0416248746238716
3 0.42183195592286504 0.45586760280842525 0.025482093663911798 0.033099297893681046
0 0.346763085399449 0.4746740220661986 0.03099173553719009 0.03761283851554664
0 0.3856749311294766 0.4872116349047141 0.024793388429752095 0.0416248746238716
3 0.971763085399449 0.5436308926780341 0.0440771349862259 0.02507522567703102
3 0.5024104683195593 0.5456369107321966 0.03099173553719009 0.029087261785356033
0 0.3725895316804408 0.48520561685055164 0.037190082644628086 0.029588766298896674
0 0.5898760330578512 0.4954864593781344 0.030991735537190146 0.0461384152457372
3 0.4996556473829201 0.6331494483450351 0.03099173553719009 0.03761283851554664
1 0.49345730027548207 0.9370611835506519 0.024104683195592225 0.03761283851554664
0 0.7913223140495869 0.525827482447342 0.024793388429752095 0.03560682046138419
0 0.8329889807162534 0.49749247743229685 0.030991735537190146 0.02908726178535609
0 0.8677685950413223 0.5173019057171515 0.03581267217630857 0.03961885656970915
3 0.8426308539944904 0.5393681043129388 0.025482093663911853 0.041624874623871655
3 0.5726584022038568 0.5809929789368105 0.02685950413223137 0.02958876629889673
0 0.59400826446281 0.6018054162487463 0.025482093663911853 0.03711133400200606
0 0.5303030303030303 0.5092778335005015 0.030303030303030276 0.03560682046138414
3 0.4982782369146006 0.32673019057171515 0.03099173553719009 0.045636910732196556
1 0.011707988980716254 0.19558676028084254 0.023415977961432508 0.03309929789368102
0 0.34814049586776863 0.4089769307923771 0.042011019283746565 0.03961885656970909
0 0.1928374655647383 0.5300902708124373 0.024793388429752067 0.031093279839518484
3 0.13705234159779614 0.5288365095285859 0.02479338842975208 0.03761283851554664
0 0.4259641873278237 0.586258776328987 0.03650137741046833 0.02306920762286857
1 0.509297520661157 0.6476930792377131 0.025482093663911853 0.03360080240722163
0 0.44972451790633605 0.8425275827482448 0.02479338842975204 0.035105315947843496
0 0.4283746556473829 0.8081745235707121 0.023415977961432466 0.03761283851554664
0 0.45523415977961434 0.743480441323972 0.03030303030303033 0.045636910732196556
0 0.4400826446280992 0.9039618856569709 0.03030303030303033 0.041624874623871655
0 0.4387052341597796 0.7622868605817452 0.02479338842975204 0.033099297893681046
0 0.1081267217630854 0.5466399197592778 0.04132231404958678 0.031093279839518484
