1 0.6575757575757576 0.06724611161939616 0.02626262626262621 0.035681610247026534
1 0.2277777777777778 0.3517840805123513 0.022222222222222227 0.03751143641354071
1 0.6351010101010102 0.8357731015553522 0.034848484848484795 0.03568161024702654
1 0.6366161616161616 0.7982616651418115 0.03181818181818186 0.03934126258005488
1 0.7532828282828283 0.692131747483989 0.026767676767676774 0.03568161024702654
1 0.7255050505050505 0.15279048490393413 0.026767676767676774 0.0475754803293687
1 0.3101010101010101 0.35407136322049404 0.026262626262626265 0.04574565416285453
1 0.6616161616161615 0.12259835315645014 0.02626262626262632 0.03293687099725526
1 0.6631313131313131 0.15690759377859104 0.02626262626262621 0.04300091491308328
1 0.6825757575757576 0.14821591948764867 0.023737373737373724 0.03110704483074106
1 0.6825757575757576 0.11939615736505033 0.023737373737373724 0.03202195791399816
1 0.746969696969697 0.12259835315645014 0.036363636363636376 0.0494053064958829
