1 0.7885674931129476 0.11033099297893681 0.030303030303030387 0.054162487462387165
1 0.12603305785123967 0.48520561685055164 0.030303030303030318 0.0376128385155467
0 0.5413223140495868 0.1288866599799398 0.030303030303030276 0.046138415245737224
3 0.1246556473829201 0.49774322968906715 0.030303030303030304 0.0416248746238716
3 0.3939393939393939 0.45586760280842525 0.02479338842975204 0.033099297893681046
0 0.3106060606060606 0.4746740220661986 0.030303030303030276 0.03761283851554664
0 0.3440082644628099 0.4872116349047141 0.025482093663911853 0.0416248746238716
3 0.971763085399449 0.5436308926780341 0.0440771349862259 0.02507522567703102
3 0.5106749311294766 0.533099297893681 0.03099173553719009 0.029087261785356144
0 0.45454545454545453 0.46238716148445336 0.037190082644628086 0.029087261785356033
0 0.5898760330578512 0.47693079237713143 0.030991735537190146 0.0461384152457372
3 0.5106749311294766 0.6206118355065195 0.03099173553719009 0.03761283851554664
1 0.49345730027548207 0.9370611835506519 0.024104683195592225 0.03761283851554664
0 0.8205922865013775 0.518555667001003 0.025482093663911853 0.03711133400200606
0 0.8856749311294766 0.4954864593781344 0.030303030303030276 0.02908726178535609
0 0.9135674931129476 0.5092778335005015 0.036501377410468216 0.03961885656970909
3 0.8705234159779613 0.5373620862587764 0.024793388429752095 0.041624874623871655
3 0.5767906336088154 0.5747241725175527 0.026859504132231482 0.029087261785356033
0 0.6163911845730028 0.5997993981945837 0.024793388429752095 0.03711133400200606
0 0.5275482093663912 0.4862086258776329 0.030303030303030387 0.03560682046138419
3 0.5065426997245179 0.3039117352056169 0.03099173553719009 0.0461384152457372
0 0.3522727272727273 0.4195085255767302 0.042011019283746565 0.03961885656970909
0 0.2286501377410468 0.5320962888665999 0.024793388429752067 0.031093279839518595
3 0.1759641873278237 0.5353560682046139 0.025482093663911826 0.03761283851554664
0 0.46212121212121215 0.5882647943831494 0.03581267217630851 0.02306920762286857
1 0.5123966942148761 0.6414242728184554 0.024793388429752095 0.033099297893681046
0 0.44972451790633605 0.8194583751253761 0.02479338842975204 0.03510531594784361
0 0.42665289256198347 0.787111334002006 0.02410468319559228 0.03761283851554664
0 0.45523415977961434 0.7246740220661987 0.03030303030303033 0.04613841524573725
0 0.43250688705234164 0.9079739217652959 0.03168044077134985 0.041624874623871655
0 0.4359504132231405 0.7414744232698094 0.024793388429752095 0.03360080240722163
0 0.13705234159779614 0.5446339017051154 0.04132231404958679 0.031093279839518595
