1 0.7926997245179064 0.10581745235707121 0.030303030303030387 0.054162487462387165
1 0.08712121212121213 0.48921765295887665 0.030991735537190077 0.03761283851554659
0 0.5454545454545454 0.09754262788365095 0.030303030303030276 0.045636910732196584
3 0.09125344352617079 0.5017552657973922 0.030991735537190077 0.0416248746238716
3 0.3663911845730028 0.45586760280842525 0.02479338842975204 0.033099297893681046
0 0.27341597796143247 0.4746740220661986 0.03030303030303033 0.03761283851554664
0 0.3037190082644628 0.4912236710130391 0.024793388429752095 0.0416248746238716
3 0.971763085399449 0.5436308926780341 0.0440771349862259 0.02507522567703102
3 0.5134297520661157 0.5145436308926781 0.03099173553719009 0.029087261785356033
0 0.3677685950413223 0.4789368104312939 0.03581267217630857 0.029087261785356033
0 0.584366391184573 0.45912738214643933 0.030991735537190035 0.043630892678034106
3 0.5206611570247934 0.6100802407221666 0.030303030303030387 0.03761283851554664
1 0.49345730027548207 0.9370611835506519 0.024104683195592225 0.03761283851554664
0 0.8553719008264462 0.5142928786359078 0.024793388429752095 0.03761283851554664
0 0.9331955922865014 0.4934804413239719 0.030303030303030276 0.029087261785356033
0 0.9504132231404958 0.511283851554664 0.031680440771349905 0.03961885656970915
3 0.8994490358126721 0.533099297893681 0.024793388429752095 0.04212637913741224
3 0.5823002754820936 0.5687061183550652 0.02685950413223137 0.029087261785356033
0 0.6274104683195592 0.5975426278836509 0.024793388429752095 0.03761283851554664
0 0.5261707988980716 0.4611334002006018 0.030303030303030276 0.03560682046138414
3 0.5165289256198347 0.28309929789368105 0.030303030303030387 0.045636910732196556
0 0.03994490358126722 0.3643430290872618 0.03581267217630854 0.0416248746238716
0 0.3539944903581267 0.43004012036108324 0.041322314049586806 0.03961885656970909
0 0.2665289256198347 0.5361083249749248 0.024793388429752095 0.031093279839518484
3 0.21487603305785125 0.5393681043129388 0.024793388429752067 0.03761283851554664
0 0.4927685950413223 0.5777331995987964 0.03650137741046833 0.02306920762286857
1 0.5151515151515151 0.6351554663991976 0.024793388429751984 0.03360080240722163
0 0.44972451790633605 0.8006519558676028 0.02479338842975204 0.03560682046138408
0 0.42906336088154273 0.7665496489468405 0.02479338842975204 0.03761283851554653
0 0.45523415977961434 0.7058676028084253 0.03030303030303033 0.045636910732196556
0 0.4238980716253443 0.914493480441324 0.03236914600550961 0.041624874623871655
0 0.4359504132231405 0.7246740220661986 0.024793388429752095 0.033099297893681046
0 0.16632231404958678 0.54037111334002 0.042011019283746565 0.03159478435305918
