1 0.8037190082644627 0.09979939819458375 0.030303030303030387 0.054162487462387165
3 0.2637741046831956 0.4684052156469408 0.02479338842975204 0.033099297893681046
0 0.18732782369146006 0.48520561685055164 0.030303030303030304 0.0376128385155467
0 0.22038567493112948 0.5017552657973922 0.024793388429752067 0.0416248746238716
3 0.971763085399449 0.5436308926780341 0.0440771349862259 0.02507522567703102
3 0.5106749311294766 0.46639919759277837 0.03099173553719009 0.02908726178535609
0 0.4080578512396694 0.4518555667001003 0.03650137741046833 0.029087261785356033
0 0.5640495867768595 0.42352056168505514 0.02892561983471076 0.043630892678034106
3 0.5385674931129476 0.5850050150451354 0.030303030303030387 0.03761283851554664
1 0.49345730027548207 0.9370611835506519 0.024104683195592225 0.03761283851554664
0 0.9204545454545454 0.5122868605817452 0.025482093663911853 0.0376128385155467
3 0.9607438016528926 0.5268304914744233 0.024793388429752095 0.041624874623871655
3 0.5878099173553719 0.5539117352056169 0.026859504132231482 0.02958876629889673
0 0.6494490358126721 0.5895185556670011 0.024793388429752095 0.03761283851554664
0 0.5206611570247934 0.41549648946840523 0.030303030303030387 0.03560682046138414
3 0.5275482093663912 0.21238716148445336 0.030303030303030387 0.04563691073219661
0 0.07334710743801653 0.3643430290872618 0.036501377410468314 0.0416248746238716
0 0.3553719008264463 0.4506018054162487 0.041322314049586806 0.03961885656970915
0 0.34263085399449034 0.5466399197592778 0.025482093663911853 0.031093279839518484
3 0.28581267217630857 0.5519057171514543 0.02479338842975204 0.03761283851554664
0 0.5550964187327824 0.5571715145436309 0.03581267217630857 0.02306920762286868
1 0.5206611570247934 0.6206118355065195 0.024793388429752095 0.03360080240722163
0 0.44972451790633605 0.765295887662989 0.02479338842975204 0.035105315947843496
0 0.4359504132231405 0.724924774322969 0.024793388429752095 0.03761283851554664
0 0.46763085399449034 0.683049147442327 0.03030303030303033 0.04613841524573725
0 0.4080578512396694 0.9225175526579739 0.030991735537190035 0.041624874623871544
0 0.43732782369146006 0.6935807422266801 0.024793388429752095 0.033099297893681046
1 0.8316115702479339 0.5644433299899698 0.028236914600551 0.03761283851554664
0 0.2303719008264463 0.5486459378134403 0.042011019283746565 0.031093279839518595
