1 0.8050964187327824 0.09779338014042127 0.030303030303030276 0.05416248746238715
3 0.20798898071625344 0.4769307923771314 0.024793388429752067 0.033099297893681046
0 0.14807162534435264 0.48520561685055164 0.030303030303030304 0.0376128385155467
0 0.17458677685950413 0.5037612838515546 0.025482093663911853 0.0416248746238716
3 0.971763085399449 0.5436308926780341 0.0440771349862259 0.02507522567703102
3 0.5051652892561984 0.4433299899699097 0.030991735537190146 0.02908726178535609
0 0.4011707988980716 0.45386158475426275 0.03650137741046833 0.02908726178535609
0 0.5550964187327824 0.4059679037111334 0.030303030303030276 0.045636910732196556
3 0.5413223140495868 0.5704613841524573 0.030303030303030276 0.03761283851554664
1 0.49345730027548207 0.9370611835506519 0.024104683195592225 0.03761283851554664
3 0.5891873278236914 0.5476429287863591 0.02685950413223137 0.029087261785356033
0 0.6608126721763086 0.5872617853560682 0.025482093663911853 0.03711133400200595
0 0.5165289256198347 0.39242728184553666 0.030303030303030387 0.03560682046138414
3 0.5330578512396694 0.17678034102306922 0.030303030303030276 0.045636910732196584
0 0.08987603305785125 0.3643430290872618 0.036501377410468314 0.0416248746238716
0 0.35674931129476584 0.4611334002006018 0.04132231404958675 0.03961885656970915
0 0.38154269972451793 0.5529087261785357 0.02479338842975204 0.03159478435305918
3 0.31749311294765836 0.5601805416248746 0.02479338842975204 0.03711133400200595
0 0.584366391184573 0.5466399197592778 0.03650137741046833 0.02306920762286868
1 0.524793388429752 0.6123370110330993 0.024793388429752095 0.033099297893681046
0 0.44972451790633605 0.7487462387161485 0.02479338842975204 0.035105315947843496
0 0.4414600550964187 0.7101303911735206 0.024793388429752095 0.03711133400200606
0 0.47451790633608815 0.6727683049147443 0.030303030303030276 0.045636910732196556
0 0.3994490358126722 0.9270310932798396 0.03030303030303033 0.041624874623871544
0 0.4400826446280992 0.6767803410230693 0.02479338842975204 0.03360080240722174
1 0.8453856749311295 0.5579237713139418 0.028236914600551 0.03761283851554664
0 0.259297520661157 0.5539117352056169 0.04201101928374654 0.02958876629889673
