1 0.8064738292011019 0.09578736208625878 0.030303030303030276 0.054162487462387165
3 0.15082644628099173 0.48520561685055164 0.024793388429752067 0.03360080240722163
0 0.1081267217630854 0.48520561685055164 0.030303030303030304 0.0376128385155467
0 0.13429752066115702 0.5037612838515546 0.02479338842975208 0.0416248746238716
3 0.971763085399449 0.5436308926780341 0.0440771349862259 0.02507522567703102
3 0.4996556473829201 0.41850551654964896 0.03099173553719009 0.029588766298896674
0 0.3939393939393939 0.45787362086258776 0.03581267217630851 0.029087261785356033
0 0.5461432506887052 0.38716148445336007 0.028925619834710647 0.0461384152457372
3 0.5440771349862259 0.5559177532597794 0.030303030303030276 0.03761283851554664
1 0.49345730027548207 0.9370611835506519 0.024104683195592225 0.03761283851554664
3 0.5919421487603306 0.5393681043129388 0.026859504132231482 0.02958876629889673
0 0.6718319559228649 0.582998996990973 0.025482093663911853 0.03761283851554664
0 0.5120523415977961 0.3696088264794383 0.030991735537190035 0.035105315947843496
3 0.5426997245179064 0.14568706118355065 0.030303030303030387 0.0456369107321966
0 0.10674931129476584 0.3643430290872618 0.03581267217630854 0.0416248746238716
0 0.35674931129476584 0.47166499498495484 0.04132231404958675 0.03961885656970915
0 0.4176997245179063 0.5571715145436309 0.025482093663911853 0.031093279839518484
3 0.3512396694214876 0.5664493480441324 0.024793388429752095 0.03761283851554664
0 0.609504132231405 0.5361083249749248 0.03581267217630857 0.02306920762286868
1 0.5303030303030303 0.6060682046138415 0.024793388429752095 0.03360080240722174
0 0.45385674931129477 0.7299398194583752 0.024793388429752095 0.03560682046138419
0 0.44696969696969696 0.6955867602808425 0.024793388429752095 0.03711133400200595
0 0.4800275482093664 0.6602306920762286 0.030303030303030276 0.04563691073219667
0 0.39118457300275483 0.9310431293881645 0.030303030303030276 0.041624874623871655
0 0.4428374655647383 0.6622367101303912 0.024793388429752095 0.03360080240722163
1 0.8608815426997245 0.5559177532597794 0.02754820936639124 0.03761283851554664
0 0.28994490358126723 0.5601805416248746 0.041322314049586806 0.029087261785356144
