1 0.8064738292011019 0.09327983951855567 0.030303030303030276 0.05416248746238715
3 0.09400826446280991 0.49348044132397195 0.02548209366391184 0.0330992978936811
0 0.06611570247933884 0.48520561685055164 0.030303030303030304 0.0376128385155467
0 0.09573002754820936 0.5037612838515546 0.024793388429752067 0.0416248746238716
3 0.971763085399449 0.5436308926780341 0.0440771349862259 0.02507522567703102
3 0.4941460055096419 0.3936810431293881 0.030991735537190146 0.02908726178535609
0 0.3870523415977961 0.46238716148445336 0.03581267217630851 0.029087261785356033
0 0.5392561983471075 0.38314944834503506 0.02892561983471076 0.0461384152457372
3 0.546831955922865 0.5413741223671014 0.030303030303030276 0.03761283851554664
1 0.49345730027548207 0.9370611835506519 0.024104683195592225 0.03761283851554664
3 0.5933195592286502 0.533099297893681 0.02685950413223137 0.029087261785356144
0 0.6831955922865014 0.5789869608826479 0.024793388429752095 0.03761283851554664
0 0.5092975206611571 0.3465396188565697 0.03099173553719009 0.03510531594784355
3 0.5509641873278237 0.1143430290872618 0.030303030303030276 0.04613841524573721
0 0.12327823691460055 0.3643430290872618 0.035812672176308555 0.0416248746238716
0 0.3581267217630854 0.48420260782347047 0.04132231404958675 0.03961885656970915
0 0.45523415977961434 0.5611835506519558 0.02479338842975204 0.031093279839518595
3 0.3856749311294766 0.5727181544633901 0.024793388429752095 0.03711133400200606
0 0.6356749311294766 0.5258274824473421 0.03581267217630857 0.022567703109327986
1 0.5399449035812671 0.6018054162487463 0.024793388429752095 0.033099297893681046
0 0.45798898071625344 0.7111334002006018 0.024793388429752095 0.035105315947843496
0 0.45385674931129477 0.6810431293881645 0.024793388429752095 0.03711133400200606
0 0.48863636363636365 0.6496990972918757 0.03099173553719009 0.04563691073219667
0 0.39118457300275483 0.933049147442327 0.030303030303030276 0.041624874623871544
0 0.459366391184573 0.6414242728184554 0.024793388429752095 0.033099297893681046
1 0.8746556473829201 0.5559177532597794 0.02754820936639124 0.03761283851554664
0 0.32334710743801653 0.5687061183550652 0.042011019283746565 0.029087261785356033
