1 0.8078512396694215 0.09127382146439318 0.030303030303030276 0.054162487462387165
0 0.05509641873278237 0.5037612838515546 0.024793388429752067 0.0416248746238716
3 0.971763085399449 0.5436308926780341 0.0440771349862259 0.02507522567703102
3 0.48725895316804413 0.37061183550651955 0.03099173553719009 0.029087261785356033
0 0.38016528925619836 0.4643931795386158 0.03581267217630857 0.02908726178535609
0 0.5399449035812672 0.42678034102306917 0.030303030303030276 0.0461384152457372
3 0.5454545454545454 0.5205616850551655 0.030303030303030276 0.03711133400200606
1 0.49345730027548207 0.9370611835506519 0.024104683195592225 0.03761283851554664
3 0.5964187327823691 0.522567703109328 0.026170798898071612 0.029087261785356144
0 0.6942148760330578 0.5769809428284856 0.024793388429752095 0.03761283851554664
0 0.5092975206611571 0.31745235707121366 0.03099173553719009 0.03510531594784355
3 0.559228650137741 0.08299899699097292 0.030303030303030276 0.04563691073219659
0 0.14118457300275483 0.36634904714142424 0.03581267217630854 0.0416248746238716
0 0.359504132231405 0.4947342026078235 0.041322314049586806 0.03961885656970915
0 0.4900137741046832 0.5581745235707122 0.025482093663911853 0.033099297893681046
3 0.42183195592286504 0.5789869608826479 0.025482093663911798 0.03761283851554664
0 0.6608126721763086 0.5155466399197592 0.03650137741046833 0.02306920762286857
1 0.5495867768595042 0.5977933801404213 0.024793388429752095 0.033099297893681046
0 0.4662534435261708 0.6988465396188566 0.02479338842975204 0.03560682046138419
0 0.4607438016528925 0.6662487462387161 0.02479338842975204 0.03761283851554664
0 0.5010330578512396 0.6371614844533601 0.030991735537190035 0.045636910732196556
0 0.39118457300275483 0.933049147442327 0.030303030303030276 0.041624874623871544
0 0.47314049586776863 0.6268806419257773 0.02479338842975204 0.033099297893681046
1 0.884297520661157 0.5559177532597794 0.02754820936639113 0.03761283851554664
0 0.3453856749311295 0.5787362086258776 0.042011019283746565 0.029087261785356033
3 0.12121212121212122 0.5413741223671014 0.0371900826446281 0.03761283851554664
