1 0.809228650137741 0.08926780341023069 0.030303030303030276 0.05416248746238716
3 0.971763085399449 0.5436308926780341 0.0440771349862259 0.02507522567703102
3 0.48863636363636365 0.34353059177532597 0.03099173553719009 0.02908726178535609
0 0.37741046831955927 0.4726680040120361 0.03581267217630851 0.029588766298896674
0 0.5413223140495868 0.4706619859578736 0.030303030303030276 0.045636910732196556
3 0.5426997245179064 0.4957372116349047 0.030303030303030387 0.0376128385155467
1 0.49345730027548207 0.9370611835506519 0.024104683195592225 0.03761283851554664
3 0.5971074380165289 0.5060180541624875 0.024793388429752095 0.02908726178535609
0 0.7052341597796143 0.5727181544633901 0.024793388429752095 0.03711133400200606
0 0.5092975206611571 0.2883650952858576 0.03099173553719009 0.035105315947843496
3 0.5633608815426997 0.058174523570712136 0.030303030303030276 0.04613841524573722
0 0.15805785123966942 0.36634904714142424 0.03650137741046833 0.0416248746238716
0 0.3608815426997245 0.5060180541624875 0.041322314049586806 0.037111334002006
0 0.524793388429752 0.5519057171514543 0.024793388429752095 0.03360080240722174
3 0.4524793388429752 0.5769809428284856 0.024793388429752095 0.03761283851554664
1 0.5550964187327824 0.5955366098294885 0.024793388429751984 0.03360080240722174
0 0.47314049586776863 0.686308926780341 0.02479338842975204 0.03560682046138419
0 0.46763085399449034 0.6539618856569709 0.02479338842975204 0.03711133400200606
0 0.5134297520661157 0.6246238716148446 0.03099173553719009 0.045636910732196556
0 0.39118457300275483 0.933049147442327 0.030303030303030276 0.041624874623871544
0 0.4841597796143251 0.6186058174523571 0.02479338842975204 0.03360080240722163
1 0.884297520661157 0.5559177532597794 0.02754820936639113 0.03761283851554664
0 0.3677685950413223 0.5832497492477433 0.04132231404958675 0.029087261785356033
3 0.02134986225895317 0.5446339017051154 0.03994490358126722 0.035105315947843496
3 0.15185950413223143 0.5413741223671014 0.03787878787878787 0.03761283851554664
