1 0.809228650137741 0.0872617853560682 0.030303030303030276 0.05416248746238716
3 0.971763085399449 0.5436308926780341 0.0440771349862259 0.02507522567703102
3 0.4913911845730028 0.3184553660982949 0.03099173553719009 0.029087261785356033
0 0.3608815426997245 0.47693079237713143 0.03581267217630851 0.02908726178535609
0 0.5399449035812672 0.44132397191574724 0.030303030303030276 0.04613841524573725
3 0.5385674931129476 0.4706619859578736 0.030303030303030387 0.03761283851554664
1 0.49345730027548207 0.9370611835506519 0.024104683195592225 0.03761283851554664
3 0.5984848484848484 0.48946840521564694 0.024793388429752095 0.02908726178535609
0 0.7162534435261707 0.5704613841524573 0.024793388429752095 0.03761283851554664
0 0.5092975206611571 0.2600300902708124 0.03099173553719009 0.037612838515546615
3 0.5647382920110193 0.033099297893681046 0.030303030303030387 0.04613841524573721
0 0.17458677685950413 0.36634904714142424 0.03650137741046833 0.0416248746238716
0 0.3608815426997245 0.5162988966900702 0.041322314049586806 0.03761283851554659
0 0.559228650137741 0.5446339017051154 0.024793388429751984 0.035105315947843496
3 0.4772727272727273 0.5644433299899698 0.02479338842975204 0.03761283851554664
1 0.5606060606060606 0.593530591775326 0.024793388429752095 0.03360080240722163
0 0.48140495867768596 0.6737713139418255 0.024793388429752095 0.03560682046138408
0 0.4772727272727273 0.6414242728184554 0.02479338842975204 0.03711133400200595
0 0.5261707988980716 0.6123370110330992 0.030303030303030276 0.04613841524573725
0 0.39118457300275483 0.933049147442327 0.030303030303030276 0.041624874623871544
0 0.49827823691460055 0.6100802407221665 0.025482093663911853 0.03360080240722163
1 0.884297520661157 0.5559177532597794 0.02754820936639113 0.03761283851554664
0 0.39566115702479343 0.5852557673019056 0.042011019283746565 0.029087261785356033
3 0.05509641873278237 0.5446339017051154 0.04132231404958678 0.035105315947843496
3 0.18663911845730027 0.5413741223671014 0.037190082644628086 0.03761283851554664
