1 0.8119834710743802 0.07472417251755266 0.02754820936639124 0.054162487462387165
3 0.971763085399449 0.5436308926780341 0.0440771349862259 0.02507522567703102
3 0.4982782369146006 0.26629889669007023 0.03099173553719009 0.02908726178535609
0 0.31508264462809915 0.4789368104312939 0.03650137741046833 0.029087261785356033
0 0.5344352617079889 0.3081745235707122 0.030303030303030276 0.04563691073219661
3 0.5316804407713498 0.41850551654964896 0.030303030303030387 0.03761283851554664
1 0.49345730027548207 0.9370611835506519 0.024104683195592225 0.03761283851554664
3 0.5537190082644627 0.5872617853560682 0.024793388429752095 0.04212637913741224
3 0.5984848484848484 0.4684052156469408 0.024793388429752095 0.029087261785356033
0 0.7386363636363635 0.5624373119358075 0.025482093663911853 0.03761283851554664
0 0.5106749311294766 0.20812437311935805 0.03099173553719009 0.03711133400200603
0 0.20798898071625344 0.36634904714142424 0.03581267217630854 0.0416248746238716
0 0.3870523415977961 0.5559177532597794 0.041322314049586806 0.03761283851554664
0 0.634297520661157 0.5320962888665999 0.024793388429752095 0.035105315947843496
3 0.5165289256198347 0.533099297893681 0.024793388429752095 0.03711133400200595
0 0.3774104683195592 0.12988966900702106 0.03305785123966942 0.031093279839518553
0 0.39118457300275483 0.17903711133400202 0.019283746556473802 0.05416248746238714
0 0.38842975206611574 0.25802407221664997 0.03581267217630851 0.03761283851554667
1 0.571969696969697 0.5872617853560682 0.025482093663911853 0.033099297893681046
0 0.5037878787878788 0.6476930792377131 0.022727272727272707 0.045636910732196556
0 0.4996556473829201 0.6165997993981946 0.025482093663911798 0.03761283851554664
0 0.5454545454545454 0.5852557673019056 0.030303030303030276 0.04613841524573725
0 0.39118457300275483 0.933049147442327 0.030303030303030276 0.041624874623871544
0 0.5303030303030303 0.5809929789368105 0.024793388429752095 0.03360080240722163
1 0.884297520661157 0.5559177532597794 0.02754820936639113 0.03761283851554664
0 0.44696969696969696 0.5892678034102308 0.04132231404958675 0.029087261785356033
3 0.12258953168044077 0.5423771313941825 0.04269972451790635 0.03560682046138419
3 0.25516528925619836 0.5433801404212637 0.03650137741046833 0.03761283851554664
