1 0.8126721763085399 0.0687061183550652 0.026170798898071723 0.054162487462387165
3 0.971763085399449 0.5436308926780341 0.0440771349862259 0.02507522567703102
3 0.5010330578512396 0.23921765295887665 0.030991735537190035 0.02908726178535606
0 0.2926997245179063 0.4789368104312939 0.03581267217630857 0.029087261785356033
0 0.5371900826446281 0.27883650952858574 0.030303030303030276 0.0461384152457372
3 0.5289256198347108 0.3934302908726178 0.030303030303030276 0.03761283851554659
1 0.49345730027548207 0.9370611835506519 0.024104683195592225 0.03761283851554664
3 0.5550964187327824 0.5872617853560682 0.024793388429751984 0.04212637913741224
3 0.5971074380165289 0.46013039117352056 0.024793388429752095 0.02958876629889673
0 0.7496556473829201 0.5601805416248746 0.025482093663911853 0.03711133400200595
0 0.5134297520661157 0.18304914744232698 0.03099173553719009 0.037111334002006
0 0.22451790633608815 0.36634904714142424 0.03581267217630854 0.0416248746238716
0 0.4011707988980716 0.5704613841524573 0.042011019283746565 0.03761283851554664
0 0.6690771349862259 0.5278335005015045 0.025482093663911742 0.03560682046138408
3 0.5192837465564739 0.5037612838515546 0.024793388429752095 0.03761283851554664
0 0.3774104683195592 0.15496489468405217 0.03305785123966942 0.031093279839518567
0 0.3870523415977961 0.19358074222668004 0.019283746556473857 0.054162487462387165
0 0.38154269972451793 0.28109327983951854 0.03581267217630851 0.03761283851554664
1 0.5761019283746556 0.5852557673019058 0.025482093663911853 0.033099297893681046
0 0.5165289256198347 0.6331494483450351 0.02203856749311295 0.04563691073219667
0 0.5106749311294766 0.6060682046138415 0.025482093663911798 0.03761283851554664
0 0.5537190082644627 0.5727181544633901 0.030303030303030387 0.04613841524573725
0 0.39118457300275483 0.933049147442327 0.030303030303030276 0.041624874623871544
0 0.5426997245179064 0.568455366098295 0.024793388429752095 0.03360080240722174
1 0.884297520661157 0.5559177532597794 0.02754820936639113 0.03761283851554664
0 0.4703856749311295 0.5852557673019056 0.04132231404958675 0.029087261785356033
3 0.1559917355371901 0.5413741223671014 0.04338842975206611 0.03761283851554664
3 0.2803030303030303 0.5476429287863591 0.03581267217630851 0.03711133400200606
