1 0.8133608815426998 0.06218655967903711 0.024793388429752095 0.05416248746238716
3 0.971763085399449 0.5436308926780341 0.0440771349862259 0.02507522567703102
3 0.5037878787878788 0.21414242728184552 0.030991735537190035 0.02908726178535606
0 0.2692837465564738 0.48094282848545633 0.03581267217630851 0.02908726178535609
0 0.5399449035812672 0.25175526579739216 0.030303030303030276 0.046138415245737224
3 0.5275482093663912 0.36634904714142424 0.030303030303030387 0.03761283851554659
1 0.49345730027548207 0.9370611835506519 0.024104683195592225 0.03761283851554664
3 0.5550964187327824 0.5872617853560682 0.024793388429751984 0.04212637913741224
3 0.5957300275482094 0.4518555667001003 0.024793388429751984 0.029087261785356033
0 0.7692837465564739 0.5579237713139418 0.024793388429752095 0.03761283851554664
0 0.5192837465564738 0.1602306920762287 0.030303030303030276 0.03761283851554664
0 0.24001377410468316 0.3683550651955868 0.0365013774104683 0.0416248746238716
0 0.04269972451790634 0.37462387161484456 0.049586776859504134 0.02908726178535609
0 0.41494490358126723 0.5747241725175527 0.042011019283746565 0.03711133400200606
0 0.7024793388429752 0.5278335005015045 0.024793388429751984 0.03560682046138408
3 0.5206611570247934 0.4746740220661986 0.024793388429752095 0.03761283851554664
0 0.8966942148760331 0.5132898696088264 0.03581267217630857 0.022567703109327986
0 0.3746556473829201 0.17803410230692077 0.03305785123966942 0.03109327983951854
0 0.3870523415977961 0.20812437311935808 0.019283746556473857 0.054162487462387165
0 0.3746556473829201 0.3016549648946841 0.03581267217630857 0.03761283851554664
1 0.5816115702479339 0.5809929789368105 0.025482093663911853 0.03360080240722163
0 0.5289256198347108 0.6163490471414244 0.02203856749311295 0.04613841524573725
0 0.522038567493113 0.5955366098294885 0.024793388429751984 0.03761283851554664
0 0.5619834710743802 0.5581745235707121 0.030303030303030276 0.04613841524573725
0 0.39118457300275483 0.933049147442327 0.030303030303030276 0.041624874623871544
0 0.5454545454545454 0.5601805416248746 0.024793388429752095 0.033099297893681046
1 0.884297520661157 0.5559177532597794 0.02754820936639113 0.03761283851554664
0 0.48863636363636365 0.5767301905717152 0.04201101928374662 0.029087261785356144
3 0.3329889807162535 0.574974924774323 0.03099173553719009 0.041624874623871655
3 0.19008264462809918 0.5413741223671014 0.0440771349862259 0.03761283851554664
3 0.30509641873278237 0.5539117352056169 0.03581267217630857 0.03761283851554664
