1 0.8140495867768596 0.056168505516549644 0.023415977961432577 0.05416248746238716
3 0.971763085399449 0.5436308926780341 0.0440771349862259 0.02507522567703102
3 0.5065426997245179 0.18706118355065193 0.03099173553719009 0.02908726178535606
0 0.24690082644628097 0.48094282848545633 0.0365013774104683 0.02908726178535609
0 0.5426997245179064 0.22467402206619858 0.030303030303030387 0.046138415245737224
3 0.5275482093663912 0.3392678034102307 0.030303030303030387 0.03761283851554664
1 0.49345730027548207 0.9370611835506519 0.024104683195592225 0.03761283851554664
3 0.5661157024793388 0.5850050150451354 0.024793388429751984 0.041624874623871544
3 0.5926308539944904 0.44558676028084254 0.025482093663911853 0.029588766298896674
0 0.7899449035812671 0.5559177532597794 0.024793388429752095 0.03761283851554664
0 0.522038567493113 0.13314944834503512 0.030303030303030276 0.03761283851554666
0 0.25516528925619836 0.3728686058174524 0.03650137741046833 0.0416248746238716
0 0.05647382920110193 0.37462387161484456 0.049586776859504134 0.02908726178535609
0 0.43422865013774103 0.5789869608826479 0.042011019283746565 0.03761283851554664
0 0.737258953168044 0.5268304914744233 0.025482093663911853 0.03761283851554664
3 0.5234159779614325 0.44558676028084254 0.024793388429752095 0.03761283851554664
0 0.9359504132231404 0.5175526579739218 0.03581267217630846 0.02306920762286857
0 0.36639118457300274 0.19859578736208627 0.03305785123966942 0.031093279839518567
0 0.39118457300275483 0.2286860581745236 0.019283746556473802 0.05416248746238719
0 0.3677685950413223 0.3227181544633902 0.03581267217630857 0.03761283851554664
1 0.5761019283746556 0.5915245737211635 0.025482093663911853 0.03360080240722163
0 0.5413223140495868 0.6018054162487463 0.02203856749311295 0.04613841524573725
0 0.5303030303030303 0.5809929789368105 0.024793388429752095 0.03761283851554664
0 0.5733471074380165 0.5413741223671014 0.030991735537190035 0.04563691073219667
0 0.39118457300275483 0.933049147442327 0.030303030303030276 0.041624874623871544
0 0.5550964187327824 0.5519057171514543 0.024793388429751984 0.03360080240722174
1 0.884297520661157 0.5559177532597794 0.02754820936639113 0.03761283851554664
0 0.5079201101928374 0.5707121364092277 0.042011019283746565 0.029087261785356144
0 0.5426997245179064 0.17678034102306922 0.024793388429752095 0.037612838515546615
3 0.3622589531680441 0.5872617853560682 0.030303030303030276 0.04613841524573714
3 0.22451790633608815 0.5433801404212637 0.0440771349862259 0.03761283851554664
3 0.33298898071625344 0.5539117352056169 0.03650137741046833 0.03761283851554664
