1 0.8147382920110193 0.04964894684052157 0.02203856749311295 0.054162487462387165
3 0.971763085399449 0.5436308926780341 0.0440771349862259 0.02507522567703102
3 0.5086088154269972 0.16323971915747243 0.029614325068870462 0.035606820461384164
0 0.22314049586776857 0.4829488465396189 0.03581267217630854 0.02908726178535609
0 0.546831955922865 0.19558676028084254 0.030303030303030276 0.046138415245737224
3 0.5275482093663912 0.31218655967903713 0.030303030303030387 0.03761283851554664
1 0.49345730027548207 0.9370611835506519 0.024104683195592225 0.03761283851554664
3 0.5871212121212122 0.5809929789368105 0.025482093663911853 0.041624874623871655
3 0.5843663911845729 0.4373119358074222 0.025482093663911853 0.02908726178535609
0 0.8106060606060606 0.5559177532597794 0.024793388429752095 0.03761283851554664
0 0.5247933884297521 0.10606820461384153 0.030303030303030276 0.03761283851554663
0 0.2692837465564738 0.3728686058174524 0.03581267217630851 0.0416248746238716
0 0.07059228650137742 0.376629889669007 0.050275482093663906 0.029087261785356033
0 0.45798898071625344 0.5789869608826479 0.04132231404958675 0.03761283851554664
0 0.7706611570247934 0.5268304914744233 0.024793388429752095 0.03761283851554664
3 0.5206611570247934 0.41850551654964896 0.024793388429752095 0.03761283851554664
0 0.3608815426997245 0.21740220661985957 0.03305785123966942 0.03159478435305918
0 0.38842975206611574 0.25576730190571717 0.019283746556473857 0.05416248746238719
0 0.36363636363636365 0.3497993981945838 0.03581267217630857 0.03761283851554664
1 0.5578512396694215 0.6163490471414242 0.024793388429752095 0.033099297893681046
0 0.5523415977961432 0.5892678034102308 0.02203856749311295 0.04613841524573725
0 0.5385674931129476 0.568455366098295 0.024793388429752095 0.03761283851554664
0 0.5829889807162534 0.5248244734202607 0.030991735537190146 0.04563691073219667
0 0.39118457300275483 0.933049147442327 0.030303030303030276 0.041624874623871544
0 0.5661157024793388 0.5413741223671014 0.024793388429751984 0.03360080240722174
1 0.884297520661157 0.5559177532597794 0.02754820936639113 0.03761283851554664
0 0.5254820936639117 0.5539117352056169 0.03994490358126723 0.02958876629889673
0 0.5426997245179064 0.15396188565697091 0.024793388429752095 0.037111334002006
3 0.384297520661157 0.597542627883651 0.030303030303030276 0.045636910732196556
3 0.2606749311294766 0.549899699097292 0.04476584022038568 0.03761283851554664
3 0.3608815426997245 0.5559177532597794 0.03581267217630851 0.03761283851554664
