1 0.8154269972451791 0.044633901705115345 0.02066115702479343 0.05215646940822468
3 0.971763085399449 0.5436308926780341 0.0440771349862259 0.02507522567703102
3 0.5099862258953168 0.13916750250752258 0.029614325068870573 0.04162487462387161
0 0.20110192837465563 0.4829488465396189 0.03581267217630854 0.02908726178535609
0 0.5495867768595042 0.16649949849548645 0.030303030303030387 0.0461384152457372
3 0.5275482093663912 0.28510531594784355 0.030303030303030387 0.03761283851554664
1 0.49345730027548207 0.9370611835506519 0.024104683195592225 0.03761283851554664
3 0.6081267217630855 0.5769809428284854 0.024793388429752095 0.041624874623871655
3 0.5761019283746556 0.4307923771313942 0.025482093663911853 0.029087261785356033
0 0.737258953168044 0.5769809428284856 0.025482093663911853 0.03761283851554664
0 0.5275482093663912 0.07472417251755266 0.030303030303030387 0.03711133400200602
0 0.2775482093663912 0.3643430290872618 0.03581267217630857 0.0416248746238716
0 0.0981404958677686 0.376629889669007 0.050275482093663906 0.029087261785356033
0 0.48174931129476584 0.5789869608826479 0.042011019283746565 0.03761283851554664
0 0.8050964187327824 0.5228184553660984 0.024793388429751984 0.03761283851554664
3 0.5137741046831956 0.3934302908726178 0.024793388429752095 0.03761283851554659
0 0.3560606060606061 0.23721163490471414 0.03168044077134985 0.03711133400200603
0 0.38292011019283745 0.28284854563691075 0.019283746556473857 0.054162487462387165
0 0.3608815426997245 0.37487462387161485 0.03581267217630851 0.03761283851554664
1 0.5399449035812671 0.6434302908726178 0.024793388429752095 0.033099297893681046
0 0.559228650137741 0.5809929789368105 0.02203856749311295 0.045636910732196556
0 0.5468319559228649 0.5624373119358075 0.024793388429752095 0.03761283851554664
0 0.574724517906336 0.4954864593781344 0.030991735537190146 0.0461384152457372
0 0.39118457300275483 0.933049147442327 0.030303030303030276 0.041624874623871544
0 0.5788567493112948 0.5351053159478435 0.025482093663911853 0.033099297893681046
1 0.884297520661157 0.5559177532597794 0.02754820936639113 0.03761283851554664
0 0.5392561983471074 0.5416248746238717 0.03994490358126723 0.029087261785356033
1 0.8457300275482094 0.5631895687061184 0.016528925619834656 0.0481444332998997
1 0.8192148760330579 0.5809929789368105 0.030991735537190035 0.02958876629889673
0 0.5426997245179064 0.1288866599799398 0.024793388429752095 0.03711133400200603
3 0.4080578512396694 0.6060682046138415 0.030991735537190035 0.04563691073219667
3 0.2926997245179063 0.5539117352056169 0.0440771349862259 0.03761283851554664
3 0.384297520661157 0.5664493480441324 0.03581267217630857 0.03761283851554664
