1 0.8161157024793388 0.03811434302908726 0.019283746556473913 0.05215646940822467
3 0.971763085399449 0.5436308926780341 0.0440771349862259 0.02507522567703102
3 0.5106749311294766 0.11534603811434302 0.028236914600551 0.04814443329989969
0 0.1955922865013774 0.48520561685055164 0.03581267217630854 0.029588766298896674
0 0.5523415977961432 0.15170511534603812 0.030303030303030276 0.04563691073219661
3 0.5275482093663912 0.25802407221664997 0.030303030303030387 0.03761283851554667
1 0.49345730027548207 0.9370611835506519 0.024104683195592225 0.03761283851554664
3 0.6287878787878788 0.5724674022066198 0.024793388429751984 0.041624874623871655
3 0.5399449035812671 0.5506519558676028 0.024793388429752095 0.031093279839518595
0 0.5578512396694215 0.6246238716148445 0.024793388429752095 0.03761283851554664
0 0.5289256198347108 0.045636910732196584 0.030303030303030276 0.037111334002006016
0 0.28443526170798894 0.35381143430290873 0.03581267217630851 0.041624874623871655
0 0.12603305785123967 0.376629889669007 0.049586776859504134 0.029087261785356033
0 0.49139118457300274 0.5809929789368105 0.04201101928374651 0.03761283851554664
0 0.8398760330578512 0.5205616850551655 0.025482093663911853 0.03711133400200606
3 0.5079201101928374 0.36835506519558675 0.02548209366391191 0.03761283851554664
0 0.3526170798898072 0.2622868605817452 0.030303030303030276 0.05015045135406221
0 0.38016528925619836 0.3039117352056169 0.019283746556473802 0.054162487462387165
0 0.359504132231405 0.39543630892678033 0.03581267217630851 0.03761283851554664
1 0.522038567493113 0.668505516549649 0.024793388429751984 0.033099297893681046
0 0.5647382920110193 0.5747241725175527 0.02203856749311295 0.04613841524573725
0 0.5537190082644627 0.5579237713139418 0.024793388429752095 0.03761283851554664
0 0.5661157024793388 0.4726680040120361 0.030303030303030276 0.04563691073219661
0 0.39118457300275483 0.933049147442327 0.030303030303030276 0.041624874623871544
0 0.5926308539944904 0.5310932798395186 0.025482093663911853 0.033099297893681046
1 0.884297520661157 0.5559177532597794 0.02754820936639113 0.03761283851554664
0 0.553030303030303 0.533099297893681 0.03994490358126723 0.029087261785356144
1 0.8539944903581267 0.5631895687061184 0.016528925619834767 0.0481444332998997
1 0.809228650137741 0.5809929789368105 0.030303030303030276 0.02958876629889673
0 0.5426997245179064 0.11008024072216649 0.024793388429752095 0.03761283851554663
3 0.4331955922865014 0.6143430290872618 0.03030303030303033 0.04613841524573714
3 0.31232782369146006 0.5559177532597794 0.044765840220385655 0.03761283851554664
3 0.4025482093663912 0.5727181544633901 0.03650137741046833 0.03711133400200606
