1 0.6537878787878788 0.08508691674290943 0.02777777777777779 0.042086001829826164
2 0.13787878787878788 0.8838060384263495 0.0292929292929293 0.043915827996340306
2 0.15252525252525254 0.8600182982616651 0.02525252525252525 0.04940530649588293
1 0.6838383838383838 0.2913998170173834 0.03434343434343434 0.0667886550777676
1 0.723989898989899 0.1596523330283623 0.034848484848484795 0.053979871912168326
1 0.30934343434343436 0.3504117108874657 0.02777777777777779 0.04391582799634036
1 0.6611111111111112 0.12168344007319305 0.022222222222222254 0.031107044830741087
1 0.6588383838383839 0.1514181152790485 0.026767676767676774 0.03751143641354071
1 0.6797979797979798 0.14364135407136322 0.018181818181818188 0.02927721866422689
1 0.6825757575757576 0.11756633119853613 0.020707070707070674 0.03568161024702653
1 0.7429292929292929 0.12442817932296432 0.036363636363636376 0.04574565416285453
