1 0.6623737373737374 0.09469350411710888 0.02474747474747474 0.022872827081427266
1 0.723989898989899 0.17337602927721868 0.03181818181818186 0.03934126258005491
1 0.22550505050505049 0.3559011893870082 0.03181818181818183 0.04940530649588287
1 0.746969696969697 0.6935041171088747 0.030303030303030276 0.032936870997255174
0 0.03737373737373737 0.8202195791399818 0.022222222222222223 0.05397987191216835
0 0.3159090909090909 0.545288197621226 0.04595959595959598 0.04940530649588293
1 0.31287878787878787 0.3494967978042086 0.0318181818181818 0.062214089661482175
1 0.2255050505050505 0.06724611161939616 0.026767676767676774 0.052150045745654156
1 0.6643939393939393 0.1262580054894785 0.023737373737373724 0.02927721866422689
1 0.6651515151515152 0.16376944190301923 0.025252525252525304 0.029277218664226917
1 0.6823232323232322 0.1463860933211345 0.018181818181818188 0.02744739249771272
1 0.6858585858585858 0.11436413540713633 0.025252525252525304 0.029277218664226903
1 0.6628787878787878 0.06724611161939616 0.020707070707070674 0.026532479414455627
1 0.3909090909090909 0.8435498627630376 0.04040404040404039 0.04574565416285459
1 0.3318181818181818 0.8618481244281793 0.0222222222222222 0.04574565416285459
1 0.7270202020202021 0.1587374199451052 0.023737373737373724 0.026532479414455634
1 0.7441919191919193 0.12031107044830741 0.02777777777777779 0.03751143641354071
