0 0.44002998500749624 0.5143794147325933 0.025487256371814093 0.04187689202825429
1 0.05059970014992504 0.6069626639757821 0.02623688155922039 0.03128153380423815
1 0.3676911544227886 0.4351664984863774 0.027736131934033015 0.03380423814328959
1 0.5828335832083957 0.4714934409687185 0.033733133433283435 0.04389505549949546
0 0.6592953523238381 0.5383451059535822 0.04722638680659674 0.039354187689202846
1 0.8294602698650675 0.3256811301715439 0.029235382308845592 0.0519677093844601
0 0.79047976011994 0.47780020181634714 0.0352323838080959 0.056508577194752774
1 0.20877061469265368 0.56029263370333 0.03523238380809596 0.049949545913218985
0 0.4857571214392804 0.5216952573158427 0.03898050974512751 0.039354187689202846
0 0.6806596701649175 0.5093340060544904 0.03448275862068961 0.04793138244197781
