0 0.2796101949025487 0.5277497477295661 0.03748125937031482 0.039354187689202846
1 0.12256371814092953 0.58627648839556 0.026236881559220382 0.03128153380423815
1 0.3961769115442279 0.3975782038345106 0.029235382308845592 0.03329969727547932
1 0.5191154422788606 0.47578203834510596 0.033733133433283435 0.043390514631685195
0 0.4284107946026986 0.5300201816347124 0.04572713643178411 0.05196770938446016
1 0.8294602698650675 0.3256811301715439 0.029235382308845592 0.0519677093844601
0 0.6308095952023989 0.4977295660948537 0.03523238380809601 0.05398587285570133
1 0.1454272863568216 0.5643289606458124 0.032983508245877036 0.045913218970736636
0 0.3410794602698651 0.5237134207870837 0.04197901049475261 0.043390514631685195
0 0.5296101949025487 0.47578203834510596 0.051724137931034475 0.02320887991927345
0 0.5389805097451275 0.5058022199798184 0.034482758620689724 0.045913218970736636
0 0.5307346326836582 0.5247225025227044 0.050974512743628186 0.029263370332996974
