1 0.6603535353535354 0.09515096065873742 0.023737373737373835 0.02927721866422689
1 0.748989898989899 0.6935041171088747 0.03737373737373728 0.04574565416285459
0 0.20404040404040402 0.8142726440988106 0.047474747474747475 0.07136322049405308
1 0.3186868686868687 0.33074107959743826 0.05959595959595965 0.06312900274473926
1 0.48737373737373735 0.45150960658737416 0.04444444444444445 0.0667886550777676
1 0.6636363636363636 0.12259835315645014 0.025252525252525193 0.03293687099725526
1 0.6601010101010101 0.15690759377859104 0.02929292929292926 0.03568161024702654
1 0.6825757575757576 0.14547118023787742 0.020707070707070674 0.029277218664226917
1 0.6861111111111111 0.11527904849039342 0.02777777777777768 0.031107044830741074
1 0.6588383838383838 0.06541628545288197 0.028787878787878696 0.035681610247026534
1 0.5214646464646464 0.8723696248856359 0.034848484848484795 0.0503202195791399
1 0.48383838383838385 0.8618481244281793 0.03434343434343434 0.06221408966148212
1 0.7250000000000001 0.1596523330283623 0.02777777777777779 0.03751143641354074
1 0.7426767676767676 0.12031107044830741 0.02777777777777779 0.03751143641354071
