1 0.6583333333333334 0.09743824336688015 0.02777777777777779 0.03751143641354071
1 0.623989898989899 0.08417200365965233 0.031818181818181746 0.047575480329368716
1 0.5393939393939394 0.222323879231473 0.051515151515151514 0.04940530649588287
1 0.6631313131313131 0.11939615736505033 0.02626262626262621 0.03568161024702654
1 0.6573232323232323 0.1495882891125343 0.031818181818181746 0.04117108874656908
1 0.6815656565656565 0.14409881061299176 0.02777777777777779 0.03568161024702654
1 0.6853535353535354 0.11756633119853614 0.02929292929292926 0.03934126258005491
1 0.6573232323232323 0.06404391582799634 0.034848484848484906 0.049405306495882886
1 0.7012626262626263 0.7630375114364135 0.03888888888888897 0.06953339432753891
1 0.7318181818181818 0.8609332113449222 0.04444444444444451 0.04757548032936876
1 0.7255050505050505 0.8920402561756633 0.037878787878787845 0.06038426349496795
1 0.7247474747474747 0.1587374199451052 0.033333333333333326 0.052150045745654156
1 0.7406565656565656 0.12351326623970724 0.03181818181818186 0.047575480329368716
