1 0.7419354838709677 0.7498756837394331 0.026647966339411022 0.04177026355047242
1 0.4438990182328191 0.8194927896568871 0.016830294530154277 0.035803083043262074
1 0.1788218793828892 0.48508204873197414 0.016830294530154277 0.03331675783192445
0 0.44740532959326784 0.22053704624564893 0.03225806451612906 0.03331675783192439
1 0.9232117812061711 0.5477374440576828 0.021739130434782594 0.02933863749378418
1 0.4684431977559607 0.3746892093485828 0.02664796633941091 0.03331675783192445
0 0.5925666199158486 0.7874191944306315 0.033660589060308554 0.03331675783192434
1 0.5196353436185133 0.13003480855295874 0.037868162692847096 0.03132769766285429
1 0.5561009817671809 0.037294878170064646 0.029453015427769902 0.0417702635504724
1 0.3779803646563815 0.8142715067130781 0.03225806451612906 0.037294878170064716
1 0.30715287517531553 0.6800099453008454 0.029453015427769957 0.03132769766285426
