1 0.6767180925666199 0.7623073097961213 0.02664796633941091 0.04177026355047231
0 0.9449509116409538 0.5977125808055693 0.03436185133239833 0.028841372451516634
1 0.37868162692847124 0.8152660367976132 0.016830294530154277 0.03530581800099453
1 0.1900420757363254 0.44132272501243164 0.016830294530154277 0.03331675783192439
0 0.4642356241234221 0.05594231725509696 0.03225806451612906 0.033316757831924414
1 0.4782608695652174 0.22376926902038785 0.026647966339410967 0.026852312282446528
0 0.4740532959326788 0.8935852809547489 0.032258064516129004 0.028841372451516634
1 0.3657082748948106 0.7560914967677772 0.031556802244039284 0.037294878170064605
1 0.5252454417952315 0.8622575832918946 0.037868162692847096 0.04177026355047242
1 0.28927068723702665 0.6466931874689209 0.028751753155680237 0.03132769766285426
