1 0.49333800841514724 0.814271506713078 0.03436185133239833 0.05022376926902039
0 0.4109396914446003 0.07160616608652412 0.025245441795231416 0.05171556439582298
0 0.4684431977559607 0.45798110392839386 0.04908835904628328 0.0497265042267529
1 0.1974053295932679 0.7590750870213824 0.03716690042075735 0.03132769766285426
1 0.1462131837307153 0.3403779214321233 0.03436185133239833 0.04823470909995026
0 0.708625525946704 0.5415216310293387 0.03436185133239833 0.04972650422675284
0 0.532258064516129 0.23421183490800598 0.035063113604488105 0.060666335156638496
1 0.2850631136044881 0.6320238687220288 0.034361851332398274 0.03978120338140234
0 0.44600280504908835 0.5310790651417205 0.035063113604488105 0.049726504226752954
1 0.6690042075736325 0.7685231228244654 0.033660589060308554 0.07110890104425649
1 0.2664796633941094 0.5415216310293387 0.033660589060308554 0.04972650422675284
