1 0.6583333333333333 0.09743824336688015 0.03888888888888897 0.03751143641354071
1 0.623989898989899 0.08417200365965233 0.031818181818181746 0.047575480329368716
1 0.6623737373737374 0.1212259835315645 0.02474747474747474 0.03568161024702653
1 0.8247474747474748 0.7493138151875571 0.04747474747474745 0.04574565416285459
1 0.6628787878787878 0.14867337602927722 0.03181818181818186 0.03934126258005488
1 0.6823232323232323 0.14501372369624885 0.02929292929292937 0.03751143641354071
1 0.6858585858585858 0.11665141811527904 0.025252525252525304 0.03751143641354071
1 0.6621212121212121 0.060841720036596526 0.033333333333333326 0.05215004574565417
1 0.37904040404040407 0.7671546203110704 0.03888888888888892 0.04849039341262584
1 0.9810606060606061 0.868252516010979 0.034848484848484906 0.029277218664226945
1 0.9830808080808081 0.89935956084172 0.03080808080808084 0.032936870997255174
0 0.36717171717171715 0.859103385178408 0.051515151515151514 0.04391582799634042
1 0.7527777777777778 0.06953339432753888 0.02777777777777779 0.043915827996340355
1 0.7545454545454545 0.09972552607502287 0.02626262626262621 0.02927721866422689
1 0.7297979797979799 0.15507776761207687 0.03737373737373739 0.052150045745654156
1 0.7406565656565657 0.12031107044830741 0.034848484848484906 0.05032021957913997
