1 0.42952314165497896 0.808055693684734 0.03436185133239833 0.049726504226752954
0 0.40112201963534366 0.19020387866732968 0.025245441795231416 0.052212829438090524
0 0.3267882187938289 0.4017901541521631 0.049088359046283336 0.0497265042267529
1 0.1349929873772791 0.7401790154152164 0.037166900420757376 0.03132769766285437
1 0.11991584852734923 0.3112879164594729 0.03506311360448808 0.047737444057682765
0 0.6462131837307152 0.46220785678766785 0.03436185133239833 0.05022376926902039
0 0.5364656381486677 0.28194927896568867 0.035063113604487994 0.060666335156638496
1 0.2738429172510519 0.5820487319741422 0.034361851332398274 0.039283938339134794
0 0.2643758765778401 0.564395822973645 0.035063113604488105 0.04972650422675284
1 0.7121318373071528 0.7329686723023372 0.03295932678821878 0.07061163600198916
1 0.2538569424964937 0.5121829935355544 0.03366058906030858 0.04972650422675284
