1 0.36570827489481067 0.808055693684734 0.03436185133239833 0.049726504226752954
0 0.4081346423562412 0.2966185977125808 0.025245441795231416 0.05221282943809047
0 0.21283309957924262 0.43088015912481353 0.04838709677419353 0.05022376926902039
1 0.0655680224403927 0.7195425161611139 0.03716690042075736 0.030830432620586823
0 0.8779803646563815 0.6081551466931874 0.035063113604488105 0.04972650422675284
0 0.5838008415147264 0.3809050223769269 0.03436185133239833 0.04972650422675284
1 0.44424964936886396 0.39880656389855795 0.044179523141654964 0.04773744405768271
1 0.25315568022440393 0.5425161611138737 0.035063113604488105 0.03978120338140223
0 0.258765778401122 0.6790154152163103 0.035063113604488105 0.05022376926902039
1 0.7454417952314165 0.6892093485827946 0.033660589060308554 0.07061163600198905
1 0.24894810659186534 0.48110392839383387 0.03506311360448808 0.050223769269020335
