0 0.4642356241234221 0.9311287916459473 0.04067321178120614 0.037294878170064605
1 0.30575035063113604 0.8018398806563899 0.035063113604488105 0.05022376926902039
0 0.9337307152875175 0.6268025857782198 0.048387096774193505 0.05022376926902039
0 0.9684431977559607 0.6143709597215316 0.04628330995792418 0.05022376926902039
0 0.40953716690042075 0.4144704127299851 0.028050490883590462 0.05022376926902039
0 0.1917952314165498 0.46643460964694183 0.04838709677419353 0.04972650422675284
1 0.017180925666199158 0.6956737941322725 0.034361851332398316 0.045748383888612576
0 0.708625525946704 0.5810542018896072 0.04277699859747541 0.05022376926902039
0 0.5238429172510519 0.2956240676280458 0.035063113604488105 0.05022376926902039
5 0.11009817671809258 0.643460964694182 0.08695652173913045 0.06265539532570863
1 0.3551893408134642 0.395574341123819 0.04417952314165502 0.05022376926902039
1 0.23632538569424966 0.5027349577324715 0.035063113604488105 0.039781203381402286
0 0.40462833099579243 0.716310293386375 0.035063113604488105 0.05022376926902039
1 0.7990883590462834 0.6653406265539532 0.03436185133239833 0.06862257583291898
1 0.2517531556802244 0.4477871705619095 0.03506311360448808 0.05022376926902039
