0 0.5434782608695652 0.8351566384883142 0.0406732117812062 0.037294878170064716
1 0.2405329593267882 0.7894082545997017 0.03506311360448808 0.05022376926902039
0 0.8239831697054698 0.6352560914967678 0.04908835904628328 0.05022376926902039
0 0.8713183730715288 0.6185977125808055 0.048387096774193616 0.04972650422675284
0 0.34151472650771386 0.5101939333664843 0.028050490883590462 0.0497265042267529
0 0.1879382889200561 0.47687717553455994 0.04908835904628331 0.04972650422675284
0 0.564866760168303 0.5101939333664843 0.044179523141655075 0.0497265042267529
0 0.5171809256661992 0.18299353555445053 0.03436185133239833 0.04972650422675284
5 0.30890603085553997 0.7028841372451518 0.09046283309957925 0.06414719045251116
1 0.2745441795231417 0.3664843361511686 0.04698457223001401 0.0497265042267529
1 0.21984572230014027 0.4549975136747887 0.0343618513323983 0.039781203381402286
0 0.5697755960729314 0.6747886623570363 0.03436185133239833 0.04972650422675284
1 0.8495792426367461 0.6424664346096469 0.03295932678821878 0.047737444057682765
1 0.2601683029453015 0.4184485330681253 0.03506311360448808 0.05022376926902039
