0 0.051542776998597474 0.6526603679761313 0.0455820476858345 0.056190949776230736
0 0.6476157082748948 0.80382894082546 0.045582047685834515 0.05022376926902039
1 0.17812061711079946 0.7757334659373446 0.043478260869565216 0.05171556439582292
1 0.16409537166900423 0.5019890601690702 0.04067321178120617 0.05420188960716066
0 0.7850631136044881 0.6424664346096469 0.048387096774193505 0.047737444057682765
0 0.8162692847124824 0.6163600198906017 0.05049088359046283 0.05022376926902039
0 0.28856942496493687 0.6069119840875186 0.044179523141654964 0.05221282943809047
5 0.49754558204768584 0.7068622575832919 0.09887798036465645 0.056190949776230736
1 0.18302945301542778 0.33416210840377925 0.05329593267882188 0.05171556439582298
1 0.19810659186535765 0.41422178020885136 0.03856942496493687 0.04574838388861263
0 0.6924964936886395 0.6862257583291895 0.05820476858345025 0.05171556439582303
0 0.8572931276297335 0.7153157633018399 0.045582047685834515 0.0482347090999502
0 0.47124824684431976 0.4102436598707111 0.0406732117812062 0.06663351566384884
1 0.8927068723702665 0.6059174540029836 0.036465638148667656 0.05420188960716055
0 0.33485273492286116 0.8528095474888115 0.045582047685834515 0.047737444057682765
1 0.2689340813464236 0.3881153654898061 0.035764375876577825 0.05221282943809047
