0 0.2773492286115007 0.7237692690203879 0.04698457223001401 0.05221282943809058
0 0.7198457223001402 0.7757334659373446 0.05119214586255261 0.06066633515663855
1 0.11816269284712483 0.7590750870213824 0.0568022440392707 0.056190949776230736
1 0.30364656381486677 0.8413724515166584 0.030855539971949508 0.04177026355047242
1 0.15743338008415148 0.5039781203381403 0.03997194950911642 0.0542018896071606
0 0.7752454417952315 0.646693187468921 0.051192145862552496 0.04823470909995031
0 0.7990883590462834 0.6163600198906017 0.0539971949509116 0.05022376926902039
0 0.3523842917251052 0.6862257583291895 0.055399719495091204 0.05171556439582303
5 0.6553295932678822 0.6819990054699154 0.10028050490883589 0.05221282943809047
1 0.1258765778401122 0.31103928393833913 0.05259467040673213 0.05221282943809047
1 0.15813464235624125 0.3759323719542516 0.041374474053295945 0.047737444057682765
0 0.6581346423562413 0.7675285927399305 0.05820476858345025 0.05221282943809047
0 0.7135343618513323 0.727996021879662 0.05259467040673205 0.0437593237195425
0 0.46633941093969145 0.2779711586275485 0.04207573632538569 0.06464445549477874
1 0.9330294530154277 0.5735952262555942 0.04137447405329586 0.06016907011437089
1 0.2801542776998598 0.8547986076578817 0.030154277699859733 0.0437593237195425
0 0.14270687237026647 0.7404276479363501 0.04698457223001404 0.047737444057682765
1 0.2759467040673212 0.35927399303828944 0.03856942496493687 0.052212829438090524
