0 0.5606591865357644 0.6904525111884634 0.046984572230014066 0.05221282943809047
0 0.8776297335203366 0.6006961710591745 0.06100981767180924 0.06066633515663844
0 0.7405329593267882 0.7613127797115863 0.05189340813464238 0.06066633515663855
1 0.22755960729312763 0.7913973147687718 0.030154277699859733 0.04127299850820487
1 0.16023842917251052 0.5019890601690702 0.03997194950911642 0.05420188960716066
0 0.7545582047685835 0.6539035305818002 0.05469845722300137 0.04574838388861269
0 0.7745441795231416 0.6225758329189458 0.05820476858345025 0.049726504226752954
0 0.5385694249649369 0.6653406265539532 0.056100981767180924 0.05171556439582303
1 0.10659186535764376 0.321730482347091 0.04207573632538569 0.047737444057682765
0 0.491234221598878 0.886126305320736 0.05259467040673216 0.0437593237195425
1 0.2079242636746143 0.8175037294878169 0.030154277699859733 0.0437593237195425
0 0.1553295932678822 0.5174042764793635 0.04698457223001404 0.0482347090999502
1 0.28927068723702665 0.2966185977125808 0.04277699859747541 0.05221282943809047
