0 0.5981767180925666 0.5905022376926903 0.04768583450210373 0.05221282943809047
0 0.6707573632538569 0.5735952262555942 0.06100981767180924 0.06016907011437089
0 0.7461430575035064 0.7590750870213824 0.05189340813464238 0.06016907011437089
0 0.08520336605890602 0.6591248135256091 0.042776998597475455 0.05221282943809058
1 0.19144460028050492 0.7672799602187965 0.030855539971949508 0.0437593237195425
1 0.16164095371669004 0.49975136747886617 0.03997194950911642 0.053704624564893055
0 0.7135343618513323 0.6966683242168075 0.05539971949509115 0.0437593237195425
0 0.7563113604488079 0.648682247637991 0.05820476858345014 0.05221282943809047
0 0.564866760168303 0.6506713078070612 0.05539971949509126 0.05221282943809058
1 0.17321178120617112 0.7926404773744407 0.030855539971949508 0.0437593237195425
1 0.8436185133239831 0.5519641969169568 0.02664796633941091 0.045748383888612576
0 0.7885694249649369 0.5850323222277474 0.05820476858345014 0.058180009945300815
0 0.23036465638148668 0.39880656389855795 0.04698457223001404 0.04773744405768271
1 0.29488078541374474 0.2613127797115863 0.04277699859747541 0.0522128294380905
