0 0.4898316970546985 0.46121332670313275 0.046984572230014066 0.052212829438090524
0 0.541023842917251 0.4987568373943312 0.06100981767180924 0.06066633515663855
0 0.7475455820476858 0.7446544007956241 0.05189340813464227 0.06016907011437089
0 0.12096774193548387 0.6633515663848831 0.04277699859747547 0.05171556439582292
1 0.1497194950911641 0.7444057682744902 0.03015427769985976 0.0437593237195425
1 0.16269284712482468 0.49975136747886617 0.04067321178120617 0.053704624564893055
0 0.6774193548387096 0.7652909000497266 0.056100981767180924 0.0437593237195425
0 0.7261570827489481 0.6800099453008454 0.05820476858345025 0.05221282943809058
0 0.6286816269284712 0.6591248135256091 0.05539971949509115 0.05221282943809058
1 0.13288920056100983 0.7757334659373446 0.03015427769985976 0.04375932371954261
1 0.9018232819074334 0.5529587270014917 0.02664796633941091 0.0437593237195425
0 0.594319775596073 0.5581800099453009 0.05820476858345025 0.058180009945300815
0 0.30539971949509115 0.2715067130780706 0.04698457223001401 0.047737444057682765
1 0.2990883590462833 0.22799602187966186 0.04277699859747547 0.052212829438090524
