1 0.6568181818181817 0.09743824336688015 0.02777777777777779 0.03751143641354071
1 0.6262626262626263 0.08417200365965233 0.036363636363636376 0.047575480329368716
1 0.6628787878787878 0.12763037511436415 0.020707070707070674 0.022872827081427266
1 0.5095959595959596 0.7859103385178408 0.04747474747474745 0.04391582799634042
1 0.6656565656565656 0.15096065873741993 0.02626262626262632 0.031107044830741087
1 0.6790404040404041 0.1463860933211345 0.019696969696969657 0.031107044830741087
1 0.6803030303030303 0.12168344007319304 0.022222222222222143 0.027447392497712705
1 0.6568181818181817 0.06633119853613907 0.02777777777777779 0.03751143641354072
1 0.10378787878787879 0.9789569990850869 0.03888888888888889 0.032936870997255285
0 0.9734848484848484 0.8723696248856359 0.046969696969696995 0.03751143641354071
1 0.5138888888888888 0.41079597438243365 0.02777777777777779 0.04391582799634036
1 0.5156565656565657 0.44922232387923144 0.02626262626262632 0.02927721866422689
1 0.723989898989899 0.15782250686184812 0.020707070707070674 0.03385178408051237
1 0.7386363636363636 0.12214089661482158 0.02474747474747474 0.0375114364135407
