0 0.47194950911640954 0.26827449030333167 0.047685834502103785 0.05420188960716063
0 0.46213183730715285 0.3883639980109398 0.061711079943899017 0.060666335156638496
0 0.7447405329593269 0.7237692690203879 0.05189340813464238 0.06016907011437089
0 0.11430575035063113 0.6675783192441571 0.043478260869565216 0.05221282943809047
1 0.10659186535764376 0.7260069617105918 0.030855539971949508 0.0437593237195425
1 0.16970546984572232 0.4895574341123819 0.04067321178120617 0.05420188960716066
0 0.5915147265077139 0.825957235206365 0.05539971949509115 0.04375932371954261
0 0.6707573632538569 0.7446544007956241 0.05820476858345014 0.05221282943809058
0 0.6981065918653577 0.6839880656389856 0.05539971949509115 0.05221282943809047
1 0.08835904628330996 0.7528592739930382 0.030855539971949508 0.0437593237195425
1 0.9642356241234222 0.5569368473396321 0.02664796633941091 0.0437593237195425
0 0.4035764375876578 0.5248632521133765 0.058204768583450195 0.058180009945300815
0 0.3162692847124825 0.13202386872202884 0.047685834502103785 0.04823470909995027
1 0.3018934081346424 0.19467926404773744 0.04277699859747547 0.052212829438090524
