0 0.4856241234221599 0.05494778717056191 0.03015427769985979 0.03928393833913476
0 0.4593267882187938 0.23396320238687218 0.056100981767180924 0.05619094977623071
0 0.7135343618513323 0.647687717553456 0.046984572230014066 0.037294878170064605
0 0.10799438990182328 0.6800099453008454 0.04207573632538569 0.0482347090999502
1 0.05820476858345021 0.722526106414719 0.025245441795231416 0.02088513177523621
1 0.182328190743338 0.4592242665340627 0.037868162692847124 0.052212829438090524
0 0.4961430575035063 0.8704624564893089 0.048387096774193505 0.037294878170064716
0 0.570476858345021 0.810044753853804 0.04137447405329597 0.04177026355047242
0 0.6896914446002805 0.7486325211337643 0.05259467040673216 0.04823470909995031
1 0.04838709677419355 0.7384385877672799 0.030855539971949508 0.0437593237195425
0 0.2226507713884993 0.5726006961710592 0.04838709677419353 0.05420188960716066
0 0.2545582047685835 0.015415216310293387 0.03225806451612906 0.026852312282446545
1 0.3039971949509116 0.1623570363003481 0.04137447405329592 0.05022376926902039
