0 0.4740532959326788 0.07061163600198905 0.035063113604488105 0.041770263550472406
0 0.6136044880785414 0.5477374440576828 0.04768583450210384 0.0711089010442566
0 0.09957924263674614 0.7100944803580308 0.03927068723702665 0.028841372451516634
1 0.011570827489481066 0.7185479860765789 0.02314165497896213 0.02088513177523621
1 0.014025245441795231 0.7120835405271009 0.021037868162692847 0.024863252113376366
1 0.18863955119214587 0.4060169070114371 0.02244039270687237 0.04624564893088018
0 0.4600280504908836 0.9540029835902537 0.035063113604488105 0.02933863749378418
0 0.467741935483871 0.8893585280954749 0.019635343618513323 0.029338637493784292
0 0.5988779803646564 0.8070611636001989 0.0406732117812062 0.035803083043262074
0 0.1093969144460028 0.6496767777225261 0.028050490883590462 0.05022376926902039
1 0.30399719495091165 0.13102933863749378 0.03856942496493687 0.04127299850820486
