0 0.45089955022488754 0.3882441977800202 0.04122938530734632 0.04389505549949546
1 0.40929535232383807 0.5600403632694249 0.038980509745127456 0.03329969727547932
1 0.41904047976011993 0.5037840565085772 0.035982008995502246 0.04187689202825429
1 0.40929535232383807 0.5373360242179617 0.035982008995502246 0.03329969727547932
0 0.724887556221889 0.5529767911200807 0.038980509745127456 0.03128153380423815
0 0.9692653673163418 0.5496972754793139 0.038980509745127456 0.03784056508577194
1 0.901424287856072 0.5423814328960646 0.029235382308845592 0.03128153380423815
1 0.8935532233883059 0.520686175580222 0.03448275862068961 0.03329969727547932
0 0.16266866566716642 0.5060544904137235 0.040479760119940034 0.03733602421796167
1 0.795352323838081 0.4445005045408678 0.044977511244377766 0.039354187689202846
1 0.18553223388305848 0.3622603430877901 0.024737631184407805 0.03329969727547932
1 0.17728635682158922 0.375882946518668 0.024737631184407777 0.03128153380423815
1 0.2012743628185907 0.37790110998990917 0.03073463268365817 0.0353178607467205
1 0.13680659670164919 0.36957618567103934 0.027736131934032987 0.04389505549949546
0 0.7038980509745127 0.5676084762865792 0.03298350824587715 0.0353178607467205
1 0.7976011994002998 0.3819374369323915 0.04347826086956519 0.039354187689202846
1 0.20652173913043478 0.3632694248234107 0.03073463268365817 0.0353178607467205
1 0.11694152923538231 0.3683148335015136 0.023988005997001516 0.03329969727547932
4 0.5610944527736133 0.4820887991927346 0.04722638680659663 0.04793138244197781
4 0.8077211394302849 0.4944500504540868 0.0502248875562219 0.03128153380423815
5 0.07908545727136432 0.5403632694248235 0.12218890554722639 0.052472250252270425
0 0.16229385307346328 0.4808274470232089 0.03373313343328335 0.029263370332996974
4 0.6281859070464768 0.48713420787083755 0.07946026986506738 0.049949545913218985
0 0.8418290854572714 0.5776992936427852 0.04047976011993992 0.0353178607467205
