0 0.5288605697151425 0.3705852674066599 0.04122938530734632 0.04187689202825429
1 0.3703148425787106 0.5110998990918265 0.0389805097451274 0.03128153380423815
1 0.5007496251874063 0.47906155398587286 0.035982008995502246 0.04187689202825429
1 0.4287856071964018 0.5423814328960646 0.035982008995502246 0.03128153380423815
0 0.5487256371814093 0.5580221997981837 0.03748125937031488 0.029263370332996974
0 0.9092953523238381 0.5476791120080726 0.0359820089955023 0.03784056508577194
0 0.9523988005997002 0.5560040363269425 0.02473763118440786 0.03329969727547932
1 0.9002998500749626 0.5403632694248235 0.028485757121439303 0.03128153380423815
1 0.8935532233883059 0.520686175580222 0.03448275862068961 0.03329969727547932
0 0.05734632683658171 0.512108980827447 0.03973013493253374 0.03733602421796167
1 0.795352323838081 0.4445005045408678 0.044977511244377766 0.039354187689202846
1 0.18553223388305848 0.3622603430877901 0.024737631184407805 0.03329969727547932
1 0.17728635682158922 0.375882946518668 0.024737631184407777 0.03128153380423815
1 0.2012743628185907 0.37790110998990917 0.03073463268365817 0.0353178607467205
1 0.13680659670164919 0.36957618567103934 0.027736131934032987 0.04389505549949546
0 0.8204647676161919 0.5686175580221998 0.03673163418290848 0.03329969727547932
1 0.7308845577211394 0.375882946518668 0.0434782608695653 0.0353178607467205
1 0.20652173913043478 0.3632694248234107 0.03073463268365817 0.0353178607467205
1 0.11694152923538231 0.3683148335015136 0.023988005997001516 0.03329969727547932
4 0.5610944527736133 0.4820887991927346 0.04722638680659663 0.04793138244197781
4 0.8077211394302849 0.4944500504540868 0.0502248875562219 0.03128153380423815
5 0.07908545727136432 0.5403632694248235 0.12218890554722639 0.052472250252270425
0 0.05397301349325337 0.4820887991927346 0.032983508245877056 0.026740665993945534
4 0.6281859070464768 0.48713420787083755 0.07946026986506738 0.049949545913218985
