0 0.56071964017991 0.3705852674066599 0.04197901049475261 0.04187689202825429
1 0.3410794602698651 0.46972754793138244 0.038980509745127456 0.03128153380423815
1 0.5217391304347826 0.4714934409687185 0.0359820089955023 0.04389505549949546
1 0.45239880059970017 0.5529767911200807 0.036731634182908535 0.03128153380423815
0 0.363568215892054 0.562058526740666 0.035982008995502246 0.029263370332996974
0 0.8665667166416792 0.5539858728557013 0.0359820089955023 0.03733602421796167
0 0.9051724137931034 0.5529767911200807 0.03073463268365817 0.03128153380423815
1 0.8991754122938531 0.5383451059535822 0.029235382308845592 0.03128153380423815
1 0.8935532233883059 0.520686175580222 0.03448275862068961 0.03329969727547932
0 0.9741379310344828 0.557013118062563 0.029235382308845592 0.0353178607467205
1 0.795352323838081 0.4445005045408678 0.044977511244377766 0.039354187689202846
1 0.18553223388305848 0.3622603430877901 0.024737631184407805 0.03329969727547932
1 0.17728635682158922 0.375882946518668 0.024737631184407777 0.03128153380423815
1 0.2012743628185907 0.37790110998990917 0.03073463268365817 0.0353178607467205
1 0.13680659670164919 0.36957618567103934 0.027736131934032987 0.04389505549949546
0 0.9730134932533734 0.5653380423814329 0.03598200899550219 0.03582240161453076
1 0.6772863568215892 0.36957618567103934 0.04122938530734632 0.03582240161453076
1 0.20652173913043478 0.3632694248234107 0.03073463268365817 0.0353178607467205
1 0.11694152923538231 0.3683148335015136 0.023988005997001516 0.03329969727547932
4 0.5610944527736133 0.4820887991927346 0.04722638680659663 0.04793138244197781
4 0.8077211394302849 0.4944500504540868 0.0502248875562219 0.03128153380423815
5 0.07908545727136432 0.5403632694248235 0.12218890554722639 0.052472250252270425
1 0.038980509745127435 0.3299697275479314 0.034482758620689655 0.04339051463168514
4 0.6281859070464768 0.48713420787083755 0.07946026986506738 0.049949545913218985
