0 0.6802848575712144 0.3746215943491423 0.04122938530734632 0.04187689202825429
1 0.29685157421289354 0.39656912209889 0.038980509745127456 0.03128153380423815
1 0.5457271364317842 0.4611503531786075 0.03598200899550219 0.043390514631685195
1 0.532983508245877 0.5590312815338043 0.0359820089955023 0.03128153380423815
0 0.7608695652173914 0.5456609485368316 0.03598200899550219 0.03784056508577194
0 0.7882308845577212 0.557013118062563 0.03073463268365817 0.03128153380423815
0 0.4940029985007496 0.5539858728557013 0.0389805097451274 0.03329969727547932
1 0.8976761619190405 0.5383451059535822 0.02923538230884548 0.03128153380423815
1 0.8935532233883059 0.520686175580222 0.03448275862068961 0.03329969727547932
0 0.8954272863568216 0.5529767911200807 0.03073463268365817 0.0353178607467205
1 0.795352323838081 0.4445005045408678 0.044977511244377766 0.039354187689202846
1 0.18553223388305848 0.3622603430877901 0.024737631184407805 0.03329969727547932
1 0.17728635682158922 0.375882946518668 0.024737631184407777 0.03128153380423815
1 0.2012743628185907 0.37790110998990917 0.03073463268365817 0.0353178607467205
1 0.13680659670164919 0.36957618567103934 0.027736131934032987 0.04389505549949546
0 0.9370314842578711 0.5613017154389506 0.025487256371814038 0.03985872855701311
1 0.5689655172413793 0.36730575176589303 0.04197901049475261 0.0353178607467205
1 0.20652173913043478 0.3632694248234107 0.03073463268365817 0.0353178607467205
1 0.11694152923538231 0.3683148335015136 0.023988005997001516 0.03329969727547932
4 0.5610944527736133 0.4820887991927346 0.04722638680659663 0.04793138244197781
4 0.8077211394302849 0.4944500504540868 0.0502248875562219 0.03128153380423815
5 0.07908545727136432 0.5403632694248235 0.12218890554722639 0.052472250252270425
0 0.260119940029985 0.4820887991927346 0.03148425787106446 0.04793138244197781
0 0.24775112443778108 0.4987386478304743 0.029235382308845564 0.05196770938446016
4 0.6281859070464768 0.48713420787083755 0.07946026986506738 0.049949545913218985
