0 0.8871814092953523 0.36957618567103934 0.04122938530734632 0.04389505549949546
1 0.026611694152923537 0.40388496468213925 0.03523238380809595 0.045913218970736636
1 0.6619190404797601 0.43213925327951563 0.0359820089955023 0.04389505549949546
1 0.6499250374812593 0.5590312815338043 0.03598200899550219 0.03128153380423815
0 0.6634182908545727 0.5456609485368316 0.0359820089955023 0.03784056508577194
0 0.6870314842578711 0.557013118062563 0.03073463268365817 0.03128153380423815
0 0.37631184407796103 0.5655903128153381 0.038980509745127456 0.03128153380423815
1 0.8961769115442278 0.5403632694248235 0.029235382308845592 0.03128153380423815
1 0.8935532233883059 0.520686175580222 0.03448275862068961 0.03329969727547932
0 0.8148425787106446 0.5529767911200807 0.02998500749625188 0.0353178607467205
1 0.795352323838081 0.4445005045408678 0.044977511244377766 0.039354187689202846
1 0.18553223388305848 0.3622603430877901 0.024737631184407805 0.03329969727547932
1 0.17728635682158922 0.375882946518668 0.024737631184407777 0.03128153380423815
1 0.2012743628185907 0.37790110998990917 0.03073463268365817 0.0353178607467205
1 0.13680659670164919 0.36957618567103934 0.027736131934032987 0.04389505549949546
0 0.853823088455772 0.557013118062563 0.02548725637181415 0.039354187689202846
1 0.4565217391304348 0.37790110998990917 0.04197901049475267 0.0353178607467205
1 0.20652173913043478 0.3632694248234107 0.03073463268365817 0.0353178607467205
1 0.11694152923538231 0.3683148335015136 0.023988005997001516 0.03329969727547932
4 0.5610944527736133 0.4820887991927346 0.04722638680659663 0.04793138244197781
4 0.8077211394302849 0.4944500504540868 0.0502248875562219 0.03128153380423815
5 0.07908545727136432 0.5403632694248235 0.12218890554722639 0.052472250252270425
1 0.051724137931034475 0.4018668012108981 0.04047976011994003 0.05398587285570133
0 0.30434782608695654 0.46745711402623613 0.03148425787106446 0.04793138244197781
1 0.5292353823088456 0.3632694248234107 0.03748125937031488 0.052472250252270425
0 0.3058470764617691 0.4977295660948537 0.028485757121439303 0.05398587285570133
4 0.6281859070464768 0.48713420787083755 0.07946026986506738 0.049949545913218985
