0 0.9538980509745127 0.37991927346115034 0.04122938530734643 0.043390514631685195
1 0.07383808095952024 0.4144803229061554 0.03523238380809596 0.045913218970736636
1 0.7526236881559221 0.39682139253279514 0.0359820089955023 0.04793138244197781
1 0.7203898050974513 0.5655903128153381 0.03598200899550219 0.03128153380423815
0 0.6176911544227885 0.541372351160444 0.03598200899550219 0.03733602421796167
0 0.6454272863568216 0.5590312815338043 0.02998500749625188 0.03128153380423815
1 0.8961769115442278 0.5423814328960646 0.029235382308845592 0.03128153380423815
1 0.8935532233883059 0.520686175580222 0.03448275862068961 0.03329969727547932
0 0.7732383808095952 0.554994954591322 0.03073463268365817 0.0353178607467205
1 0.795352323838081 0.4445005045408678 0.044977511244377766 0.039354187689202846
1 0.18553223388305848 0.3622603430877901 0.024737631184407805 0.03329969727547932
1 0.17728635682158922 0.375882946518668 0.024737631184407777 0.03128153380423815
1 0.2012743628185907 0.37790110998990917 0.03073463268365817 0.0353178607467205
1 0.13680659670164919 0.36957618567103934 0.027736131934032987 0.04389505549949546
1 0.3980509745127436 0.3819374369323915 0.04197901049475261 0.0353178607467205
1 0.20502248875562218 0.3632694248234107 0.03073463268365817 0.0353178607467205
1 0.11694152923538231 0.36730575176589303 0.023988005997001516 0.0353178607467205
4 0.5603448275862069 0.48107971745711403 0.04872563718140921 0.045913218970736636
4 0.8069715142428786 0.4944500504540868 0.04872563718140921 0.03128153380423815
5 0.07833583208395802 0.5383451059535822 0.12068965517241378 0.052472250252270425
0 0.33695652173913043 0.45282542885973764 0.033733133433283324 0.04389505549949546
1 0.47863568215892055 0.36453077699293646 0.027736131934033015 0.04591321897073658
0 0.3497001499250375 0.4853683148335015 0.03373313343328338 0.029263370332996974
0 0.7470014992503748 0.39656912209889 0.033733133433283324 0.043390514631685195
2 0.07721139430284857 0.41523713420787084 0.032983508245877056 0.0272452068617558
4 0.6274362818590704 0.48612512613521697 0.0779610194902548 0.04793138244197781
1 0.7724887556221889 0.5539858728557013 0.02323838080959517 0.025227043390514625
