1 0.33995502248875564 0.39152371342078707 0.04122938530734632 0.03329969727547932
1 0.20389805097451275 0.3632694248234107 0.03298350824587706 0.0353178607467205
1 0.11694152923538231 0.36730575176589303 0.023988005997001516 0.0353178607467205
4 0.5599700149925038 0.48107971745711403 0.050974512743628186 0.045913218970736636
4 0.8069715142428786 0.4954591321897074 0.04872563718140921 0.03329969727547932
5 0.07833583208395802 0.5383451059535822 0.12068965517241378 0.052472250252270425
0 0.4010494752623688 0.4455095862764884 0.03298350824587709 0.029263370332996974
1 0.42128935532233885 0.3592330978809284 0.020989505247376306 0.03935418768920279
0 0.3841829085457271 0.4684661957618567 0.03373313343328338 0.028758829465186708
0 0.8564467766116941 0.36957618567103934 0.033733133433283435 0.04389505549949546
2 0.12443778110944528 0.4298688193743693 0.03298350824587705 0.0272452068617558
0 0.07683658170914542 0.4684661957618567 0.03223388305847077 0.028758829465186708
4 0.6274362818590704 0.4851160443995964 0.0779610194902548 0.045913218970736636
1 0.732383808095952 0.5539858728557013 0.02398800599700146 0.025227043390514625
