1 0.2841079460269865 0.39656912209889 0.038980509745127456 0.03128153380423815
0 0.5266116941529235 0.5340565085771948 0.03223388305847075 0.026740665993945534
1 0.20239880059970014 0.3632694248234107 0.035982008995502246 0.0353178607467205
1 0.1176911544227886 0.36629667003027244 0.025487256371814093 0.03733602421796167
4 0.56071964017991 0.48107971745711403 0.052473763118440875 0.04187689202825429
4 0.8069715142428786 0.4977295660948537 0.04872563718140921 0.03784056508577194
5 0.07833583208395802 0.5370837537840565 0.12068965517241378 0.049949545913218985
0 0.5011244377811095 0.4374369323915237 0.03373313343328338 0.029263370332996974
1 0.36281859070464767 0.3529263370332997 0.020989505247376306 0.03985872855701311
0 0.4302848575712144 0.45408678102926336 0.03298350824587709 0.029263370332996974
0 0.9553973013493253 0.3589808274470232 0.027736131934033015 0.04389505549949546
2 0.1761619190404798 0.436175580221998 0.03298350824587706 0.026740665993945534
0 0.21701649175412294 0.4934409687184662 0.03223388305847075 0.029263370332996974
4 0.6274362818590704 0.4841069626639758 0.07496251874062965 0.04389505549949546
1 0.6907796101949026 0.5539858728557013 0.02323838080959517 0.025227043390514625
