1 0.22938530734632684 0.40161453077699294 0.03448275862068967 0.03329969727547932
1 0.23838080959520241 0.5100908173562059 0.03298350824587706 0.029263370332996974
0 0.46139430284857574 0.5277497477295661 0.0322338830584708 0.0272452068617558
1 0.20089955022488754 0.3632694248234107 0.03898050974512743 0.0353178607467205
1 0.1184407796101949 0.36528758829465185 0.0269865067466267 0.039354187689202846
4 0.56071964017991 0.48107971745711403 0.05547226386806603 0.03784056508577194
4 0.8069715142428786 0.4987386478304743 0.04872563718140921 0.03985872855701311
5 0.07871064467766116 0.5350655903128154 0.11994002998500748 0.049949545913218985
0 0.6386806596701649 0.4122098890010091 0.032983508245877036 0.029263370332996974
1 0.32158920539730135 0.35065590312815337 0.019490254872563728 0.039354187689202846
0 0.4801349325337331 0.44147325933400605 0.033733133433283324 0.029263370332996974
2 0.23313343328335834 0.4384460141271443 0.03298350824587706 0.0272452068617558
0 0.3553223388305847 0.5267406659939455 0.03298350824587709 0.029263370332996974
4 0.6266866566716642 0.4830978809283552 0.07346326836581707 0.04187689202825429
