1 0.11919040479760121 0.4101917255297679 0.025487256371814107 0.03329969727547932
1 0.20389805097451275 0.42885973763874874 0.03298350824587706 0.029263370332996974
0 0.28598200899550225 0.49974772956609487 0.03073463268365817 0.03380423814328959
1 0.19827586206896552 0.3632694248234107 0.044227886056971505 0.0353178607467205
1 0.11881559220389805 0.36427850655903127 0.027736131934032987 0.04137235116044402
1 0.12443778110944528 0.4018668012108981 0.03298350824587705 0.028758829465186708
4 0.5614692653673163 0.4808274470232089 0.06296851574212892 0.03329969727547932
4 0.8069715142428786 0.5017658930373361 0.04872563718140921 0.045913218970736636
5 0.07946026986506746 0.5330474268415741 0.11844077961019489 0.049949545913218985
0 0.5967016491754122 0.4308779011099899 0.032983508245877036 0.029263370332996974
2 0.34332833583208394 0.42911200807265387 0.03148425787106446 0.045913218970736636
0 0.5442278860569716 0.5330474268415741 0.032983508245877036 0.028758829465186708
0 0.31221889055472263 0.5580221997981837 0.03373313343328338 0.03733602421796167
1 0.04122938530734632 0.3829465186680121 0.038980509745127435 0.03329969727547932
4 0.6169415292353824 0.4863773965691221 0.07946026986506738 0.0272452068617558
0 0.9449025487256372 0.5247225025227044 0.026236881559220437 0.029263370332996974
0 0.656671664167916 0.5529767911200807 0.032983508245877036 0.0272452068617558
4 0.6259370314842578 0.4820887991927346 0.06896551724137934 0.03985872855701311
