1 0.06484257871064468 0.41321897073662966 0.0217391304347826 0.0353178607467205
1 0.18140929535232386 0.3955600403632694 0.03298350824587706 0.029263370332996974
0 0.17391304347826086 0.5007568113017155 0.03148425787106446 0.026740665993945534
1 0.19677661169415292 0.3632694248234107 0.04722638680659669 0.0353178607467205
1 0.11956521739130435 0.36326942482341074 0.029235382308845592 0.04339051463168514
1 0.1469265367316342 0.44147325933400605 0.03298350824587706 0.029263370332996974
4 0.5610944527736133 0.4808274470232089 0.06521739130434778 0.029263370332996974
4 0.8069715142428786 0.5027749747729566 0.04872563718140921 0.04793138244197781
5 0.07946026986506746 0.5320383451059536 0.11844077961019489 0.04793138244197781
0 0.643928035982009 0.4162462159434914 0.03298350824587715 0.029263370332996974
2 0.3976761619190405 0.4298688193743693 0.03223388305847075 0.039354187689202846
0 0.5997001499250374 0.5287588294651867 0.032983508245877036 0.029263370332996974
1 0.020989505247376312 0.32795156407669024 0.023988005997001502 0.027245206861755855
4 0.6169415292353824 0.4863773965691221 0.07946026986506738 0.0272452068617558
0 0.9643928035982009 0.5143794147325933 0.026236881559220437 0.028758829465186708
0 0.573088455772114 0.5529767911200807 0.033733133433283324 0.0272452068617558
4 0.626311844077961 0.48107971745711403 0.06671664167916047 0.03784056508577194
1 0.5168665667166417 0.5519677093844602 0.02323838080959517 0.025227043390514625
