1 0.20914542728635682 0.356962663975782 0.019490254872563728 0.022704339051463185
1 0.008620689655172414 0.41321897073662966 0.012743628185907047 0.03128153380423815
1 0.03223388305847077 0.425832492431887 0.026986506746626688 0.0353178607467205
1 0.16679160419790107 0.3632694248234107 0.029235382308845564 0.03128153380423815
1 0.13793103448275862 0.36528758829465185 0.01499250374812594 0.02320887991927345
1 0.6870314842578711 0.4018668012108981 0.02473763118440786 0.03784056508577194
0 0.03410794602698651 0.5050454086781029 0.024737631184407798 0.0272452068617558
1 0.5247376311844077 0.5227043390514632 0.019490254872563728 0.025227043390514625
1 0.5281109445277361 0.5090817356205852 0.020239880059970017 0.02320887991927345
1 0.4490254872563718 0.4328960645812311 0.02398800599700146 0.029263370332996974
1 0.20239880059970017 0.3819374369323915 0.02248875562218891 0.02320887991927345
1 0.19452773613193403 0.3632694248234107 0.04872563718140929 0.03128153380423815
1 0.11956521739130435 0.36326942482341074 0.029235382308845592 0.04339051463168514
1 0.17128935532233883 0.4818365287588295 0.03223388305847075 0.03128153380423815
4 0.5610944527736133 0.4820887991927346 0.06521739130434778 0.026740665993945534
4 0.8069715142428786 0.5027749747729566 0.04872563718140921 0.05196770938446016
5 0.08020989505247375 0.5320383451059536 0.1169415292353823 0.04793138244197781
5 0.6559220389805098 0.4808274470232089 0.1349325337331334 0.03329969727547932
0 0.6911544227886057 0.4018668012108981 0.032983508245877036 0.028758829465186708
2 0.44602698650674666 0.4351664984863774 0.031484257871064514 0.049949545913218985
0 0.6416791604197901 0.5476791120080726 0.03748125937031488 0.028758829465186708
4 0.6169415292353824 0.4863773965691221 0.07946026986506738 0.0272452068617558
0 0.9793853073463268 0.5100908173562059 0.026236881559220326 0.029263370332996974
0 0.48988005997001505 0.5519677093844602 0.03373313343328338 0.029263370332996974
4 0.626311844077961 0.4798183652875883 0.06671664167916047 0.0353178607467205
1 0.4782608695652174 0.5519677093844602 0.023988005997001516 0.025227043390514625
0 0.967016491754123 0.5509586276488396 0.01799100449775115 0.03128153380423815
