1 0.20914542728635682 0.356962663975782 0.019490254872563728 0.022704339051463185
1 0.057721139430284854 0.38092835519677093 0.022488755622188904 0.03733602421796167
1 0.13793103448275862 0.36528758829465185 0.01499250374812594 0.02320887991927345
1 0.7387556221889056 0.3852169525731584 0.02473763118440786 0.03784056508577194
3 0.44565217391304346 0.5529767911200807 0.024737631184407805 0.039354187689202846
1 0.49962518740629686 0.5227043390514632 0.01874062968515744 0.025227043390514625
0 0.6941529235382309 0.5560040363269425 0.0359820089955023 0.03329969727547932
1 0.5183658170914542 0.5216952573158427 0.02323838080959517 0.02320887991927345
1 0.47113943028485755 0.5560040363269425 0.020239880059970017 0.03733602421796167
1 0.49737631184407793 0.44147325933400605 0.023238380809595227 0.029263370332996974
1 0.20239880059970017 0.3819374369323915 0.02248875562218891 0.02320887991927345
1 0.1926536731634183 0.3632694248234107 0.044977511244377794 0.03128153380423815
1 0.11956521739130435 0.36326942482341074 0.029235382308845592 0.04339051463168514
1 0.883808095952024 0.512108980827447 0.020989505247376306 0.03329969727547932
1 0.2057721139430285 0.5247225025227044 0.026236881559220382 0.03733602421796167
4 0.5618440779610194 0.4820887991927346 0.0637181409295352 0.026740665993945534
4 0.8069715142428786 0.5017658930373361 0.04872563718140921 0.049949545913218985
5 0.08095952023988005 0.5340565085771948 0.11544227886056971 0.04793138244197781
5 0.6476761619190405 0.4808274470232089 0.11844077961019484 0.03329969727547932
