1 0.20914542728635682 0.356962663975782 0.019490254872563728 0.022704339051463185
1 0.0712143928035982 0.3496468213925328 0.026986506746626678 0.03733602421796167
1 0.13793103448275862 0.36528758829465185 0.01499250374812594 0.02320887991927345
1 0.764992503748126 0.3748738647830474 0.02473763118440775 0.037336024217961616
3 0.41641679160419787 0.5529767911200807 0.024737631184407805 0.039354187689202846
1 0.48875562218890556 0.5247225025227044 0.019490254872563728 0.025227043390514625
0 0.7691154422788606 0.5600403632694249 0.03598200899550219 0.03733602421796167
1 0.5086206896551724 0.5174066599394551 0.023238380809595227 0.026740665993945534
1 0.4628935532233883 0.5560040363269425 0.020239880059970017 0.03733602421796167
1 0.9002998500749625 0.36957618567103934 0.02398800599700146 0.03985872855701311
1 0.5446026986506747 0.4434914228052472 0.023238380809595283 0.029263370332996974
1 0.20239880059970017 0.3819374369323915 0.02248875562218891 0.02320887991927345
1 0.1911544227886057 0.3622603430877901 0.04197901049475261 0.029263370332996974
1 0.11881559220389805 0.3622603430877901 0.027736131934032987 0.041372351160443965
1 0.883808095952024 0.512108980827447 0.020989505247376306 0.03329969727547932
4 0.5622188905547226 0.4820887991927346 0.06146926536731634 0.026740665993945534
4 0.8077211394302848 0.4987386478304743 0.04722638680659663 0.04793138244197781
5 0.08170914542728636 0.5370837537840565 0.1139430284857571 0.049949545913218985
5 0.6390554722638682 0.4798183652875883 0.10119940029985008 0.03128153380423815
