1 0.20914542728635682 0.356962663975782 0.019490254872563728 0.022704339051463185
1 0.13793103448275862 0.36528758829465185 0.01499250374812594 0.02320887991927345
1 0.7724887556221889 0.3329969727547931 0.02323838080959517 0.03733602421796167
3 0.3789355322338831 0.5613017154389506 0.024737631184407805 0.03985872855701311
1 0.4775112443778111 0.5216952573158427 0.019490254872563728 0.0272452068617558
0 0.841079460269865 0.5580221997981837 0.03598200899550219 0.03733602421796167
1 0.4981259370314843 0.5100908173562059 0.021739130434782594 0.029263370332996974
1 0.4542728635682159 0.5560040363269425 0.020989505247376306 0.03733602421796167
1 0.8448275862068966 0.36957618567103934 0.02398800599700146 0.03985872855701311
1 0.5907046476761619 0.4455095862764884 0.02398800599700146 0.029263370332996974
1 0.20239880059970017 0.3819374369323915 0.02248875562218891 0.02320887991927345
1 0.1889055472263868 0.3622603430877901 0.03748125937031482 0.029263370332996974
1 0.1184407796101949 0.3622603430877901 0.0269865067466267 0.041372351160443965
1 0.883808095952024 0.512108980827447 0.020989505247376306 0.03329969727547932
4 0.5622188905547226 0.4820887991927346 0.06146926536731634 0.026740665993945534
4 0.8077211394302848 0.4977295660948537 0.04722638680659663 0.045913218970736636
5 0.08170914542728636 0.5393541876892028 0.1139430284857571 0.05045408678102925
5 0.6308095952023989 0.4798183652875883 0.08470764617691151 0.03128153380423815
