1 0.20914542728635682 0.356962663975782 0.019490254872563728 0.022704339051463185
1 0.13793103448275862 0.36528758829465185 0.01499250374812594 0.02320887991927345
1 0.7739880059970015 0.33097880928355194 0.02323838080959517 0.037336024217961616
3 0.335832083958021 0.5600403632694249 0.025487256371814093 0.03733602421796167
1 0.46326836581709147 0.5060544904137235 0.019490254872563728 0.029263370332996974
0 0.9092953523238381 0.5560040363269425 0.0359820089955023 0.03733602421796167
1 0.47038980509745126 0.4798183652875883 0.021739130434782594 0.03128153380423815
1 0.414167916041979 0.5539858728557013 0.020239880059970017 0.03733602421796167
1 0.7863568215892054 0.36528758829465185 0.02398800599700146 0.039354187689202846
1 0.6364317841079461 0.4328960645812311 0.02398800599700157 0.029263370332996974
1 0.3766866566716642 0.5686175580221998 0.01874062968515744 0.025227043390514625
1 0.20239880059970017 0.3819374369323915 0.02248875562218891 0.02320887991927345
1 0.18778110944527737 0.3612512613521695 0.03523238380809596 0.0272452068617558
1 0.1176911544227886 0.36125126135216956 0.025487256371814093 0.03935418768920279
1 0.883808095952024 0.512108980827447 0.020989505247376306 0.03329969727547932
4 0.5629685157421289 0.4830978809283552 0.05997001499250376 0.028758829465186708
4 0.8084707646176912 0.4967204843592331 0.045727136431784055 0.04389505549949546
5 0.08245877061469264 0.5426337033299697 0.11244377811094453 0.05196770938446016
5 0.6218140929535232 0.4798183652875883 0.06671664167916036 0.03128153380423815
