1 0.20914542728635682 0.356962663975782 0.019490254872563728 0.022704339051463185
1 0.13793103448275862 0.36528758829465185 0.01499250374812594 0.02320887991927345
1 0.7739880059970015 0.33097880928355194 0.02323838080959517 0.037336024217961616
1 0.29985007496251875 0.4954591321897074 0.019490254872563728 0.03733602421796167
0 0.7072713643178411 0.554994954591322 0.0352323838080959 0.039354187689202846
1 0.30247376311844076 0.47780020181634714 0.021739130434782594 0.03128153380423815
1 0.5183658170914542 0.5176589303733603 0.020239880059970017 0.03128153380423815
1 0.6577961019490255 0.3592330978809284 0.02473763118440786 0.03935418768920279
1 0.7113943028485757 0.40388496468213925 0.02398800599700146 0.028758829465186708
1 0.20239880059970017 0.3819374369323915 0.02248875562218891 0.02320887991927345
1 0.18403298350824587 0.3602421796165489 0.027736131934032987 0.025227043390514625
1 0.11694152923538231 0.3602421796165489 0.023988005997001516 0.037336024217961616
1 0.057721139430284854 0.5007568113017155 0.022488755622188904 0.026740665993945534
1 0.883808095952024 0.512108980827447 0.020989505247376306 0.03329969727547932
4 0.5637181409295353 0.4830978809283552 0.05547226386806592 0.028758829465186708
4 0.8092203898050974 0.4924318869828456 0.04422788605697148 0.039354187689202846
5 0.08358320839580209 0.5476791120080726 0.11019490254872563 0.05398587285570133
5 0.6218140929535232 0.4798183652875883 0.06671664167916036 0.03128153380423815
