0 0.17841079460269865 0.46871846619576185 0.03748125937031482 0.0625630676084763
0 0.47676161919040483 0.4977295660948537 0.03748125937031482 0.05802219979818368
1 0.593328335832084 0.36453077699293646 0.02323838080959517 0.04591321897073658
1 0.7522488755622189 0.3955600403632694 0.027736131934033015 0.03329969727547932
1 0.7053973013493253 0.5582744702320888 0.022488755622188883 0.045913218970736636
1 0.6731634182908546 0.5547426841574168 0.0359820089955023 0.04793138244197781
1 0.514992503748126 0.5476791120080726 0.032983508245877036 0.03784056508577194
1 0.025487256371814093 0.5370837537840565 0.01499250374812594 0.049949545913218985
1 0.20239880059970017 0.38092835519677093 0.02248875562218891 0.025227043390514625
1 0.1825337331334333 0.3602421796165489 0.02623688155922041 0.025227043390514625
1 0.11844077961019492 0.3602421796165489 0.02098950524737632 0.037336024217961616
1 0.11094452773613193 0.5060544904137235 0.02248875562218891 0.029263370332996974
1 0.883808095952024 0.512108980827447 0.020989505247376306 0.03329969727547932
4 0.5637181409295353 0.4843592330978809 0.05547226386806592 0.03128153380423815
4 0.656671664167916 0.4737638748738648 0.11994002998500752 0.06458123107971747
4 0.8092203898050974 0.4924318869828456 0.04422788605697148 0.039354187689202846
5 0.08620689655172414 0.5466700302724521 0.10944527736131934 0.05196770938446016
