0 0.050974512743628186 0.4830978809283552 0.035982008995502246 0.06205852674066603
0 0.4137931034482759 0.4851160443995964 0.035982008995502246 0.05802219979818368
1 0.532983508245877 0.3665489404641776 0.025487256371814038 0.045913218970736636
1 0.795352323838081 0.37891019172552975 0.03298350824587715 0.03733602421796167
1 0.6326836581709145 0.5486881937436933 0.0359820089955023 0.04793138244197781
1 0.48425787106446777 0.5539858728557013 0.032983508245877036 0.03733602421796167
1 0.025862068965517244 0.5310292633703331 0.014242878560719641 0.049949545913218985
1 0.20239880059970017 0.37891019172552975 0.02248875562218891 0.029263370332996974
1 0.1810344827586207 0.3622603430877901 0.026236881559220382 0.029263370332996974
1 0.12293853073463268 0.36427850655903127 0.019490254872563714 0.03733602421796167
1 0.164167916041979 0.5030272452068618 0.023988005997001488 0.0353178607467205
1 0.8845577211394303 0.5131180625630676 0.022488755622188883 0.0353178607467205
1 0.20314842578710646 0.5580221997981837 0.031484257871064486 0.04137235116044402
4 0.5637181409295353 0.4843592330978809 0.05547226386806592 0.03128153380423815
4 0.656671664167916 0.4737638748738648 0.11994002998500752 0.06458123107971747
4 0.8092203898050974 0.4924318869828456 0.04422788605697148 0.039354187689202846
5 0.09332833583208396 0.5416246215943492 0.11469265367316342 0.049949545913218985
