0 0.323088455772114 0.48107971745711403 0.035982008995502246 0.05802219979818368
1 0.4703898050974513 0.3579717457114026 0.024737631184407805 0.045913218970736636
1 0.8425787106446776 0.3726034308779011 0.032983508245877036 0.03784056508577194
1 0.56071964017991 0.5446518668012109 0.0359820089955023 0.04793138244197781
1 0.4287856071964018 0.5519677093844602 0.032983508245877036 0.03733602421796167
1 0.025862068965517244 0.5310292633703331 0.014242878560719641 0.049949545913218985
1 0.20239880059970017 0.37891019172552975 0.02248875562218891 0.03329969727547932
1 0.18028485757121437 0.36427850655903127 0.027736131934032987 0.03329969727547932
1 0.12818590704647675 0.36856710393541875 0.014992503748125927 0.03784056508577194
1 0.20089955022488756 0.520686175580222 0.025487256371814093 0.03733602421796167
1 0.8849325337331335 0.5143794147325933 0.02323838080959517 0.03784056508577194
4 0.5629685157421289 0.4843592330978809 0.05697151424287861 0.03128153380423815
4 0.656671664167916 0.4737638748738648 0.11994002998500752 0.06458123107971747
4 0.8092203898050974 0.4934409687184662 0.04422788605697148 0.03733602421796167
5 0.09970014992503748 0.5350655903128154 0.11994002998500751 0.045913218970736636
