0 0.23013493253373313 0.4873864783047427 0.035982008995502246 0.05852674066599395
1 0.3984257871064468 0.3519172552976791 0.024737631184407805 0.045913218970736636
1 0.8898050974512743 0.3726034308779011 0.032983508245877036 0.03784056508577194
1 0.5427286356821589 0.5446518668012109 0.0359820089955023 0.04793138244197781
1 0.7106446776611695 0.5683652875882947 0.03598200899550219 0.045913218970736636
1 0.37181409295352325 0.5519677093844602 0.032983508245877036 0.03733602421796167
1 0.024737631184407794 0.5290110998990918 0.013493253373313342 0.049949545913218985
1 0.20239880059970017 0.37790110998990917 0.02248875562218891 0.039354187689202846
1 0.1787856071964018 0.36629667003027244 0.027736131934032987 0.03733602421796167
1 0.1300599700149925 0.3705852674066599 0.014242878560719652 0.03784056508577194
1 0.2578710644677661 0.536074672048436 0.025487256371814093 0.05196770938446016
1 0.8856821589205397 0.5153884964682139 0.02473763118440775 0.03985872855701311
4 0.5622188905547226 0.4843592330978809 0.058470764617691184 0.03128153380423815
4 0.656671664167916 0.4737638748738648 0.11994002998500752 0.06458123107971747
4 0.8092203898050974 0.4954591321897074 0.04422788605697148 0.03733602421796167
5 0.09107946026986508 0.5340565085771948 0.09970014992503748 0.04389505549949546
