0 0.015367316341829087 0.48940464177598386 0.02923538230884558 0.05852674066599395
1 0.9508995502248876 0.3768920282542886 0.033733133433283324 0.03733602421796167
1 0.4302848575712144 0.5673562058526741 0.025487256371814093 0.04389505549949546
1 0.4591454272863568 0.5393541876892028 0.03073463268365817 0.04540867810292637
1 0.023238380809595203 0.5269929364278507 0.013493253373313342 0.049949545913218985
1 0.20239880059970017 0.37563067608476286 0.02248875562218891 0.04793138244197781
1 0.17728635682158922 0.3705852674066599 0.027736131934032987 0.045913218970736636
1 0.1300599700149925 0.3705852674066599 0.014242878560719652 0.03784056508577194
1 0.3646926536731634 0.5237134207870837 0.024737631184407805 0.052472250252270425
1 0.8871814092953523 0.5163975782038346 0.027736131934032904 0.04187689202825429
4 0.5614692653673163 0.4843592330978809 0.05997001499250376 0.03128153380423815
4 0.656671664167916 0.4737638748738648 0.11994002998500752 0.06458123107971747
4 0.8092203898050974 0.496468213925328 0.04422788605697148 0.0353178607467205
5 0.08995502248875561 0.5340565085771948 0.09745127436281859 0.04389505549949546
