1 0.025487256371814093 0.5280020181634713 0.01499250374812594 0.04793138244197781
1 0.20239880059970017 0.3736125126135217 0.02248875562218891 0.04793138244197781
1 0.1765367316341829 0.3726034308779011 0.026236881559220382 0.045913218970736636
1 0.20464767616191903 0.3579717457114026 0.017991004497751123 0.02472250252270436
1 0.18590704647676162 0.35494450050454085 0.016491754122938518 0.022704339051463185
1 0.826086956521739 0.3579717457114026 0.02998500749625188 0.04187689202825429
1 0.8047226386806596 0.42684157416750756 0.029235382308845592 0.04137235116044402
1 0.11694152923538231 0.36629667003027244 0.01499250374812594 0.029263370332996974
1 0.12968515742128936 0.3715943491422805 0.01499250374812594 0.03582240161453076
1 0.13343328335832083 0.35595358224016144 0.01499250374812594 0.02472250252270436
1 0.4655172413793104 0.5519677093844602 0.023988005997001516 0.03733602421796167
1 0.8894302848575713 0.5194248234106963 0.03223388305847075 0.04389505549949546
0 0.35644677661169416 0.5539858728557013 0.033733133433283324 0.03329969727547932
4 0.5622188905547226 0.4863773965691221 0.06146926536731634 0.03128153380423815
4 0.6495502248875562 0.4747729566094854 0.10869565217391308 0.05852674066599395
4 0.8077211394302848 0.4977295660948537 0.04422788605697148 0.03784056508577194
5 0.08845577211394302 0.5330474268415741 0.10044977511244377 0.045913218970736636
