1 0.02923538230884558 0.5320383451059536 0.017991004497751126 0.04389505549949546
1 0.20164917541229385 0.3738647830474269 0.020989505247376306 0.03531786074672044
1 0.18028485757121437 0.3736125126135217 0.021739130434782622 0.03985872855701311
1 0.20464767616191903 0.3579717457114026 0.017991004497751123 0.02472250252270436
1 0.18590704647676162 0.35494450050454085 0.016491754122938518 0.022704339051463185
1 0.8733133433283358 0.3602421796165489 0.02998500749625188 0.041372351160443965
1 0.8362068965517242 0.4497981836528759 0.02923538230884548 0.04187689202825429
1 0.11694152923538231 0.36629667003027244 0.01499250374812594 0.029263370332996974
1 0.13118440779610197 0.37285570131180623 0.017991004497751123 0.03329969727547927
1 0.13343328335832083 0.35595358224016144 0.01499250374812594 0.02472250252270436
1 0.8913043478260869 0.5237134207870837 0.03598200899550219 0.039354187689202846
1 0.07721139430284857 0.5580221997981837 0.019490254872563714 0.029263370332996974
4 0.5629685157421289 0.4873864783047427 0.05997001499250376 0.03329969727547932
4 0.639055472263868 0.47805247225025227 0.08770614692653678 0.05196770938446016
4 0.8069715142428786 0.4977295660948537 0.045727136431784055 0.045913218970736636
5 0.08658170914542729 0.5320383451059536 0.10419790104947525 0.04793138244197781
