1 0.034482758620689655 0.5373360242179617 0.019490254872563714 0.04137235116044402
1 0.20164917541229385 0.3748738647830474 0.020989505247376306 0.025227043390514625
1 0.18290854572713644 0.3738647830474268 0.019490254872563728 0.03128153380423815
1 0.20464767616191903 0.3579717457114026 0.017991004497751123 0.02472250252270436
1 0.18590704647676162 0.35494450050454085 0.016491754122938518 0.022704339051463185
1 0.9261619190404797 0.3705852674066599 0.03073463268365817 0.04187689202825429
1 0.8766866566716641 0.4601412714429869 0.029235382308845592 0.04137235116044402
1 0.11694152923538231 0.36629667003027244 0.01499250374812594 0.029263370332996974
1 0.1315592203898051 0.3748738647830474 0.01874062968515741 0.029263370332996974
1 0.13343328335832083 0.35595358224016144 0.01499250374812594 0.02472250252270436
1 0.8928035982008995 0.5267406659939455 0.038980509745127345 0.03733602421796167
0 0.0719640179910045 0.5580221997981837 0.03598200899550225 0.03329969727547932
0 0.3785607196401799 0.5696266397578205 0.022488755622188883 0.0272452068617558
4 0.5637181409295352 0.4873864783047427 0.058470764617691184 0.03329969727547932
4 0.6285607196401799 0.4820887991927346 0.06671664167916047 0.04389505549949546
4 0.8069715142428786 0.4977295660948537 0.045727136431784055 0.049949545913218985
5 0.08508245877061468 0.5310292633703331 0.10719640179910045 0.049949545913218985
