0 0.5934449093444909 0.9465186680121089 0.02649930264993028 0.0353178607467205
0 0.6276150627615062 0.9081735620585267 0.02231520223152017 0.04137235116044402
0 0.6192468619246863 0.7996972754793138 0.02231520223152017 0.03733602421796167
0 0.6178521617852162 0.6924823410696266 0.02231520223152028 0.03985872855701322
0 0.6380753138075314 0.6372351160443996 0.02649930264993028 0.03733602421796167
0 0.6802649930264992 0.510343087790111 0.027196652719665315 0.049949545913218985
0 0.6129707112970711 0.3113017154389506 0.02649930264993028 0.03935418768920279
0 0.5188284518828452 0.3985872855701312 0.02789400278940024 0.039354187689202846
2 0.5216178521617851 0.6748234106962665 0.02789400278940024 0.04187689202825429
1 0.655160390516039 0.7800201816347123 0.02440725244072528 0.0353178607467205
1 0.6711994421199442 0.801715438950555 0.017433751743375137 0.03733602421796167
5 0.9288702928870293 0.5280020181634713 0.11994421199442118 0.05196770938446016
1 0.7873082287308228 0.35595358224016144 0.03347280334728031 0.03784056508577194
1 0.45188284518828453 0.31029263370333 0.029288702928870314 0.029263370332996974
1 0.3877266387726639 0.3715943491422805 0.02649930264993028 0.03582240161453076
1 0.36820083682008364 0.3975782038345106 0.03207810320781029 0.03733602421796167
0 0.5676429567642957 0.9674571140262361 0.02789400278940035 0.026740665993945534
2 0.5010460251046025 0.8110494450050454 0.024407252440725224 0.04793138244197781
1 0.6656206415620642 0.10393541876892029 0.03138075313807531 0.050454086781029264
1 0.5843793584379359 0.3539354187689203 0.02231520223152028 0.028758829465186653
0 0.6565550906555091 0.5915741675075681 0.027196652719665315 0.045913218970736636
