0 0.5627615062761506 0.7903632694248234 0.02649930264993028 0.03582240161453076
0 0.6276150627615062 0.7933905146316851 0.02231520223152017 0.04187689202825429
0 0.6443514644351465 0.6455600403632695 0.02231520223152028 0.03784056508577194
0 0.6795676429567643 0.5676084762865792 0.028591352859135277 0.0353178607467205
0 0.7391910739191074 0.5456609485368316 0.02649930264993028 0.03784056508577194
0 0.6331938633193863 0.37891019172552975 0.02789400278940035 0.05045408678102925
0 0.6115760111576011 0.16321897073662966 0.02649930264993028 0.03985872855701311
0 0.4804741980474198 0.43213925327951563 0.02789400278940024 0.03985872855701311
2 0.5216178521617851 0.6748234106962665 0.02789400278940024 0.04187689202825429
1 0.6541143654114365 0.8259334006054491 0.025104602510460206 0.0353178607467205
1 0.6711994421199442 0.7727043390514632 0.017433751743375137 0.03784056508577194
5 0.9379358437935844 0.5340565085771948 0.09902370990237097 0.05600403632694251
1 0.8441422594142259 0.3393037336024218 0.032775453277545274 0.03784056508577194
1 0.43584379358437936 0.34359233097880926 0.030683403068340276 0.037336024217961616
1 0.3542538354253835 0.3985872855701312 0.02649930264993028 0.0353178607467205
1 0.36541143654114366 0.4351664984863774 0.03207810320781035 0.03784056508577194
2 0.4996513249651325 0.7610998990918264 0.02440725244072517 0.04793138244197781
0 0.6094839609483961 0.9434914228052472 0.02231520223152028 0.04540867810292637
1 0.705718270571827 0.10166498486377396 0.03207810320781024 0.04994954591321897
0 0.5149930264993027 0.11528758829465185 0.03277545327754533 0.051967709384460145
0 0.6345885634588564 0.9528254288597376 0.030683403068340387 0.03985872855701311
1 0.6471408647140865 0.3559535822401615 0.02231520223152028 0.028758829465186653
0 0.6854951185495118 0.4851160443995964 0.02789400278940035 0.045913218970736636
0 0.9163179916317992 0.4727547931382442 0.02789400278940035 0.03329969727547932
0 0.9177126917712692 0.4934409687184662 0.02789400278940024 0.029263370332996974
