0 0.46443514644351463 0.6634712411705348 0.02649930264993028 0.0353178607467205
0 0.6262203626220363 0.6934914228052471 0.02231520223152028 0.04187689202825429
0 0.7622036262203626 0.5519677093844602 0.02231520223152028 0.03733602421796167
0 0.6834030683403068 0.45282542885973764 0.029288702928870203 0.03582240161453076
0 0.8654114365411436 0.5090817356205852 0.03207810320781024 0.0353178607467205
0 0.6136680613668062 0.25403632694248235 0.02789400278940024 0.049949545913218985
0 0.6150627615062761 0.03632694248234107 0.025104602510460206 0.03935418768920282
0 0.4623430962343096 0.4694752774974773 0.027894002789400296 0.03985872855701311
2 0.5216178521617851 0.6768415741675076 0.02789400278940024 0.04187689202825429
1 0.659344490934449 0.8632694248234107 0.02440725244072517 0.0353178607467205
1 0.6711994421199442 0.7371342078708375 0.017433751743375137 0.03733602421796167
5 0.9379358437935844 0.5340565085771948 0.09902370990237097 0.05600403632694251
1 0.6684100418410042 0.941473259334006 0.023012552301255207 0.03733602421796167
1 0.8940027894002789 0.3246720484359233 0.03347280334728031 0.03784056508577194
1 0.41492329149232915 0.3872351160443996 0.030683403068340276 0.03784056508577194
1 0.3267085076708508 0.42785065590312815 0.025801952580195298 0.0353178607467205
1 0.35564853556485354 0.4727547931382442 0.03207810320781029 0.03733602421796167
2 0.5132496513249651 0.734359233097881 0.025104602510460206 0.0479313824419777
0 0.5913528591352859 0.8039858728557012 0.02231520223152028 0.045913218970736636
1 0.7608089260808926 0.1062058526740666 0.030683403068340387 0.04994954591321897
0 0.5038354253835425 0.021695257315842584 0.02440725244072528 0.0272452068617558
0 0.5202231520223153 0.22578203834510596 0.03347280334728031 0.05196770938446016
0 0.6227336122733613 0.7946518668012108 0.029288702928870314 0.039354187689202846
1 0.6910739191073919 0.3632694248234107 0.02231520223152028 0.0353178607467205
0 0.6345885634588564 0.3705852674066599 0.02789400278940024 0.045913218970736636
0 0.8288005578800558 0.4788092835519677 0.027196652719665204 0.03329969727547932
0 0.8343793584379358 0.49747729566094856 0.027196652719665315 0.029263370332996974
