0 0.3089260808926081 0.5716448032290615 0.02649930264993028 0.0353178607467205
0 0.6774755927475593 0.6029263370332998 0.02998605299860524 0.039354187689202846
0 0.9246861924686193 0.5060544904137235 0.02231520223152028 0.03733602421796167
0 0.6143654114365411 0.32593340060544906 0.029288702928870314 0.03531786074672044
0 0.9902370990237099 0.4977295660948537 0.01673640167364021 0.03784056508577194
0 0.606694560669456 0.11427850655903127 0.02789400278940024 0.04994954591321897
0 0.46373779637377965 0.5110998990918265 0.027894002789400296 0.039354187689202846
2 0.5216178521617851 0.6788597376387487 0.02789400278940024 0.0418768920282544
1 0.6565550906555091 0.9152371342078709 0.02440725244072528 0.0353178607467205
1 0.6711994421199442 0.7371342078708375 0.017433751743375137 0.03733602421796167
5 0.9379358437935844 0.5340565085771948 0.09902370990237097 0.05600403632694251
1 0.6767782426778243 0.9038849646821392 0.023012552301255207 0.03784056508577194
1 0.909344490934449 0.31836528758829463 0.03347280334728031 0.037336024217961616
1 0.3912133891213389 0.4228052472250252 0.030683403068340276 0.03733602421796167
1 0.34623430962343094 0.5163975782038346 0.03138075313807531 0.03784056508577194
2 0.5216178521617852 0.7278002018163471 0.025104602510460206 0.04793138244197781
0 0.5258019525801952 0.701816347124117 0.02231520223152028 0.04540867810292626
1 0.8124128312412832 0.10166498486377396 0.030683403068340276 0.04994954591321897
0 0.6269177126917713 0.851917255297679 0.029288702928870314 0.049949545913218985
0 0.5115062761506276 0.18213925327951563 0.023012552301255207 0.0353178607467205
0 0.5188284518828452 0.3529263370332997 0.03347280334728031 0.0519677093844601
0 0.5746164574616457 0.7028254288597376 0.030683403068340387 0.039354187689202735
1 0.7350069735006973 0.3768920282542886 0.02092050209205021 0.041372351160443965
0 0.653765690376569 0.2787588294651867 0.027196652719665315 0.04591321897073658
0 0.7468619246861925 0.4601412714429869 0.02789400278940024 0.03329969727547932
0 0.7608089260808926 0.49142280524722504 0.02789400278940024 0.029263370332996974
