1 0.6380753138075314 0.052976791120080725 0.03207810320781035 0.031281533804238135
0 0.8434449093444909 0.45181634712411706 0.03138075313807531 0.03784056508577194
0 0.600418410041841 0.07769929364278506 0.029288702928870314 0.03531786074672049
0 0.49128312412831243 0.5966195761856711 0.02719665271966526 0.03985872855701311
2 0.5160390516039052 0.7164480322906155 0.02789400278940035 0.04137235116044391
1 0.6711994421199442 0.7351160443995963 0.017433751743375137 0.03733602421796167
2 0.6101813110181311 0.7071140262361251 0.02649930264993028 0.05196770938446005
5 0.9379358437935844 0.5340565085771948 0.09902370990237097 0.05600403632694251
1 0.6725941422594142 0.7996972754793138 0.023012552301255318 0.03733602421796167
1 0.905160390516039 0.3143289606458123 0.03347280334728031 0.037336024217961616
1 0.3688981868898187 0.512108980827447 0.030683403068340276 0.03733602421796167
1 0.36541143654114366 0.6019172552976791 0.03207810320781035 0.03733602421796167
2 0.6485355648535565 0.682896064581231 0.025104602510460206 0.045913218970736636
0 0.37308228730822873 0.5840060544904138 0.030683403068340276 0.04389505549949546
1 0.8441422594142259 0.1062058526740666 0.02998605299860535 0.04994954591321897
4 0.6052998605299861 0.9694752774974773 0.030683403068340276 0.05196770938446016
0 0.6558577405857741 0.5956104944500504 0.028591352859135277 0.049949545913218985
0 0.4755927475592748 0.5030272452068618 0.023709902370990243 0.0353178607467205
0 0.5244072524407253 0.5746720484359233 0.03347280334728031 0.0544904137235116
0 0.7259414225941423 0.470736629667003 0.030683403068340276 0.029263370332996974
0 0.4804741980474198 0.6798688193743694 0.030683403068340276 0.03985872855701322
1 0.8322873082287308 0.38925327951564076 0.02022315202231517 0.04187689202825429
0 0.35460251046025104 0.5946014127144299 0.04532775453277549 0.03985872855701311
0 0.6788702928870293 0.13723511604439959 0.027196652719665204 0.04540867810292634
0 0.5857740585774058 0.3602421796165489 0.02789400278940024 0.03329969727547932
0 0.6164574616457461 0.39253279515640765 0.025104602510460317 0.03128153380423815
