1 0.6380753138075314 0.07366296670030273 0.03207810320781035 0.031281533804238135
0 0.9058577405857741 0.3975782038345106 0.03207810320781035 0.03733602421796167
0 0.5108089260808926 0.6279011099899092 0.027196652719665315 0.03985872855701311
2 0.5135983263598327 0.7247729566094854 0.027196652719665315 0.04187689202825429
1 0.6718967921896792 0.7290615539858729 0.01882845188284521 0.03733602421796156
2 0.691771269177127 0.5946014127144299 0.02649930264993028 0.05196770938446016
5 0.9379358437935844 0.5340565085771948 0.09902370990237097 0.05600403632694251
1 0.6684100418410042 0.751765893037336 0.023012552301255207 0.03733602421796167
1 0.9107391910739191 0.32265388496468217 0.03347280334728042 0.03784056508577199
1 0.37447698744769875 0.5560040363269425 0.030683403068340276 0.03733602421796167
1 0.36820083682008364 0.641271442986882 0.03207810320781029 0.03733602421796156
2 0.6621338912133892 0.6685166498486377 0.02440725244072517 0.04540867810292626
0 0.32322175732217573 0.557013118062563 0.029986052998605295 0.043390514631685195
1 0.801255230125523 0.10166498486377396 0.030683403068340276 0.04994954591321897
0 0.6157601115760112 0.9621594349142281 0.023709902370990243 0.03329969727547932
4 0.597629009762901 0.8579717457114027 0.03207810320781035 0.05398587285570133
0 0.6809623430962343 0.4770433905146317 0.028591352859135277 0.049949545913218985
0 0.5941422594142259 0.9424823410696266 0.02231520223152028 0.039354187689202846
0 0.5376569037656904 0.6468213925327952 0.023709902370990243 0.0353178607467205
0 0.5564853556485356 0.6955095862764884 0.03347280334728031 0.05398587285570122
0 0.5564853556485356 0.40388496468213925 0.030683403068340387 0.028758829465186708
0 0.43026499302649934 0.6738143289606459 0.03068340306834033 0.03985872855701311
1 0.8793584379358438 0.4018668012108981 0.02092050209205021 0.04187689202825429
0 0.44909344490934444 0.6715438950554995 0.04602510460251047 0.039354187689202735
0 0.7343096234309623 0.09359233097880928 0.02789400278940024 0.045913218970736636
0 0.5355648535564854 0.07063572149344097 0.025104602510460317 0.029263370332996974
0 0.49128312412831243 0.33955600403632696 0.02719665271966526 0.03329969727547932
0 0.5397489539748954 0.35166498486377396 0.025104602510460206 0.03733602421796167
