1 0.5094142259414226 0.6581735620585267 0.0383542538354254 0.045913218970736636
1 0.6394700139470014 0.12462159434914227 0.03207810320781035 0.03329969727547931
1 0.9797768479776848 0.36730575176589303 0.02092050209205021 0.03128153380423815
0 0.5129009762900976 0.6488395560040363 0.025801952580195242 0.039354187689202846
2 0.5135983263598327 0.7247729566094854 0.027196652719665315 0.04187689202825429
1 0.6732914923291492 0.731079717457114 0.01882845188284521 0.03733602421796156
2 0.8117154811715481 0.5027749747729566 0.02649930264993028 0.05196770938446016
5 0.9379358437935844 0.5340565085771948 0.09902370990237097 0.05600403632694251
1 0.9058577405857741 0.3216448032290615 0.03486750348675027 0.03582240161453082
1 0.37866108786610875 0.5872855701311807 0.03068340306834033 0.03733602421796167
2 0.5369595536959554 0.7298183652875883 0.025104602510460206 0.04793138244197781
0 0.26220362622036264 0.5227043390514632 0.030683403068340304 0.04540867810292637
1 0.7126917712691772 0.10166498486377396 0.03207810320781035 0.04994954591321897
0 0.6150627615062761 0.817356205852674 0.02789400278940035 0.039354187689202846
4 0.6094839609483961 0.7204843592330978 0.036262203626220346 0.05852674066599395
0 0.6094839609483961 0.39127144298688193 0.030683403068340276 0.049949545913218985
0 0.599023709902371 0.7976791120080726 0.02649930264993028 0.04137235116044402
0 0.5481171548117154 0.8113017154389506 0.03347280334728031 0.056508577194752774
0 0.5390516039051604 0.8226538849646821 0.03486750348675027 0.05398587285570133
0 0.43654114365411434 0.4873864783047427 0.03486750348675033 0.03733602421796167
0 0.38354253835425384 0.6465691220988901 0.034867503486750384 0.04389505549949546
0 0.3162482566248257 0.5799697275479314 0.035564853556485365 0.04793138244197781
1 0.9295676429567643 0.41649848637739656 0.029288702928870314 0.04187689202825429
1 0.9281729428172942 0.34989909182643797 0.034867503486750384 0.04994954591321893
0 0.8131101813110182 0.5090817356205852 0.040446304044630454 0.052472250252270425
4 0.9316596931659693 0.541372351160444 0.11436541143654111 0.05852674066599395
1 0.5129009762900976 0.7383955600403633 0.03138075313807531 0.05196770938446005
1 0.9686192468619247 0.3746215943491423 0.02649930264993028 0.04187689202825429
1 0.9874476987447699 0.36730575176589303 0.019525801952580135 0.0353178607467205
0 0.48535564853556484 0.7936427850655903 0.029288702928870314 0.03329969727547932
0 0.7329149232914923 0.035317860746720484 0.025104602510460206 0.03733602421796166
0 0.5376569037656904 0.16851664984863773 0.029288702928870314 0.03329969727547932
0 0.40934449093444913 0.3715943491422805 0.03068340306834033 0.03582240161453076
0 0.4581589958158996 0.3476286579212916 0.03347280334728031 0.03329969727547932
