1 0.5216178521617851 0.6581735620585267 0.03905160390516038 0.045913218970736636
0 0.6276150627615062 0.8622603430877901 0.036262203626220346 0.0544904137235116
1 0.6415620641562064 0.16321897073662966 0.03347280334728042 0.04389505549949546
1 0.9797768479776848 0.36730575176589303 0.02092050209205021 0.03128153380423815
0 0.6345885634588564 0.6904641775983855 0.04463040446304045 0.04389505549949546
4 0.6523709902370991 0.5923309788092836 0.04114365411436538 0.06458123107971747
0 0.5170850767085077 0.3632694248234107 0.04532775453277549 0.052472250252270425
0 0.20920502092050208 0.5446518668012109 0.05299860529986053 0.05196770938446016
0 0.6283124128312413 0.6571644803229062 0.03765690376569042 0.05196770938446016
0 0.5634588563458856 0.9465186680121089 0.03347280334728031 0.056508577194752774
0 0.5285913528591353 0.9601412714429869 0.036262203626220346 0.05045408678102925
0 0.4905857740585774 0.6092330978809284 0.0425383542538354 0.05196770938446016
0 0.3253138075313807 0.5946014127144299 0.04532775453277543 0.05196770938446016
0 0.42329149232914925 0.6506054490413724 0.04184100418410042 0.0479313824419777
1 0.4372384937238494 0.7131685166498487 0.04741980474198049 0.0560040363269424
1 0.9776847977684798 0.4341574167507568 0.04184100418410042 0.04389505549949546
0 0.9302649930264993 0.4684661957618567 0.04184100418410042 0.049949545913218985
4 0.9316596931659693 0.541372351160444 0.11436541143654111 0.05852674066599395
1 0.5129009762900976 0.7464682139253279 0.03138075313807531 0.05196770938446016
1 0.9686192468619247 0.3768920282542886 0.02649930264993028 0.041372351160443965
1 0.9874476987447699 0.36730575176589303 0.019525801952580135 0.0353178607467205
0 0.025104602510460247 0.4704843592330979 0.03765690376569037 0.045913218970736636
0 0.48326359832635984 0.8683148335015136 0.030683403068340276 0.03329969727547932
0 0.7370990237099024 0.01437941473259334 0.025104602510460317 0.02875882946518668
0 0.5355648535564853 0.26866801210898084 0.04184100418410042 0.045913218970736636
0 0.3392608089260809 0.4308779011099899 0.03417015341701535 0.03733602421796167
0 0.3905160390516039 0.40817356205852673 0.0404463040446304 0.03329969727547932
