1 0.5341701534170153 0.6581735620585267 0.03905160390516038 0.045913218970736636
0 0.6317991631799164 0.7061049445005045 0.036262203626220346 0.05398587285570122
1 0.6443514644351465 0.19954591321897075 0.03347280334728031 0.04994954591321896
1 0.9797768479776848 0.36730575176589303 0.02092050209205021 0.03128153380423815
0 0.6579497907949791 0.5613017154389506 0.043933054393305415 0.04389505549949546
4 0.6579497907949792 0.45509586276488395 0.04114365411436538 0.06458123107971747
0 0.4379358437935844 0.3589808274470232 0.04602510460251047 0.05196770938446016
0 0.12482566248256625 0.5280020181634713 0.05299860529986053 0.05196770938446016
0 0.6816596931659693 0.5214429868819375 0.03556485355648542 0.05196770938446016
0 0.5599721059972106 0.7217457114026236 0.04323570432357049 0.05196770938446005
0 0.23570432357043236 0.5486881937436933 0.04741980474198049 0.05196770938446016
0 0.4912831241283124 0.7550454086781029 0.04114365411436538 0.04793138244197781
1 0.46234309623430964 0.7487386478304743 0.04741980474198049 0.056508577194752774
1 0.4393305439330544 0.6975277497477295 0.043235704323570434 0.045913218970736636
4 0.9316596931659693 0.541372351160444 0.11436541143654111 0.05852674066599395
1 0.5188284518828452 0.762108980827447 0.030683403068340276 0.05398587285570133
1 0.8117154811715481 0.5320383451059536 0.03207810320781035 0.05600403632694251
1 0.9686192468619247 0.37991927346115034 0.02649930264993028 0.039354187689202846
1 0.9874476987447699 0.36730575176589303 0.019525801952580135 0.0353178607467205
0 0.9497907949790795 0.5590312815338043 0.036262203626220346 0.0353178607467205
0 0.48326359832635984 0.8683148335015136 0.030683403068340276 0.03329969727547932
0 0.4884937238493724 0.34561049445005043 0.041143654114365436 0.045408678102926314
0 0.30264993026499304 0.46417759838546924 0.036262203626220346 0.03733602421796167
0 0.29358437935843795 0.4601412714429869 0.0404463040446304 0.03329969727547932
