1 0.5355648535564854 0.6642280524722503 0.03905160390516038 0.045913218970736525
0 0.6774755927475593 0.5529767911200807 0.03556485355648531 0.056508577194752774
1 0.6443514644351465 0.23208879919273462 0.03347280334728031 0.052472250252270425
1 0.9797768479776848 0.36730575176589303 0.02092050209205021 0.03128153380423815
0 0.6649232914923291 0.44021190716448033 0.043933054393305526 0.04389505549949546
4 0.602510460251046 0.3299697275479314 0.04184100418410042 0.06458123107971742
0 0.3612273361227336 0.41750756811301715 0.046025104602510414 0.05196770938446016
0 0.028591352859135284 0.5153884964682139 0.05299860529986053 0.05196770938446016
0 0.6387726638772664 0.4008577194752775 0.036262203626220346 0.05196770938446016
0 0.5571827057182706 0.8882441977800202 0.04323570432357049 0.05196770938446016
0 0.0704323570432357 0.5007568113017155 0.04741980474198047 0.05196770938446016
0 0.4829149232914923 0.8988395560040363 0.041143654114365436 0.04793138244197781
1 0.46373779637377965 0.7923814328960646 0.04741980474198049 0.05600403632694251
1 0.46164574616457466 0.7464682139253279 0.043235704323570434 0.04389505549949546
4 0.9316596931659693 0.541372351160444 0.11436541143654111 0.05852674066599395
1 0.5404463040446303 0.7999495459132189 0.03207810320781024 0.049949545913218985
1 0.8364714086471408 0.4883955600403633 0.03138075313807531 0.056508577194752774
1 0.9686192468619247 0.3819374369323915 0.02649930264993028 0.039354187689202846
1 0.9874476987447699 0.36730575176589303 0.019525801952580135 0.0353178607467205
1 0.9525801952580195 0.5696266397578205 0.04184100418410042 0.0353178607467205
0 0.48326359832635984 0.8683148335015136 0.030683403068340276 0.03329969727547932
0 0.39400278940027894 0.4225529767911201 0.04184100418410042 0.045913218970736636
0 0.30264993026499304 0.46417759838546924 0.036262203626220346 0.03733602421796167
0 0.2796373779637378 0.46417759838546924 0.0404463040446304 0.03329969727547932
