1 0.5271966527196652 0.6768415741675076 0.03905160390516038 0.045913218970736636
0 0.6579497907949791 0.4195257315842583 0.03556485355648542 0.05196770938446016
0 0.5195258019525801 0.051715438950555 0.034867503486750384 0.05398587285570131
1 0.650976290097629 0.26538849646821394 0.032775453277545274 0.05247225025227045
1 0.9797768479776848 0.36730575176589303 0.02092050209205021 0.03128153380423815
0 0.6164574616457461 0.34863773965691225 0.04463040446304045 0.04339051463168514
4 0.5983263598326359 0.1922300706357215 0.04184100418410042 0.06458123107971744
0 0.26778242677824265 0.45686175580222 0.04741980474198046 0.05196770938446016
0 0.5885634588563459 0.2674066599394551 0.036262203626220346 0.05247225025227045
1 0.4609483960948396 0.8196266397578204 0.04741980474198049 0.05600403632694251
1 0.4735006973500697 0.7747225025227042 0.04184100418410042 0.04187689202825429
4 0.9316596931659693 0.541372351160444 0.11436541143654111 0.05852674066599395
1 0.5502092050209205 0.8559535822401614 0.03207810320781035 0.049949545913218985
1 0.8626220362622037 0.44248234106962664 0.03207810320781024 0.052472250252270425
1 0.9686192468619247 0.3842078708375378 0.02649930264993028 0.03985872855701311
1 0.9874476987447699 0.36730575176589303 0.019525801952580135 0.0353178607467205
0 0.48326359832635984 0.8683148335015136 0.030683403068340276 0.03329969727547932
0 0.3218270571827057 0.4830978809283552 0.04114365411436538 0.045913218970736636
0 0.30264993026499304 0.46417759838546924 0.036262203626220346 0.03733602421796167
0 0.2796373779637378 0.46417759838546924 0.0404463040446304 0.03329969727547932
