1 0.8563458856345886 0.47780020181634714 0.04184100418410042 0.056508577194752774
1 0.4898884239888424 0.7383955600403632 0.038354253835425456 0.04389505549949546
1 0.6579497907949791 0.9634207870837538 0.032775453277545274 0.05196770938446016
0 0.5774058577405858 0.14455095862764883 0.03626220362622046 0.051967709384460145
0 0.5216178521617852 0.26210898082744705 0.036262203626220346 0.05398587285570128
0 0.5857740585774058 0.8342583249243188 0.036262203626220346 0.05196770938446016
1 0.9218967921896792 0.4238143289606458 0.030683403068340276 0.0353178607467205
1 0.6705020920502092 0.33425832492431884 0.032775453277545386 0.0519677093844601
1 0.9797768479776848 0.36730575176589303 0.02092050209205021 0.03128153380423815
1 0.8765690376569037 0.33627648839556 0.04044630404463034 0.047931382441977755
0 0.5997210599721059 0.19248234106962664 0.04463040446304045 0.04389505549949546
1 0.4665271966527197 0.8965691220988901 0.04741980474198043 0.056508577194752774
1 0.49476987447698745 0.8892532795156407 0.04253835425383545 0.04187689202825429
4 0.9316596931659693 0.541372351160444 0.11436541143654111 0.05852674066599395
1 0.9260808926080892 0.3509081735620585 0.030683403068340276 0.0519677093844601
1 0.9881450488145049 0.4445005045408678 0.02092050209205021 0.039354187689202846
1 0.9874476987447699 0.36730575176589303 0.019525801952580135 0.0353178607467205
0 0.48326359832635984 0.8683148335015136 0.030683403068340276 0.03329969727547932
0 0.3218270571827057 0.4830978809283552 0.04114365411436538 0.045913218970736636
0 0.30264993026499304 0.46417759838546924 0.036262203626220346 0.03733602421796167
0 0.2796373779637378 0.46417759838546924 0.0404463040446304 0.03329969727547932
