1 0.8856345885634589 0.4341574167507568 0.03347280334728031 0.04389505549949546
1 0.7838214783821479 0.34031281533804236 0.015341701534170138 0.05196770938446016
1 0.49128312412831243 0.7757315842583249 0.03277545327754533 0.03985872855701311
1 0.897489539748954 0.5007568113017155 0.018131101813110173 0.026740665993945534
1 0.9316596931659693 0.5580221997981837 0.030683403068340276 0.029263370332996974
1 0.46164574616457466 0.029011099899091827 0.03207810320781029 0.04187689202825429
1 0.6642259414225942 0.9122098890010091 0.028591352859135277 0.04540867810292637
0 0.5101115760111576 0.36755802219979816 0.03138075313807531 0.04793138244197781
0 0.5108089260808926 0.7008072653884965 0.029986052998605295 0.056508577194752774
1 0.8668061366806137 0.4162462159434914 0.02649930264993028 0.029263370332996974
1 0.6924686192468619 0.3715943491422805 0.019525801952580246 0.026740665993945534
1 0.9790794979079498 0.36730575176589303 0.02231520223152028 0.03128153380423815
1 0.849023709902371 0.3486377396569122 0.03417015341701535 0.039354187689202846
0 0.5857740585774058 0.09056508577194752 0.036262203626220346 0.047931382441977796
5 0.9372384937238494 0.5330474268415741 0.09205020920502083 0.028758829465186708
1 0.4905857740585774 0.9038849646821392 0.0425383542538354 0.04187689202825429
4 0.9316596931659693 0.541372351160444 0.11436541143654111 0.05852674066599395
1 0.9874476987447699 0.36730575176589303 0.019525801952580135 0.0353178607467205
0 0.895397489539749 0.5060544904137235 0.05299860529986056 0.04137235116044402
0 0.48326359832635984 0.8683148335015136 0.030683403068340276 0.03329969727547932
0 0.3218270571827057 0.4830978809283552 0.04114365411436538 0.045913218970736636
0 0.30264993026499304 0.46417759838546924 0.036262203626220346 0.03733602421796167
0 0.2796373779637378 0.46417759838546924 0.0404463040446304 0.03329969727547932
