0 0.5774058577405858 0.6934914228052472 0.030683403068340387 0.045913218970736525
1 0.9121338912133892 0.3852169525731584 0.02231520223152017 0.02472250252270436
1 0.7838214783821479 0.34031281533804236 0.015341701534170138 0.05196770938446016
1 0.49825662482566246 0.8279515640766901 0.024407252440725224 0.03128153380423815
1 0.7726638772663876 0.5174066599394551 0.018131101813110173 0.026740665993945534
1 0.8315899581589958 0.5580221997981837 0.02998605299860535 0.029263370332996974
1 0.43584379358437936 0.040363269424823406 0.02789400278940024 0.035317860746720484
1 0.6670153417015342 0.8632694248234107 0.023012552301255207 0.039354187689202846
0 0.4884937238493724 0.49369323915237134 0.02719665271966526 0.045913218970736636
0 0.3716875871687587 0.6112512613521696 0.025104602510460206 0.06004036326942486
0 0.602510460251046 0.877648839556004 0.030683403068340276 0.04793138244197781
1 0.8186889818688983 0.4112008072653885 0.018131101813110173 0.02320887991927345
1 0.7245467224546722 0.39959636730575177 0.02789400278940024 0.03329969727547932
1 0.9790794979079498 0.36730575176589303 0.02231520223152028 0.03128153380423815
1 0.8239191073919108 0.36427850655903127 0.025801952580195242 0.029263370332996974
0 0.592747559274756 0.008324924318869829 0.03626220362622046 0.016649848637739658
5 0.9372384937238494 0.5330474268415741 0.09205020920502083 0.028758829465186708
