0 0.4926778242677824 0.6748234106962665 0.029986052998605295 0.045913218970736636
1 0.9267782426778242 0.35595358224016144 0.023709902370990243 0.02472250252270436
1 0.7838214783821479 0.34031281533804236 0.015341701534170138 0.05196770938446016
1 0.49825662482566246 0.8779011099899092 0.024407252440725224 0.03128153380423815
1 0.6698047419804742 0.5509586276488396 0.017433751743375248 0.0272452068617558
1 0.7147838214783822 0.5643289606458124 0.030683403068340276 0.028758829465186708
1 0.3912133891213389 0.03834510595358224 0.02789400278940024 0.035317860746720484
1 0.6670153417015342 0.8279515640766901 0.023012552301255207 0.039354187689202846
0 0.5080195258019526 0.6016649848637741 0.027196652719665315 0.045913218970736636
0 0.2105997210599721 0.5454086781029264 0.02510460251046026 0.0625630676084763
0 0.5829846582984658 0.7580726538849647 0.030683403068340276 0.045913218970736636
1 0.792189679218968 0.4008577194752775 0.018131101813110173 0.022704339051463185
1 0.7552301255230125 0.42684157416750756 0.02789400278940024 0.03329969727547932
1 0.9790794979079498 0.36730575176589303 0.02231520223152028 0.03128153380423815
1 0.7601115760111576 0.3829465186680121 0.02649930264993028 0.029263370332996974
5 0.9372384937238494 0.5330474268415741 0.09205020920502083 0.028758829465186708
