0 0.42887029288702927 0.6455600403632695 0.03068340306834033 0.045913218970736636
1 0.9316596931659693 0.33097880928355194 0.025104602510460206 0.025227043390514625
1 0.7838214783821479 0.34031281533804236 0.015341701534170138 0.05196770938446016
1 0.49825662482566246 0.9028758829465187 0.024407252440725224 0.030776992936427883
1 0.5920502092050208 0.6009081735620585 0.018131101813110173 0.0272452068617558
1 0.6220362622036262 0.6099899091826438 0.030683403068340387 0.029263370332996974
1 0.33856345885634587 0.03834510595358224 0.02719665271966526 0.035317860746720484
1 0.6684100418410042 0.7966700302724521 0.023012552301255207 0.039354187689202846
0 0.5327754532775453 0.712159434914228 0.02789400278940024 0.045913218970736636
0 0.04114365411436541 0.49974772956609487 0.025104602510460254 0.06205852674066603
0 0.5550906555090656 0.689455095862765 0.030683403068340276 0.045913218970736636
1 0.7364016736401673 0.39026236125126135 0.018131101813110173 0.022704339051463185
1 0.7873082287308228 0.44954591321897075 0.02789400278940024 0.03329969727547932
1 0.9783821478382149 0.3683148335015136 0.023709902370990243 0.029263370332996974
1 0.7252440725244073 0.3559535822401615 0.02649930264993028 0.028758829465186653
5 0.9372384937238494 0.5330474268415741 0.09205020920502083 0.028758829465186708
