0 0.3507670850767085 0.5915741675075681 0.030683403068340276 0.045913218970736636
1 0.9309623430962344 0.32265388496468217 0.023709902370990243 0.024722502522704304
1 0.7838214783821479 0.34031281533804236 0.015341701534170138 0.05196770938446016
1 0.5509065550906556 0.686175580221998 0.019525801952580246 0.02724520686175591
1 0.5850767085076709 0.6851664984863775 0.029288702928870314 0.04540867810292626
1 0.28730822873082285 0.04238143289606458 0.027894002789400296 0.035317860746720484
1 0.6614365411436541 0.7527749747729566 0.023012552301255207 0.039354187689202846
0 0.5509065550906556 0.8433400605449042 0.02789400278940024 0.045913218970736636
0 0.46373779637377965 0.6642280524722503 0.03068340306834033 0.045913218970736525
1 0.6847977684797768 0.37991927346115034 0.018131101813110173 0.02320887991927345
1 0.8204323570432357 0.46871846619576185 0.027196652719665204 0.03329969727547932
1 0.9783821478382149 0.3683148335015136 0.023709902370990243 0.029263370332996974
1 0.6781729428172942 0.33097880928355194 0.025801952580195242 0.029263370332996974
5 0.9372384937238494 0.5330474268415741 0.09205020920502083 0.028758829465186708
