0 0.24686192468619247 0.5456609485368316 0.03068340306834033 0.045913218970736636
1 0.9295676429567643 0.31634712411705346 0.023709902370990243 0.025227043390514625
1 0.7838214783821479 0.34031281533804236 0.015341701534170138 0.05196770938446016
1 0.5320781032078103 0.7820383451059536 0.018131101813110173 0.0272452068617558
1 0.5662482566248257 0.7830474268415741 0.030683403068340276 0.029263370332996974
1 0.23291492329149233 0.051967709384460145 0.027894002789400296 0.03733602421796165
1 0.6478382147838215 0.7424318869828456 0.023709902370990243 0.03985872855701311
0 0.5606694560669456 0.9558526740665994 0.02789400278940024 0.045913218970736636
0 0.3647140864714087 0.5872855701311807 0.03068340306834033 0.04540867810292637
1 0.6324965132496514 0.36957618567103934 0.018131101813110173 0.022704339051463185
1 0.8675034867503486 0.4830978809283552 0.02789400278940024 0.03380423814328959
1 0.9776847977684797 0.3683148335015136 0.025104602510460317 0.029263370332996974
1 0.6324965132496513 0.3082744702320888 0.02649930264993028 0.029263370332996974
5 0.9372384937238494 0.5330474268415741 0.09205020920502083 0.028758829465186708
