0 0.03138075313807531 0.5143794147325933 0.03347280334728034 0.045913218970736636
1 0.5010460251046025 0.3665489404641776 0.02161785216178519 0.045913218970736636
1 0.5509065550906556 0.2477295660948537 0.0167364016736401 0.021190716448032304
0 0.5592747559274756 0.9727547931382442 0.025104602510460317 0.04137235116044402
0 0.5334728033472804 0.9737638748738648 0.023709902370990243 0.043390514631685195
1 0.9616457461645747 0.5080726538849647 0.02649930264993028 0.029263370332996974
1 0.9853556485355649 0.37790110998990917 0.02092050209205021 0.0272452068617558
1 0.9665271966527196 0.36427850655903127 0.013947001394700176 0.03329969727547932
1 0.9776847977684797 0.36629667003027244 0.025104602510460317 0.029263370332996974
1 0.5383542538354253 0.26639757820383453 0.019525801952580246 0.025227043390514625
5 0.9365411436541143 0.5320383451059536 0.0934449093444909 0.030776992936427883
1 0.8891213389121339 0.5343087790110999 0.02092050209205021 0.03128153380423815
