0 0.900278940027894 0.4841069626639758 0.04881450488145056 0.04793138244197781
1 0.4442119944211994 0.37663975782038345 0.022315202231520226 0.045913218970736636
1 0.5146443514644352 0.2217457114026236 0.0167364016736401 0.022704339051463185
0 0.5899581589958158 0.9175075681130171 0.030683403068340387 0.05196770938446016
1 0.6492329149232915 0.026740665993945513 0.02092050209205021 0.033299697275479316
1 0.9853556485355649 0.37790110998990917 0.02092050209205021 0.0272452068617558
1 0.9665271966527196 0.36427850655903127 0.013947001394700176 0.03329969727547932
1 0.9783821478382149 0.36629667003027244 0.023709902370990243 0.029263370332996974
1 0.5003486750348676 0.2330978809283552 0.017433751743375248 0.025227043390514625
1 0.7377963737796374 0.059031281533804235 0.02092050209205021 0.035317860746720484
5 0.9365411436541143 0.5332996972754793 0.0934449093444909 0.03329969727547932
1 0.8891213389121339 0.5343087790110999 0.02092050209205021 0.03128153380423815
