0 0.7803347280334728 0.5058022199798184 0.04741980474198049 0.045913218970736636
1 0.39121338912133896 0.4059031281533804 0.022315202231520226 0.045913218970736636
1 0.48884239888423986 0.19046417759838546 0.016736401673640156 0.022704339051463185
0 0.5648535564853556 0.7706861755802219 0.030683403068340276 0.05398587285570133
1 0.6579497907949791 0.058022199798183655 0.02440725244072528 0.03329969727547932
1 0.9853556485355649 0.37790110998990917 0.02092050209205021 0.0272452068617558
1 0.9665271966527196 0.36427850655903127 0.013947001394700176 0.03329969727547932
1 0.9790794979079498 0.36427850655903127 0.02231520223152028 0.029263370332996974
1 0.4714086471408647 0.19349142280524723 0.018131101813110173 0.02472250252270436
1 0.7294281729428173 0.09031281533804239 0.02092050209205021 0.035317860746720484
0 0.0913528591352859 0.5123612512613522 0.03626220362622036 0.04187689202825429
1 0.6576011157601116 0.970736629667003 0.018131101813110173 0.03329969727547932
5 0.9365411436541144 0.5330474268415741 0.09623430962343094 0.03784056508577194
1 0.8891213389121339 0.5343087790110999 0.02092050209205021 0.03128153380423815
