0 0.346931659693166 0.6082240161453079 0.04114365411436538 0.045913218970736636
0 0.6635285913528591 0.5403632694248235 0.03556485355648542 0.056508577194752774
1 0.33577405857740583 0.43920282542885974 0.02161785216178519 0.045913218970736636
1 0.47629009762900976 0.15287588294651866 0.016736401673640156 0.02320887991927345
0 0.4581589958158996 0.6415237134207872 0.030683403068340276 0.05398587285570133
2 0.6248256624825663 0.9424823410696266 0.02231520223152017 0.043390514631685195
1 0.6980474198047419 0.0893037336024218 0.025104602510460317 0.03329969727547931
1 0.9853556485355649 0.37790110998990917 0.02092050209205021 0.0272452068617558
1 0.9665271966527196 0.36427850655903127 0.013947001394700176 0.03329969727547932
1 0.9790794979079498 0.3632694248234107 0.02231520223152028 0.0272452068617558
1 0.45955369595536955 0.15817356205852673 0.01952580195258019 0.02472250252270433
0 0.6882845188284519 0.5749243188698285 0.036262203626220346 0.045913218970736636
1 0.7050209205020921 0.11957618567103935 0.019525801952580246 0.03531786074672047
0 0.19525801952580196 0.5436427850655903 0.036262203626220374 0.04187689202825429
1 0.6579497907949791 0.9185166498486377 0.01882845188284521 0.03784056508577194
1 0.6600418410041842 0.9697275479313825 0.017433751743375248 0.03128153380423815
5 0.9365411436541144 0.5340565085771948 0.09623430962343094 0.03985872855701311
1 0.8891213389121339 0.5343087790110999 0.02092050209205021 0.03128153380423815
