1 0.9316596931659693 0.5580221997981837 0.025104602510460206 0.029263370332996974
0 0.5122036262203626 0.712159434914228 0.04114365411436538 0.045913218970736636
0 0.5934449093444909 0.6183148335015136 0.02092050209205021 0.045913218970736636
1 0.27615062761506276 0.4497981836528759 0.02231520223152017 0.045913218970736636
1 0.4748953974895398 0.11427850655903128 0.016736401673640156 0.02068617558022201
0 0.31520223152022314 0.5663471241170535 0.030683403068340276 0.05398587285570133
2 0.6276150627615062 0.8143289606458123 0.02231520223152017 0.04540867810292637
1 0.7510460251046025 0.10998990918264379 0.025104602510460206 0.03329969727547931
1 0.9853556485355649 0.37790110998990917 0.02092050209205021 0.0272452068617558
1 0.9665271966527196 0.36427850655903127 0.013947001394700176 0.03329969727547932
1 0.9804741980474199 0.3622603430877901 0.02231520223152017 0.025227043390514625
1 0.9435146443514645 0.5610494450050454 0.02092050209205021 0.0353178607467205
1 0.45536959553695955 0.11856710393541878 0.01952580195258019 0.02522704339051464
0 0.6192468619246863 0.6435418768920282 0.03626220362622046 0.045913218970736636
0 0.606694560669456 0.9747729566094854 0.02789400278940024 0.04137235116044402
0 0.9637377963737797 0.4883955600403633 0.03347280334728031 0.039354187689202846
1 0.6813110181311017 0.15186680121089807 0.019525801952580246 0.037336024217961644
0 0.301255230125523 0.5789606458123109 0.036262203626220346 0.04187689202825429
1 0.6607391910739191 0.8789101917255298 0.01882845188284521 0.03733602421796167
1 0.6600418410041842 0.9268415741675076 0.017433751743375248 0.03329969727547932
1 0.6785216178521618 0.8789101917255298 0.019525801952580135 0.04540867810292637
5 0.9365411436541144 0.5350655903128154 0.09623430962343094 0.04187689202825429
1 0.8891213389121339 0.5343087790110999 0.02092050209205021 0.03128153380423815
