0 0.5453277545327755 0.9079212916246215 0.04184100418410042 0.045913218970736636
0 0.5536959553695955 0.7267911200807264 0.025104602510460317 0.045913218970736636
1 0.2733612273361228 0.45181634712411706 0.022315202231520226 0.045913218970736636
1 0.4665271966527197 0.07694248234106962 0.016736401673640156 0.020686175580221997
0 0.15376569037656904 0.5290110998990918 0.029986052998605295 0.05398587285570133
2 0.6248256624825663 0.6955095862764884 0.019525801952580246 0.04187689202825429
2 0.5052301255230125 0.04339051463168517 0.024407252440725224 0.03329969727547931
1 0.8068340306834031 0.1165489404641776 0.025104602510460206 0.03329969727547932
1 0.9853556485355649 0.37790110998990917 0.02092050209205021 0.0272452068617558
1 0.9665271966527196 0.36427850655903127 0.013947001394700176 0.03329969727547932
1 0.9811715481171548 0.3612512613521695 0.02092050209205021 0.0272452068617558
1 0.9260808926080892 0.5610494450050454 0.019525801952580246 0.0353178607467205
1 0.45118549511854955 0.09561049445005046 0.01952580195258019 0.024722502522704345
0 0.5815899581589958 0.7308274470232088 0.036262203626220346 0.045913218970736636
0 0.08158995815899582 0.4853683148335015 0.030683403068340304 0.029263370332996974
0 0.605299860529986 0.7976791120080726 0.02789400278940024 0.04540867810292637
0 0.8661087866108788 0.49142280524722504 0.03347280334728031 0.04137235116044402
1 0.6593444909344491 0.17911200807265387 0.01882845188284521 0.033299697275479295
0 0.596931659693166 0.06432896064581231 0.025104602510460206 0.045913218970736636
0 0.40794979079497906 0.6352169525731585 0.036262203626220346 0.04137235116044402
1 0.6562064156206415 0.8350151362260343 0.018131101813110173 0.03733602421796167
1 0.6586471408647141 0.8829465186680121 0.017433751743375137 0.03329969727547932
1 0.6771269177126917 0.8352674066599395 0.019525801952580246 0.045913218970736636
5 0.9365411436541143 0.5350655903128154 0.09902370990237097 0.045913218970736636
1 0.8891213389121339 0.5343087790110999 0.02092050209205021 0.03128153380423815
