0 0.5411436541143654 0.8456104944500504 0.025104602510460206 0.04540867810292637
0 0.5334728033472803 0.9788092835519677 0.04044630404463034 0.03733602421796167
1 0.2733612273361228 0.45181634712411706 0.022315202231520226 0.045913218970736636
1 0.42050209205020916 0.06634712411705349 0.016736401673640156 0.020686175580221997
2 0.6663179916317992 0.5519677093844602 0.016039051603905063 0.05852674066599395
2 0.5094142259414226 0.12058526740665992 0.02440725244072528 0.03329969727547931
1 0.8315899581589958 0.1165489404641776 0.02440725244072528 0.03329969727547932
1 0.9853556485355649 0.37790110998990917 0.02092050209205021 0.0272452068617558
1 0.9665271966527196 0.36427850655903127 0.013947001394700176 0.03329969727547932
1 0.9818688981868898 0.3602421796165489 0.019525801952580135 0.025227043390514625
1 0.9246861924686192 0.5633198789101918 0.019525801952580246 0.03582240161453076
1 0.405160390516039 0.08526740665993945 0.01952580195258019 0.025227043390514625
0 0.5801952580195258 0.8393037336024218 0.036262203626220346 0.045913218970736636
0 0.24267782426778245 0.46417759838546924 0.030683403068340304 0.029263370332996974
0 0.6649232914923291 0.5996468213925328 0.027196652719665315 0.045913218970736636
0 0.7622036262203626 0.4851160443995964 0.03347280334728031 0.04187689202825429
1 0.6576011157601116 0.20383451059535823 0.018131101813110173 0.03329969727547932
0 0.5550906555090656 0.1748234106962664 0.025104602510460206 0.045913218970736636
0 0.5094142259414226 0.7081231079717456 0.03556485355648542 0.04187689202825429
1 0.6541143654114365 0.7976791120080726 0.019525801952580135 0.03733602421796167
1 0.6593444909344491 0.8405650857719476 0.01882845188284521 0.0353178607467205
1 0.6753835425383543 0.7873360242179617 0.017433751743375248 0.045913218970736636
5 0.9365411436541143 0.536074672048436 0.09902370990237097 0.04793138244197781
1 0.8891213389121339 0.5343087790110999 0.02092050209205021 0.03128153380423815
