1 0.7234848484848484 0.1756633119853614 0.02777777777777779 0.034766697163769456
1 0.651010101010101 0.1445562671546203 0.033333333333333326 0.04391582799634035
1 0.3095959595959596 0.3517840805123513 0.022222222222222254 0.03751143641354071
1 0.22424242424242424 0.35407136322049404 0.029292929292929315 0.04574565416285453
1 0.8651515151515151 0.38929551692589204 0.030303030303030276 0.03751143641354071
1 0.810858585858586 0.8796889295516925 0.03888888888888886 0.03934126258005499
1 0.817929292929293 0.9162854528819762 0.03888888888888886 0.03751143641354071
1 0.7227272727272728 0.10612991765782251 0.03232323232323231 0.09149130832570906
1 0.5214646464646464 0.6893870082342177 0.023737373737373724 0.05032021957914001
1 0.5212121212121212 0.7099725526075022 0.02626262626262621 0.032936870997255285
1 0.5361111111111112 0.722323879231473 0.02777777777777779 0.03751143641354071
1 0.6166666666666667 0.3966148215919488 0.033333333333333326 0.03568161024702654
1 0.723989898989899 0.15279048490393413 0.020707070707070674 0.03110704483074106
1 0.6138888888888889 0.37008234217749314 0.02777777777777779 0.03751143641354071
1 0.5977272727272727 0.35910338517840806 0.023737373737373724 0.03568161024702654
1 0.681060606060606 0.14913083257090576 0.028787878787878807 0.04574565416285453
1 0.681060606060606 0.1161939615736505 0.026767676767676774 0.04208600182982618
1 0.7386363636363636 0.13174748398902103 0.050000000000000044 0.04391582799634035
