1 0.305439330543933 0.06432896064581231 0.03347280334728037 0.02875882946518668
0 0.40585774058577406 0.39152371342078707 0.03207810320781035 0.029263370332996974
0 0.4864016736401674 0.34359233097880926 0.04532775453277549 0.041372351160443965
0 0.6220362622036262 0.3922805247225025 0.02231520223152017 0.04389505549949546
0 0.5843793584379359 0.2933905146316852 0.02231520223152028 0.05398587285570128
0 0.606694560669456 0.36730575176589303 0.03347280334728031 0.03128153380423815
0 0.5149930264993027 0.24142280524722504 0.03277545327754533 0.045913218970736636
2 0.6178521617852162 0.9704843592330978 0.02789400278940035 0.04187689202825429
2 0.6345885634588564 0.8612512613521695 0.03347280334728031 0.039354187689202846
1 0.6628312412831241 0.06205852674066599 0.028591352859135277 0.029263370332996967
1 0.6642259414225942 0.27699293642785067 0.02022315202231517 0.029263370332996974
0 0.5163877266387726 0.3852169525731584 0.032775453277545274 0.04187689202825429
0 0.5509065550906556 0.891271442986882 0.03347280334728031 0.045913218970736636
1 0.6555090655509066 0.7174571140262361 0.019525801952580246 0.035317860746720386
1 0.6677126917712692 0.7560544904137234 0.0188284518828451 0.045913218970736636
1 0.6677126917712691 0.7144298688193744 0.01324965132496514 0.029263370332996863
5 0.9365411436541143 0.5370837537840565 0.09902370990237097 0.045913218970736636
1 0.8842398884239888 0.5320383451059536 0.019525801952580135 0.03582240161453076
1 0.9386331938633194 0.5600403632694249 0.013947001394700176 0.03329969727547932
