1 0.24546722454672246 0.06659939455095863 0.03347280334728037 0.02926337033299698
0 0.44490934449093444 0.35822401614530774 0.03207810320781035 0.029263370332996974
0 0.5606694560669456 0.3060040363269425 0.04741980474198049 0.04187689202825429
0 0.6094839609483961 0.30398587285570133 0.019525801952580135 0.045913218970736636
0 0.5857740585774058 0.1132694248234107 0.02231520223152028 0.05196770938446013
0 0.5188284518828452 0.3632694248234107 0.03347280334728031 0.03128153380423815
0 0.5174337517433751 0.312058526740666 0.03347280334728031 0.049949545913218985
2 0.6178521617852162 0.8579717457114027 0.02789400278940035 0.04187689202825429
2 0.6345885634588564 0.7653884964682138 0.03347280334728031 0.039354187689202846
1 0.6628312412831241 0.09132189707366296 0.028591352859135277 0.029263370332996974
1 0.8246164574616457 0.10393541876892028 0.0188284518828451 0.029263370332996974
1 0.6711994421199442 0.31634712411705346 0.020223152022315283 0.029263370332996974
0 0.4818688981868898 0.48107971745711403 0.03347280334728031 0.04187689202825429
0 0.5627615062761506 0.9757820383451059 0.03207810320781035 0.043390514631685195
1 0.6621338912133892 0.7028254288597376 0.0188284518828451 0.035317860746720386
1 0.6746861924686193 0.7161957618567103 0.01882845188284521 0.049949545913218985
1 0.6677126917712691 0.7144298688193744 0.01324965132496514 0.029263370332996863
5 0.9365411436541143 0.5383451059535822 0.09902370990237097 0.043390514631685195
0 0.6304044630404463 0.9412209889001009 0.036262203626220346 0.049949545913218985
1 0.8870292887029289 0.5350655903128154 0.019525801952580135 0.02472250252270436
1 0.9442119944211995 0.5539858728557013 0.013947001394700176 0.03329969727547932
1 0.9309623430962343 0.5663471241170535 0.015341701534170138 0.02472250252270436
