0 0.09018867924528301 0.5549923973644197 0.027924528301886783 0.027369488089204252
1 0.7109433962264151 0.382159148504815 0.019622641509433936 0.03547896604156103
1 0.48641509433962266 0.3841865179929042 0.026415094339622636 0.03547896604156109
1 0.2879245283018868 0.39254941713127217 0.023396226415094312 0.022807906741003525
1 0.9584905660377359 0.46958945767866195 0.01811320754716983 0.022807906741003525
1 0.8037735849056604 0.5060821084642676 0.03924528301886798 0.028890015205271125
0 0.6279245283018868 0.5425747592498733 0.03471698113207544 0.022807906741003525
0 0.8890566037735849 0.5613279270146985 0.037735849056603765 0.026862645717182
0 0.5030188679245283 0.5466294982260518 0.0430188679245283 0.026862645717182
0 0.14415094339622642 0.545615813482007 0.030188679245283012 0.024835276229092762
0 0.018490566037735846 0.5684237202230107 0.03245283018867924 0.024835276229092762
