1 0.4354716981132075 0.3801317790167258 0.01962264150943399 0.03547896604156109
1 0.14679245283018869 0.4330968068930563 0.018867924528301883 0.03294475418144954
1 0.09132075471698115 0.4287886467308667 0.013584905660377358 0.03345159655347185
1 0.21849056603773584 0.4069944247339078 0.026415094339622636 0.03142422706538267
0 0.670188679245283 0.5121642169285352 0.033207547169811225 0.024835276229092762
0 0.5460377358490567 0.49873289406994425 0.03698113207547171 0.027369488089204197
0 0.2667924528301887 0.5382665990876838 0.02641509433962269 0.027369488089204252
1 0.05811320754716981 0.501773948302078 0.03924528301886793 0.02939685757729349
0 0.5475471698113208 0.5268626457171819 0.03245283018867928 0.024835276229092762
0 0.9316981132075473 0.5643689812468322 0.030943396226415065 0.024835276229092762
0 0.19886792452830188 0.559047136340598 0.02943396226415093 0.031424227065382726
