1 0.16830188679245284 0.41535732387227575 0.028679245283018878 0.018753167764825107
1 0.38716981132075473 0.4391789153573239 0.019622641509433936 0.01672579827673598
1 0.3218867924528302 0.4424733907754688 0.02490566037735853 0.02331474911302589
0 0.11622641509433962 0.5174860618347694 0.03924528301886793 0.027369488089204252
1 0.21622641509433962 0.589204257475925 0.018867924528301883 0.0207805372529144
1 0.5452830188679245 0.5871768879878358 0.02490566037735853 0.02078053725291429
0 0.800377358490566 0.559047136340598 0.04603773584905657 0.031424227065382726
0 0.6052830188679246 0.5560060821084643 0.03924528301886798 0.02939685757729349
0 0.7105660377358491 0.5205271160669032 0.030943396226415065 0.04156107450582869
0 0.25169811320754715 0.5549923973644196 0.04000000000000001 0.03547896604156109
0 0.17547169811320754 0.5466294982260518 0.0430188679245283 0.022807906741003525
0 0.9143396226415095 0.5633552965027877 0.04603773584905657 0.026862645717182
0 0.6766037735849058 0.5425747592498733 0.04603773584905657 0.026862645717181888
1 0.7377358490566037 0.27040040547389765 0.026415094339622747 0.020780537252914344
