1 0.04166666666666667 0.43458371454711797 0.03888888888888889 0.04574565416285453
1 0.906060606060606 0.16834400731930466 0.03434343434343434 0.03293687099725526
1 0.9234848484848485 0.19213174748398903 0.02474747474747474 0.04757548032936873
1 0.6053030303030302 0.026989935956084173 0.03585858585858592 0.053979871912168347
1 0.011111111111111112 0.19762122598353155 0.022222222222222223 0.05855443732845381
1 0.908080808080808 0.21271729185727356 0.025252525252525193 0.05215004574565418
1 0.6095959595959596 0.7891125343092407 0.036363636363636376 0.057639524245196694
1 0.8727272727272728 0.019670631290027447 0.04040404040404033 0.039341262580054895
1 0.9767676767676767 0.01555352241537054 0.04040404040404033 0.03110704483074108
1 0.014393939393939395 0.16834400731930466 0.02878787878787879 0.0494053064958829
