0 0.9566037735849057 0.5278763304612266 0.02490566037735853 0.01875316776482505
1 0.5822641509433962 0.36847440446021285 0.023396226415094423 0.021287379624936598
4 0.828679245283019 0.5694374049670552 0.046792452830188735 0.022807906741003525
0 0.47735849056603774 0.5405473897617841 0.03547169811320755 0.018753167764825163
0 0.429433962264151 0.5486568677141409 0.031698113207547174 0.018753167764825163
0 0.3581132075471698 0.5560060821084643 0.027924528301886797 0.025342118601115127
0 0.18716981132075472 0.5519513431322859 0.036226415094339603 0.03345159655347185
1 0.2071698113207547 0.4163710086163203 0.026415094339622636 0.028890015205271125
1 0.7286792452830189 0.3933096806893056 0.02490566037735853 0.03750633552965027
0 0.6275471698113207 0.5894576786619361 0.02490566037735853 0.02939685757729349
