1 0.6018867924528302 0.34972123669538774 0.023396226415094312 0.021287379624936653
4 0.9607547169811321 0.5613279270146985 0.046792452830188735 0.022807906741003525
0 0.8815094339622642 0.5413076533198176 0.03622641509433955 0.03345159655347185
0 0.5826415094339623 0.5382665990876837 0.03622641509433955 0.02331474911302589
1 0.1641509433962264 0.3329954384186518 0.026415094339622636 0.02939685757729349
1 0.9781132075471698 0.39533705017739484 0.015094339622641506 0.03750633552965027
1 0.8128301886792453 0.7425240750126711 0.024150943396226365 0.027369488089204252
0 0.9188679245283019 0.5894576786619361 0.02490566037735853 0.02939685757729349
0 0.5871698113207547 0.5560060821084643 0.03622641509433966 0.025342118601115127
0 0.6445283018867924 0.567410035478966 0.03169811320754712 0.026862645717182
1 0.919622641509434 0.38291941206284846 0.026415094339622636 0.024835276229092762
