0 0.8920754716981132 0.5415610745058287 0.03471698113207544 0.05423213380638625
0 0.6747169811320755 0.5395337050177395 0.03924528301886787 0.05423213380638625
0 0.18075471698113207 0.4163710086163203 0.03999999999999998 0.046122655854029415
1 0.450188679245283 0.3912823112012164 0.026415094339622636 0.04156107450582869
1 0.5532075471698114 0.3811454637607704 0.028679245283018906 0.03345159655347185
0 0.3120754716981132 0.49873289406994425 0.050566037735849056 0.04764318297009629
0 0.8037735849056604 0.553978712620375 0.0437735849056603 0.04561581348200716
0 0.27962264150943394 0.5342118601115053 0.03999999999999998 0.04764318297009629
0 0.03547169811320755 0.5476431829700963 0.04981132075471698 0.05017739483020778
0 0.25660377358490566 0.5509376583882413 0.030188679245283012 0.03547896604156109
1 0.3664150943396226 0.4318297009630005 0.027924528301886797 0.03547896604156109
