1 0.04772727272727273 0.4341262580054895 0.03787878787878787 0.03934126258005488
1 0.904040404040404 0.17017383348581883 0.030303030303030387 0.03293687099725526
1 0.9227272727272727 0.18892955169258918 0.02323232323232327 0.04117108874656908
0 0.9025252525252525 0.3389752973467521 0.036363636363636376 0.05397987191216835
1 0.8886363636363637 0.5370539798719122 0.02474747474747474 0.04574565416285448
1 0.2957070707070707 0.013266239707227814 0.04191919191919191 0.026532479414455627
1 0.08308080808080809 0.6505032021957914 0.035858585858585854 0.04757548032936865
0 0.33232323232323235 0.14409881061299176 0.03737373737373734 0.03568161024702654
1 0.9088383838383838 0.20677035681610245 0.023737373737373724 0.040256175663311994
1 0.6517676767676768 0.6660567246111619 0.031818181818181746 0.042086001829826136
1 0.533080808080808 0.04528819762122599 0.04191919191919191 0.03751143641354072
1 0.6797979797979798 0.04574565416285453 0.04040404040404033 0.029277218664226896
1 0.6810606060606061 0.08417200365965233 0.04292929292929293 0.04391582799634035
