1 0.2973584905660377 0.42802838317283326 0.031698113207547174 0.052204764318297014
1 0.23433962264150943 0.40598073998986317 0.027924528301886797 0.03750633552965027
1 0.9135849056603773 0.48200709579320833 0.027924528301886853 0.04358844399391787
1 0.8766037735849057 0.5017739483020781 0.023396226415094312 0.045615813482007106
0 0.5030188679245283 0.45691839837810444 0.03698113207547166 0.048150025342118596
1 0.35094339622641507 0.4485554992397365 0.030188679245283012 0.04358844399391787
1 0.06981132075471698 0.3517486061834769 0.020377358490566037 0.03345159655347191
1 0.21358490566037736 0.42574759249873284 0.036226415094339603 0.051697921946274705
1 0.20226415094339623 0.44576786619361375 0.030188679245283012 0.054232133806386196
0 0.4637735849056604 0.5423213380638621 0.04150943396226414 0.043588443993917925
0 0.29471698113207545 0.545615813482007 0.03999999999999998 0.04206791687785094
