1 0.045454545454545456 0.43504117108874657 0.033333333333333326 0.04117108874656905
1 0.904040404040404 0.17017383348581883 0.025252525252525193 0.03293687099725526
1 0.9227272727272727 0.1889295516925892 0.021212121212121238 0.03751143641354071
0 0.6916666666666667 0.19121683440073195 0.050000000000000044 0.06221408966148215
1 0.942929292929293 0.4464775846294602 0.025252525252525304 0.03110704483074106
1 0.1553030303030303 0.26806953339432754 0.04999999999999999 0.042086001829826164
1 0.15757575757575756 0.20356816102470265 0.051515151515151514 0.05032021957913996
1 0.9290404040404041 0.3494967978042086 0.019696969696969657 0.04574565416285453
1 0.9065656565656566 0.20539798719121682 0.022222222222222143 0.03751143641354071
1 0.7247474747474747 0.41537053979871913 0.036363636363636265 0.06038426349496795
1 0.19646464646464645 0.056724611161939616 0.037373737373737365 0.04391582799634035
1 0.3664141414141414 0.08096980786825252 0.03888888888888886 0.04117108874656908
1 0.3664141414141414 0.11207685269899359 0.04191919191919191 0.03751143641354071
