1 0.6329824561403509 0.24961986822098325 0.011228070175438587 0.016725798276735898
0 0.5010526315789474 0.3175367460719716 0.028070175438596467 0.026862645717181943
0 0.5171929824561403 0.41434363912823113 0.026666666666666727 0.024835276229092762
1 0.8203508771929824 0.33628991383679674 0.019649122807017583 0.026862645717181943
1 0.22807017543859648 0.4351241763811454 0.023859649122806997 0.020780537252914344
1 0.6835087719298245 0.08616320324379118 0.01824561403508762 0.02331474911302585
0 0.4670175438596491 0.8322351748606183 0.020350877192982453 0.03953370501773945
1 0.3157894736842105 0.732133806386214 0.015438596491228085 0.022807906741003525
1 0.3564912280701754 0.018499746578813987 0.02526315789473682 0.020780537252914344
0 0.34350877192982454 0.5600608210846427 0.0231578947368421 0.037506335529650214
0 0.40596491228070175 0.7349214394323366 0.03157894736842104 0.037506335529650325
0 0.4754385964912281 0.7612772427774962 0.017543859649122806 0.03547896604156109
0 0.6529824561403508 0.48732894069944244 0.03157894736842104 0.020780537252914344
0 0.5933333333333333 0.6300050684237202 0.03157894736842104 0.03547896604156098
0 0.5129824561403509 0.6601621895590472 0.0378947368421052 0.0329447541814496
0 0.3866666666666667 0.9029396857577293 0.02105263157894738 0.03091738469336036
1 0.552280701754386 0.8403446528129752 0.014035087719298178 0.02331474911302578
1 0.33228070175438595 0.9009123162696402 0.01473684210526316 0.01875316776482505
1 0.08982456140350878 0.5603142422706539 0.030877192982456128 0.0207805372529144
1 0.6210526315789473 0.22883933096806894 0.012631578947368438 0.024835276229092762
1 0.6635087719298245 0.22883933096806894 0.018947368421052713 0.020780537252914344
1 0.6554385964912282 0.3550430816016219 0.01684210526315788 0.026862645717182
1 0.6329824561403509 0.3966041561074506 0.011228070175438587 0.03091738469336036
1 0.08982456140350878 0.5851495184997466 0.022456140350877188 0.024835276229092762
3 0.5087719298245614 0.7435377597567157 0.02385964912280697 0.04156107450582869
1 0.32947368421052636 0.35200202736948805 0.0231578947368421 0.020780537252914344
0 0.6491228070175439 0.461226558540294 0.03508771929824561 0.027369488089204252
