1 0.6329824561403509 0.24961986822098325 0.011228070175438587 0.016725798276735898
0 0.3933333333333333 0.8684744044602128 0.025964912280701746 0.024835276229092762
1 0.46631578947368424 0.3986315255955398 0.02175438596491225 0.018753167764825107
1 0.6821052631578948 0.2549417131272174 0.01824561403508773 0.023314749113025862
0 0.8803508771929824 0.5499239736441967 0.03578947368421059 0.037506335529650325
1 0.6849122807017544 0.5570197668525089 0.01543859649122803 0.02331474911302589
1 0.6189473684210527 0.05195134313228586 0.025263157894736765 0.020780537252914344
0 0.1782456140350877 0.4186517992904207 0.023859649122806997 0.037506335529650325
0 0.5364912280701755 0.36340598073998986 0.01754385964912286 0.03547896604156109
0 0.3508771929824561 0.5666497719209326 0.030877192982456114 0.037506335529650325
0 0.56 0.41535732387227575 0.023859649122807025 0.026862645717181943
1 0.667719298245614 0.6239229599594526 0.010526315789473717 0.03547896604156109
0 0.47333333333333333 0.7901672579827673 0.013333333333333308 0.03547896604156109
1 0.33087719298245616 0.829954384186518 0.01473684210526316 0.018753167764825163
1 0.2947368421052632 0.6860111505321845 0.029473684210526263 0.018753167764825163
1 0.6435087719298245 0.2331474911302585 0.012631578947368438 0.025342118601115043
1 0.5691228070175438 0.2351748606183477 0.019649122807017583 0.021287379624936653
1 0.8947368421052632 0.3986315255955398 0.01543859649122803 0.026862645717181943
0 0.15649122807017546 0.5902179422199696 0.028070175438596495 0.022807906741003636
0 0.10526315789473684 0.5800810947795236 0.025263157894736835 0.022807906741003525
0 0.7066666666666667 0.48302078053725295 0.03368421052631576 0.02534211860111507
1 0.5543859649122806 0.18930562595032946 0.01543859649122814 0.028890015205271152
1 0.29403508771929826 0.6986822098327421 0.022456140350877174 0.022807906741003525
3 0.5294736842105263 0.6725798276735935 0.023157894736842044 0.04156107450582869
1 0.5614035087719298 0.2516472377090725 0.023859649122807025 0.020780537252914316
0 0.3157894736842105 0.5737455651292448 0.01824561403508773 0.03547896604156109
0 0.6175438596491228 0.5686771414090218 0.025263157894736876 0.037506335529650325
0 0.3607017543859649 0.720476431829701 0.03087719298245617 0.028890015205271236
