1 0.6140350877192982 0.2290927521540801 0.023859649122807025 0.03345159655347188
1 0.6294736842105264 0.24455144450076027 0.012631578947368438 0.018753167764825163
0 0.5143859649122807 0.7341611758743031 0.01824561403508773 0.026862645717181888
1 0.2796491228070176 0.6621895590471363 0.028771929824561393 0.05423213380638614
0 0.47789473684210526 0.7382159148504814 0.01824561403508773 0.026862645717182
0 0.5473684210526315 0.6373542828180436 0.021052631578947323 0.028890015205271236
0 0.4898245614035088 0.8091738469336036 0.01403508771929829 0.026862645717182
0 0.503859649122807 0.6371008616320324 0.022456140350877174 0.03345159655347196
0 0.38912280701754387 0.8580841358337556 0.028771929824561393 0.037506335529650214
0 0.36 0.6165737455651292 0.02105263157894738 0.024835276229092762
0 0.423859649122807 0.3413583375570198 0.03508771929824561 0.0329447541814496
0 0.7150877192982457 0.40091231626964013 0.03087719298245617 0.03547896604156109
0 0.7989473684210526 0.3841865179929042 0.025964912280701746 0.031424227065382615
0 0.8849122807017544 0.5392802838317283 0.02947368421052632 0.03345159655347185
1 0.4754385964912281 0.8205778003041054 0.0231578947368421 0.03345159655347185
0 0.47333333333333333 0.8892549417131272 0.0189473684210526 0.028890015205271125
0 0.5052631578947369 0.9591991890522048 0.022456140350877174 0.03091738469336036
1 0.7501754385964912 0.3446528129751647 0.023859649122807025 0.03953370501773951
3 0.5954385964912281 0.6122655854029397 0.052631578947368474 0.06690319310694381
1 0.6357894736842105 0.08819057273188038 0.028070175438596467 0.0476431829700963
0 0.9435087719298245 0.5549923973644197 0.03438596491228074 0.027369488089204252
