1 0.5796491228070175 0.22250380131779018 0.023859649122807025 0.03345159655347188
1 0.6087719298245614 0.23188038520020274 0.01754385964912286 0.022807906741003525
0 0.5129824561403509 0.7572225038013178 0.02947368421052632 0.03547896604156109
1 0.29333333333333333 0.3329954384186518 0.023859649122807025 0.02939685757729349
0 0.5157894736842106 0.29143436391282307 0.01824561403508773 0.02534211860111507
1 0.19894736842105262 0.40167257982767357 0.020350877192982453 0.024835276229092706
1 0.46421052631578946 0.7800304105423214 0.020350877192982453 0.031424227065382615
0 0.9178947368421053 0.4997465788139889 0.025263157894736765 0.04156107450582863
0 0.856140350877193 0.5486568677141409 0.01824561403508773 0.026862645717181888
0 0.38912280701754387 0.7924480486568677 0.025964912280701746 0.03091738469336036
0 0.94 0.4424733907754688 0.0301754385964913 0.03547896604156109
0 0.7592982456140351 0.5331981753674607 0.019649122807017583 0.029396857577293378
0 0.6814035087719298 0.5299036999493157 0.022456140350877174 0.03091738469336036
1 0.5628070175438596 0.2498732894069944 0.021052631578947434 0.03750633552965027
3 0.6747368421052632 0.5747592498732894 0.055438596491228065 0.0669031931069437
