1 0.54 0.14571718195641156 0.0189473684210526 0.024835276229092762
1 0.5698245614035088 0.2131272174353776 0.01543859649122803 0.022807906741003553
1 0.5536842105263158 0.2131272174353776 0.022456140350877174 0.018753167764825135
1 0.447719298245614 0.21642169285352256 0.012631578947368438 0.021287379624936653
1 0.34456140350877196 0.18322351748606183 0.018245614035087676 0.024835276229092762
1 0.54 0.9143436391282311 0.01614035087719301 0.025342118601115127
1 0.5536842105263158 0.8028383172833249 0.01684210526315788 0.02331474911302589
0 0.22245614035087719 0.6279776989356309 0.026666666666666672 0.027369488089204252
0 0.30666666666666664 0.6819564115560062 0.019649122807017527 0.026862645717182
0 0.3536842105263158 0.4391789153573239 0.02245614035087723 0.024835276229092706
0 0.3968421052631579 0.28003041054232136 0.024561403508771895 0.018753167764825107
1 0.6231578947368421 0.38190572731880384 0.01684210526315788 0.022807906741003525
0 0.49122807017543857 0.7767359351241764 0.016842105263157936 0.02483527622909265
0 0.5385964912280702 0.6444500760263558 0.0161403508771929 0.026862645717182
1 0.8017543859649123 0.40496705524581855 0.025964912280701746 0.031424227065382615
1 0.5452631578947369 0.20907247845919918 0.014035087719298178 0.022807906741003553
