1 0.7473684210526316 0.39863152559553977 0.026666666666666616 0.03091738469336036
0 0.5136842105263157 0.7612772427774962 0.028070175438596467 0.03953370501773956
1 0.5887719298245614 0.32057780030410543 0.01964912280701747 0.024835276229092762
1 0.5698245614035088 0.2131272174353776 0.01543859649122803 0.022807906741003553
1 0.5550877192982456 0.2110998479472884 0.022456140350877174 0.018753167764825163
1 0.6126315789473684 0.09553978712620376 0.012631578947368327 0.020780537252914344
1 0.5536842105263158 0.8028383172833249 0.01684210526315788 0.02331474911302589
1 0.3273684210526316 0.3590978205778003 0.01614035087719301 0.022807906741003525
1 0.4435087719298245 0.7404967055245819 0.026666666666666672 0.031424227065382726
0 0.4842105263157895 0.17460719716168271 0.01684210526315788 0.024835276229092762
0 0.4421052631578947 0.3329954384186518 0.023859649122807025 0.02939685757729349
0 0.516140350877193 0.42067916877850986 0.04140350877192983 0.04156107450582869
0 0.3940350877192983 0.43081601621895593 0.03578947368421054 0.03345159655347191
0 0.30105263157894735 0.3393309680689306 0.01684210526315788 0.024835276229092706
0 0.3357894736842105 0.7197161682716675 0.024561403508771895 0.03547896604156109
1 0.72 0.0446021287379625 0.023859649122807025 0.03953370501773949
0 0.7891228070175439 0.5058286872782565 0.025964912280701746 0.037506335529650325
4 0.9533333333333334 0.5580334515965535 0.054035087719298214 0.02939685757729349
1 0.5905263157894737 0.29878357830714647 0.025964912280701746 0.03091738469336036
1 0.64 0.4092752154080081 0.01403508771929829 0.022807906741003525
1 0.7452631578947368 0.05803345159655347 0.022456140350877174 0.02889001520527116
0 0.46912280701754383 0.9809934110491637 0.032982456140350835 0.028890015205271125
