1 0.04217171717171717 0.4336688014638609 0.03484848484848485 0.04391582799634036
1 0.904040404040404 0.17749313815187556 0.022222222222222254 0.06038426349496798
1 0.919949494949495 0.19121683440073195 0.020707070707070674 0.05855443732845381
1 0.5345959595959595 0.9441903019213175 0.03888888888888886 0.04757548032936865
1 0.5371212121212121 0.9766697163769442 0.03888888888888897 0.03751143641354071
1 0.4401515151515152 0.21957913998170175 0.03888888888888892 0.04757548032936873
1 0.4984848484848485 0.20677035681610248 0.0444444444444444 0.05672461116193961
1 0.6017676767676767 0.2182067703568161 0.03181818181818186 0.057639524245196694
1 0.9083333333333334 0.2108874656907594 0.02777777777777779 0.06495882891125343
1 0.06439393939393939 0.12946020128087832 0.05707070707070707 0.039341262580054895
1 0.058333333333333334 0.16010978956999083 0.049999999999999996 0.042086001829826164
