1 0.6294736842105263 0.08717688798783578 0.01543859649122803 0.02939685757729346
1 0.6287719298245614 0.028890015205271163 0.01403508771929829 0.021287379624936646
1 0.6456140350877193 0.027622909275215407 0.01403508771929829 0.018753167764825135
0 0.39614035087719296 0.20375063355296502 0.025964912280701746 0.03750633552965027
0 0.5607017543859649 0.2519006588950836 0.022456140350877174 0.03345159655347185
1 0.31999999999999995 0.6809427268119614 0.02105263157894738 0.024835276229092762
0 0.17614035087719299 0.5894576786619361 0.030877192982456142 0.037506335529650214
0 0.46771929824561403 0.8530157121135327 0.024561403508771895 0.03547896604156109
1 0.5421052631578948 0.7957425240750127 0.023157894736842044 0.03345159655347185
1 0.31999999999999995 0.8735428281804358 0.02105263157894738 0.01875316776482505
0 0.9224561403508772 0.5800810947795236 0.040000000000000036 0.026862645717182
1 0.5585964912280701 0.7090724784591992 0.023859649122807025 0.03547896604156109
1 0.7017543859649122 0.040293968575772936 0.021052631578947323 0.026862645717181957
1 0.6705263157894736 0.036239229599594525 0.01614035087719301 0.026862645717181954
1 0.5733333333333334 0.2100861632032438 0.01403508771929829 0.024835276229092734
1 0.5564912280701755 0.20501773948302077 0.028070175438596467 0.03091738469336039
1 0.3329824561403509 0.08819057273188038 0.0189473684210526 0.027369488089204252
