1 0.7712280701754386 0.06006082108464268 0.012631578947368327 0.02889001520527116
0 0.43228070175438593 0.8112012164216929 0.026666666666666672 0.034972123669538835
0 0.6785964912280702 0.2351748606183477 0.022456140350877174 0.03345159655347185
1 0.12385964912280703 0.5496705524581855 0.020350877192982467 0.024835276229092762
0 0.576140350877193 0.6186011150532185 0.025263157894736876 0.05017739483020778
1 0.23508771929824562 0.7007095793208312 0.02105263157894735 0.018753167764825163
1 0.5585964912280701 0.7090724784591992 0.023859649122807025 0.03547896604156109
0 0.1663157894736842 0.5935124176381146 0.03368421052631579 0.02939685757729349
1 0.5775438596491228 0.2080587937151546 0.01403508771929829 0.024835276229092762
1 0.5564912280701755 0.20197668525088697 0.019649122807017583 0.024835276229092762
1 0.3259649122807018 0.2633046122655854 0.016140350877192955 0.030917384693360334
1 0.5466666666666666 0.15078560567663457 0.01684210526315788 0.018753167764825135
0 0.6543859649122807 0.3550430816016219 0.03157894736842104 0.026862645717182
0 0.32456140350877194 0.7237709072478459 0.04421052631578948 0.03547896604156109
0 0.3898245614035088 0.7298530157121135 0.04421052631578948 0.031424227065382726
0 0.6378947368421053 0.5778003041054232 0.021052631578947323 0.043588443993917925
0 0.668421052631579 0.5694374049670552 0.03438596491228074 0.052204764318297014
0 0.45017543859649123 0.7308667004561581 0.03719298245614033 0.03345159655347185
