1 0.5768421052631579 0.20805879371515457 0.01824561403508773 0.03294475418144957
1 0.5585964912280701 0.20476431829700964 0.021052631578947323 0.03547896604156106
1 0.21087719298245614 0.40800810947795235 0.030175438596491244 0.049670552458185524
1 0.5898245614035087 0.2987835783071465 0.027368421052631597 0.048150025342118596
0 0.38912280701754387 0.654840344652813 0.0231578947368421 0.03953370501773945
0 0.8252631578947368 0.5549923973644196 0.02947368421052632 0.04764318297009629
0 0.7147368421052631 0.5600608210846427 0.04421052631578948 0.06690319310694381
0 0.7954385964912281 0.5653826659908768 0.038596491228070184 0.052204764318297014
0 0.4463157894736842 0.7706538266599088 0.040701754385964906 0.05423213380638625
0 0.3607017543859649 0.715408008109478 0.053333333333333344 0.05625950329447538
0 0.84 0.48302078053725295 0.04491228070175435 0.07095793208312218
1 0.5571929824561404 0.8205778003041053 0.0378947368421052 0.06284845413076534
0 0.5140350877192983 0.9009123162696402 0.04280701754385963 0.06436898124683232
0 0.5684210526315789 0.43613786112519004 0.0463157894736842 0.052204764318297014
