1 0.6975438596491228 0.06436898124683224 0.03508771929824561 0.041561074505828695
1 0.5754385964912281 0.20907247845919918 0.026666666666666616 0.048150025342118596
1 0.5607017543859649 0.21211353269133298 0.025263157894736876 0.054232133806386223
1 0.18982456140350878 0.5684237202230107 0.030175438596491216 0.05017739483020789
1 0.7614035087719299 0.3862138874809934 0.02947368421052632 0.051697921946274705
0 0.13017543859649122 0.45615813482007095 0.044210526315789464 0.07095793208312218
1 0.56 0.7787633046122655 0.037894736842105314 0.06234161175874309
0 0.4592982456140351 0.18322351748606186 0.047017543859649125 0.050177394830207805
0 0.523859649122807 0.33628991383679674 0.04280701754385974 0.06436898124683227
0 0.35333333333333333 0.5425747592498733 0.040000000000000036 0.06436898124683221
0 0.3968421052631579 0.6424227065382666 0.04421052631578948 0.05625950329447549
0 0.5814035087719298 0.5947795235681703 0.038596491228070184 0.05625950329447538
0 0.36912280701754385 0.7787633046122655 0.053333333333333344 0.06234161175874309
0 0.5136842105263157 0.7047643182970096 0.039298245614035054 0.06031424227065385
0 0.5101754385964912 0.7622909275215408 0.037894736842105314 0.06284845413076534
0 0.4905263157894737 0.9153573238722756 0.04350877192982461 0.06487582361885458
0 0.604561403508772 0.6018753167764825 0.03719298245614033 0.062341611758742976
0 0.06842105263157895 0.584135833755702 0.025964912280701753 0.026862645717181888
