1 0.5933333333333333 0.17663456664977192 0.020350877192982453 0.020780537252914344
1 0.5733333333333333 0.21439432336543335 0.019649122807017583 0.02939685757729346
1 0.7059649122807017 0.3517486061834769 0.021052631578947323 0.03750633552965027
0 0.5073684210526316 0.8205778003041054 0.02385964912280697 0.03345159655347185
0 0.5336842105263158 0.6071971616827166 0.020350877192982453 0.031424227065382615
1 0.5614035087719298 0.20096300050684235 0.01824561403508773 0.022807906741003553
0 0.47964912280701755 0.8226051697921946 0.03157894736842104 0.04156107450582869
1 0.28912280701754384 0.7328940699442473 0.02947368421052632 0.037506335529650325
1 0.9726315789473685 0.4247339077546883 0.023859649122807025 0.03345159655347185
0 0.36 0.32691332995438416 0.026666666666666672 0.045615813482007106
0 0.887719298245614 0.5549923973644196 0.021052631578947434 0.03547896604156109
0 0.6414035087719299 0.5965534718702483 0.025263157894736765 0.027369488089204252
0 0.46421052631578946 0.6882919412062849 0.025964912280701746 0.027369488089204252
0 0.5094736842105263 0.9183983781044096 0.03368421052631576 0.037506335529650214
0 0.3273684210526316 0.759249873289407 0.01614035087719301 0.03547896604156109
