1 0.5733333333333334 0.20805879371515457 0.025263157894736876 0.04612265585402939
1 0.547719298245614 0.9298023314749113 0.03719298245614033 0.052204764318297014
0 0.5828070175438596 0.24353775975671565 0.038596491228070184 0.058286872782564614
1 0.5421052631578948 0.11758743030917385 0.023157894736842044 0.035478966041561075
1 0.5550877192982455 0.32691332995438416 0.028070175438596467 0.03750633552965027
1 0.4343859649122807 0.3403446528129752 0.03087719298245617 0.048150025342118596
0 0.5301754385964912 0.3601115053218449 0.03298245614035089 0.05017739483020783
0 0.6449122807017544 0.3340091231626964 0.03508771929824561 0.04358844399391787
0 0.776842105263158 0.5516979219462748 0.03508771929824561 0.05017739483020789
0 0.503859649122807 0.8735428281804359 0.03368421052631576 0.052204764318297014
1 0.667719298245614 0.24151039026862645 0.03017543859649119 0.054232133806386196
1 0.5614035087719298 0.18525088697415104 0.023859649122807025 0.02889001520527118
1 0.3196491228070175 0.9069944247339078 0.03999999999999998 0.052204764318297014
