1 0.48631578947368426 0.22478459199189055 0.029473684210526374 0.050177394830207805
1 0.5557894736842106 0.7736948808920425 0.037894736842105314 0.052204764318297014
0 0.5578947368421052 0.2704004054738976 0.039298245614035054 0.058286872782564586
0 0.6150877192982456 0.4559047136340598 0.04701754385964907 0.058286872782564614
0 0.4705263157894737 0.41535732387227575 0.038596491228070184 0.048150025342118596
1 0.6364912280701754 0.21439432336543335 0.023859649122806914 0.03750633552965027
1 0.3080701754385965 0.3436391282311201 0.028070175438596467 0.03750633552965027
1 0.021754385964912283 0.4799797263051191 0.030877192982456142 0.04764318297009629
0 0.6529824561403509 0.1839837810440953 0.03438596491228063 0.0435884439939179
0 0.48912280701754385 0.023821591485048147 0.032280701754385965 0.03953370501773948
1 0.7231578947368421 0.07678661936137861 0.03017543859649119 0.05423213380638622
1 0.5557894736842106 0.08210846426761277 0.037894736842105314 0.04358844399391789
0 0.5203508771929825 0.685250886974151 0.03298245614035089 0.04561581348200705
