4 0.37684210526315787 0.4163710086163203 0.046315789473684255 0.12113532691332995
1 0.16982456140350877 0.6122655854029397 0.01824561403508773 0.02939685757729349
1 0.3431578947368421 0.8945767866193615 0.01543859649122803 0.027369488089204252
1 0.6656140350877193 0.35580334515965534 0.020350877192982453 0.03345159655347185
1 0.34350877192982454 0.7133806386213888 0.0231578947368421 0.026862645717182
5 0.37649122807017543 0.41003547896604153 0.04842105263157892 0.07906741003547896
1 0.5480701754385965 0.8621388748099341 0.01964912280701747 0.029396857577293378
0 0.5245614035087719 0.6725798276735935 0.021754385964912304 0.037506335529650214
0 0.5592982456140352 0.5433350228079068 0.03087719298245617 0.04156107450582869
0 0.7803508771929825 0.5423213380638621 0.022456140350877174 0.043588443993917925
1 0.647719298245614 0.3715154586923467 0.021052631578947434 0.027369488089204252
1 0.5329824561403509 0.0466294982260517 0.0161403508771929 0.02331474911302585
1 0.6754385964912282 0.044602128737962494 0.020350877192982453 0.035478966041561075
0 0.5435087719298246 0.3132285859097821 0.023157894736842155 0.04358844399391787
0 0.512280701754386 0.3258996452103396 0.028070175438596467 0.03953370501773945
0 0.4926315789473684 0.28079067410035474 0.03368421052631576 0.03750633552965027
