0 0.4764912280701754 0.934363912823112 0.012631578947368383 0.018753167764825163
0 0.5031578947368421 0.9039533705017739 0.015438596491228085 0.024835276229092762
1 0.6077192982456141 0.6186011150532185 0.014035087719298178 0.028890015205271125
1 0.4456140350877193 0.34237202230106434 0.019649122807017583 0.026862645717181943
0 0.3621052631578947 0.32260516979219467 0.019649122807017527 0.02889001520527118
0 0.4526315789473684 0.31626964014191583 0.019649122807017527 0.03345159655347191
1 0.8771929824561404 0.4227065382665991 0.01684210526315788 0.02939685757729349
1 0.5385964912280702 0.8580841358337556 0.0189473684210526 0.02939685757729349
5 0.41789473684210526 0.8373035985808414 0.04701754385964907 0.0790674100354789
0 0.5010526315789474 0.769386720729853 0.01684210526315788 0.031424227065382615
1 0.5508771929824561 0.7787633046122655 0.019649122807017583 0.024835276229092762
0 0.4105263157894737 0.7351748606183477 0.01403508771929829 0.0207805372529144
0 0.4926315789473684 0.09047136340598075 0.019649122807017527 0.026862645717181957
0 0.5494736842105263 0.10821084642676128 0.019649122807017583 0.020780537252914344
1 0.4119298245614035 0.3580841358337557 0.016842105263157936 0.024835276229092762
1 0.7803508771929825 0.06436898124683224 0.01403508771929829 0.025342118601115057
1 0.7487719298245614 0.052965027876330464 0.01543859649122803 0.02686264571718195
1 0.4357894736842105 0.020527116066903193 0.014035087719298234 0.02889001520527116
0 0.6094736842105263 0.09756715661429297 0.0189473684210526 0.028890015205271166
0 0.5677192982456141 0.11429295489102889 0.01403508771929829 0.028890015205271166
0 0.5831578947368421 0.2351748606183477 0.01403508771929829 0.02939685757729346
1 0.5954385964912281 0.015458692346680184 0.0189473684210526 0.02280790674100355
