1 0.6821052631578948 0.10998479472883935 0.02947368421052632 0.037506335529650284
0 0.5217543859649123 0.41434363912823113 0.038596491228070184 0.054232133806386196
0 0.532280701754386 0.34769386720729856 0.03157894736842104 0.06284845413076529
2 0.5526315789473684 0.2579827673593512 0.038596491228070184 0.045615813482007106
1 0.8087719298245615 0.3601115053218449 0.039999999999999925 0.054232133806386196
1 0.8428070175438596 0.3309680689305626 0.04210526315789476 0.04156107450582869
0 0.37684210526315787 0.7278256462240243 0.04350877192982455 0.06487582361885447
1 0.22947368421052633 0.38950836289913837 0.04070175438596493 0.05423213380638625
0 0.5726315789473684 0.2412569690826153 0.02947368421052632 0.0375063355296503
1 0.723859649122807 0.03725291434363913 0.040000000000000036 0.0461226558540294
0 0.1975438596491228 0.41738469336036493 0.03719298245614036 0.052204764318297014
0 0.6336842105263158 0.21642169285352256 0.026666666666666727 0.03750633552965027
1 0.6719298245614035 0.3611251900658895 0.03017543859649119 0.048150025342118596
1 0.7336842105263157 0.3902686264571718 0.03438596491228074 0.03953370501773945
