1 0.6494736842105263 0.21642169285352256 0.03578947368421059 0.049670552458185524
0 0.018596491228070177 0.5020273694880892 0.037192982456140354 0.05423213380638625
2 0.19543859649122808 0.40598073998986317 0.038596491228070184 0.045615813482007106
1 0.8329824561403509 0.3028383172833249 0.039298245614035054 0.026862645717182
1 0.8508771929824561 0.3238722757222504 0.041403508771929776 0.03547896604156103
0 0.023859649122807018 0.46122655854029393 0.043508771929824566 0.06487582361885452
1 0.15859649122807018 0.44348707551951344 0.040701754385964906 0.05372529143436389
0 0.5817543859649122 0.23948302078053726 0.03368421052631576 0.05017739483020783
1 0.7726315789473684 0.05803345159655347 0.040701754385964906 0.050177394830207805
0 0.14912280701754388 0.44678155093765837 0.03719298245614036 0.052204764318297014
0 0.651578947368421 0.19868220983274204 0.03719298245614033 0.0435884439939179
1 0.7614035087719297 0.05904713634059808 0.037894736842105314 0.0481500253421186
1 0.45999999999999996 0.31120121642169285 0.034385964912280687 0.051697921946274705
0 0.6550877192982456 0.5516979219462748 0.038596491228070184 0.05423213380638614
0 0.5024561403508772 0.8748099341104916 0.03368421052631576 0.04561581348200716
1 0.43508771929824563 0.28611251900658896 0.0463157894736842 0.048150025342118596
0 0.23789473684210527 0.43005575266092244 0.03508771929824561 0.05625950329447543
1 0.5529824561403509 0.9351241763811455 0.026666666666666727 0.04156107450582869
0 0.3656140350877193 0.5184997465788139 0.03789473684210526 0.06284845413076534
0 0.36 0.5560060821084643 0.04350877192982455 0.05879371515458698
