1 0.7407017543859649 0.35909782057780026 0.01754385964912275 0.026862645717181943
0 0.6628070175438596 0.23188038520020274 0.02877192982456145 0.022807906741003525
0 0.5529824561403509 0.4863152559553979 0.01543859649122803 0.026862645717182
0 0.1287719298245614 0.4381652306132793 0.024561403508771937 0.022807906741003525
0 0.667719298245614 0.4809934110491637 0.024561403508772006 0.025342118601115016
1 0.6301754385964913 0.22807906741003547 0.028070175438596467 0.03953370501773948
1 0.6607017543859649 0.17992904206791688 0.0189473684210526 0.023314749113025834
1 0.23789473684210527 0.3862138874809934 0.01824561403508773 0.027369488089204252
0 0.5059649122807017 0.32057780030410543 0.01543859649122803 0.028890015205271125
1 0.33789473684210525 0.06842372022301065 0.017543859649122806 0.02939685757729346
0 0.583859649122807 0.1434363912823112 0.026666666666666727 0.03345159655347185
1 0.56 0.7653319817536746 0.01543859649122814 0.027369488089204252
1 0.33017543859649123 0.8998986315255955 0.021754385964912304 0.02078053725291429
1 0.3508771929824561 0.8175367460719716 0.019649122807017527 0.027369488089204252
