0 0.4828070175438597 0.8142422706538266 0.02245614035087723 0.028890015205271236
0 0.5273684210526316 0.6507856056766346 0.0189473684210526 0.03953370501773956
0 0.5691228070175438 0.6320324379118094 0.01684210526315788 0.04764318297009629
0 0.54 0.4488089204257476 0.0189473684210526 0.052204764318297014
2 0.5947368421052632 0.5486568677141409 0.01754385964912275 0.022807906741003636
1 0.4849122807017544 0.3319817536746072 0.01824561403508773 0.027369488089204252
0 0.5407017543859649 0.20096300050684235 0.025964912280701746 0.018753167764825135
0 0.5684210526315789 0.06208819057273188 0.01824561403508773 0.024835276229092755
0 0.5705263157894737 0.2217435377597567 0.025263157894736876 0.022807906741003553
0 0.2470175438596491 0.3621388748099341 0.02526315789473682 0.024835276229092762
1 0.6287719298245614 0.2361885453623923 0.01403508771929829 0.023314749113025862
1 0.6954385964912281 0.08616320324379118 0.01964912280701747 0.02331474911302585
1 0.6712280701754386 0.11556006082108464 0.023157894736842044 0.03953370501773949
1 0.4108771929824562 0.8623922959959454 0.027368421052631542 0.024835276229092762
1 0.09263157894736843 0.46756208819057277 0.016842105263157894 0.026862645717181943
1 0.56 0.7653319817536746 0.01543859649122814 0.027369488089204252
1 0.33017543859649123 0.8998986315255955 0.021754385964912304 0.02078053725291429
1 0.5996491228070175 0.685250886974151 0.0161403508771929 0.029396857577293378
1 0.4126315789473684 0.87886467308667 0.01824561403508773 0.025342118601115127
1 0.5940350877192982 0.5476431829700963 0.0161403508771929 0.024835276229092762
