1 0.23649122807017545 0.39254941713127217 0.026666666666666672 0.018753167764825163
0 0.5224561403508772 0.1695387734414597 0.023157894736842044 0.03091738469336036
0 0.5143859649122807 0.7164216928535225 0.01824561403508773 0.046122655854029415
0 0.11649122807017544 0.4873289406994425 0.0224561403508772 0.024835276229092762
0 0.5017543859649123 0.6206284845413077 0.03508771929824556 0.03294475418144949
1 0.6266666666666667 0.23948302078053724 0.021052631578947323 0.024835276229092734
1 0.7940350877192983 0.0435884439939179 0.027368421052631597 0.037506335529650284
1 0.7905263157894737 0.06335529650278764 0.023157894736842155 0.039533705017739486
0 0.8926315789473684 0.5007602635580335 0.03087719298245617 0.02331474911302578
0 0.504561403508772 0.7633046122655854 0.021052631578947323 0.03547896604156109
1 0.7115789473684211 0.46629498226051697 0.02947368421052632 0.03345159655347185
1 0.2442105263157895 0.6913329954384186 0.028070175438596495 0.025342118601115127
