0 0.5926315789473684 0.04891028890015205 0.04421052631578948 0.05625950329447542
0 0.14491228070175438 0.44754181449569186 0.04842105263157896 0.06690319310694376
0 0.14421052631578948 0.5466294982260517 0.04701754385964914 0.06842372022301069
1 0.5571929824561404 0.7516472377090724 0.02947368421052632 0.04156107450582869
0 0.7712280701754386 0.5486568677141409 0.04912280701754379 0.06436898124683221
0 0.49473684210526314 0.6289913836796757 0.04350877192982455 0.06690319310694381
1 0.5175438596491229 0.7716675114039533 0.04140350877192983 0.04409528636594018
0 0.5498245614035089 0.6738469336036492 0.04982456140350877 0.06031424227065385
0 0.7189473684210527 0.4893563101875317 0.04421052631578948 0.05828687278256467
0 0.21999999999999997 0.5653826659908768 0.051228070175438595 0.06031424227065374
0 0.3905263157894737 0.3058793715154587 0.045614035087719274 0.05017739483020778
1 0.3975438596491228 0.7070451089711101 0.04842105263157892 0.05169792194627465
0 0.49543859649122807 0.6768879878357831 0.04210526315789476 0.062341611758742976
1 0.6768421052631579 0.12468322351748606 0.03719298245614033 0.04156107450582869
1 0.5849122807017544 0.12062848454130765 0.03719298245614033 0.06284845413076533
0 0.5775438596491228 0.6132792701469842 0.04491228070175435 0.06487582361885458
0 0.5670175438596492 0.25392802838317285 0.03228070175438591 0.045615813482007106
