0 0.596140350877193 0.28205778003041054 0.02877192982456145 0.040040547389761816
1 0.5754385964912281 0.5433350228079068 0.026666666666666616 0.037506335529650214
1 0.7066666666666667 0.05271160669031931 0.022456140350877174 0.03547896604156108
1 0.7768421052631579 0.06436898124683224 0.02947368421052632 0.03750633552965028
1 0.2245614035087719 0.40192600101368475 0.028070175438596495 0.03345159655347185
0 0.43087719298245614 0.7227572225038013 0.0463157894736842 0.04561581348200716
0 0.46982456140350876 0.8996452103395844 0.020350877192982453 0.037506335529650214
0 0.5782456140350878 0.5288900152052711 0.037894736842105314 0.05017739483020778
1 0.7975438596491228 0.34161175874303096 0.025964912280701746 0.03750633552965027
0 0.5045614035087719 0.9498226051697922 0.029473684210526263 0.04561581348200705
0 0.4414035087719298 0.9029396857577294 0.02245614035087723 0.04409528636594018
0 0.4108771929824562 0.7947288393309682 0.02175438596491225 0.03953370501773945
0 0.7059649122807017 0.05068423720223011 0.0491228070175439 0.035478966041561075
1 0.5866666666666667 0.36948808920425746 0.023859649122806914 0.03953370501773951
1 0.8094736842105263 0.496705524581855 0.021754385964912304 0.031424227065382615
1 0.7452631578947368 0.34668018246325394 0.022456140350877174 0.03547896604156109
0 0.6119298245614035 0.2257982767359351 0.019649122807017583 0.03497212366953875
1 0.5919298245614035 0.2840851495184997 0.020350877192982453 0.026862645717181943
