0 0.45438596491228067 0.31829700963000507 0.03999999999999998 0.04156107450582869
0 0.5557894736842106 0.562341611758743 0.03508771929824561 0.05017739483020789
1 0.9287719298245614 0.35073492143943236 0.024561403508771895 0.027369488089204252
1 0.35578947368421054 0.22681196147997973 0.03508771929824561 0.050177394830207805
0 0.7421052631578947 0.6269640141915864 0.040000000000000036 0.04156107450582869
0 0.38491228070175443 0.7060314242270653 0.034385964912280687 0.04967055245818541
0 0.5684210526315789 0.08819057273188038 0.03508771929824561 0.0476431829700963
1 0.5635087719298246 0.3882412569690826 0.03368421052631587 0.03953370501773945
0 0.34771929824561404 0.7080587937151546 0.03438596491228074 0.049670552458185524
1 0.6796491228070175 0.017486061834769386 0.025964912280701746 0.030917384693360365
1 0.5607017543859649 0.15813482007095792 0.02807017543859658 0.02939685757729346
0 0.40385964912280703 0.0902179422199696 0.0189473684210526 0.035478966041561075
1 0.5642105263157895 0.2706538266599088 0.021052631578947434 0.02939685757729349
0 0.6870175438596491 0.24759249873289407 0.028070175438596467 0.028890015205271152
1 0.5585964912280701 0.21844906234161177 0.021052631578947323 0.02939685757729346
0 0.7835087719298246 0.5560060821084643 0.03438596491228074 0.02939685757729349
0 0.5087719298245614 0.7123669538773442 0.021052631578947323 0.05017739483020778
