0 0.5842105263157895 0.22351748606183475 0.03578947368421048 0.03953370501773948
1 0.5578947368421052 0.2579827673593512 0.025263157894736765 0.03750633552965027
0 0.42596491228070177 0.2412569690826153 0.022456140350877174 0.0375063355296503
1 0.5343859649122806 0.9257475924987328 0.01614035087719301 0.03091738469336036
1 0.5494736842105263 0.9257475924987328 0.01684210526315788 0.03091738469336036
1 0.7912280701754386 0.40395337050177393 0.0189473684210526 0.03750633552965027
1 0.7975438596491229 0.32488596046629503 0.023157894736842155 0.03750633552965027
1 0.7656140350877193 0.3912823112012164 0.021052631578947434 0.03345159655347185
0 0.376140350877193 0.6809427268119614 0.030877192982456114 0.05017739483020778
2 0.46912280701754383 0.3218449062341612 0.027368421052631542 0.03953370501773945
1 0.3705263157894737 0.038266599087683734 0.028070175438596523 0.04409528636594019
1 0.7259649122807017 0.40496705524581855 0.024561403508771895 0.03953370501773945
0 0.3252631578947368 0.33730359858084136 0.03719298245614039 0.046122655854029415
1 0.8785964912280702 0.42473390775468833 0.019649122807017583 0.03750633552965027
