0 0.6136842105263158 0.2382159148504815 0.03578947368421048 0.03953370501773945
1 0.7663157894736842 0.06031424227065383 0.025263157894736876 0.037506335529650284
1 0.5691228070175438 0.26862645717181954 0.019649122807017583 0.03750633552965027
1 0.5642105263157895 0.24353775975671565 0.021052631578947434 0.03294475418144957
0 0.3968421052631579 0.9206791687785099 0.030175438596491244 0.05017739483020778
0 0.6491228070175439 0.5734921439432337 0.03508771929824561 0.05625950329447549
1 0.5466666666666666 0.22807906741003547 0.025263157894736876 0.03953370501773948
0 0.5308771929824562 0.3560567663456665 0.03719298245614033 0.04612265585402936
1 0.6119298245614035 0.3289406994424734 0.019649122807017583 0.037506335529650325
1 0.3242105263157895 0.1956411556006082 0.018245614035087676 0.03345159655347185
