0 0.4905263157894737 0.6350734921439433 0.03789473684210526 0.037506335529650325
1 0.5378947368421052 0.82159148504815 0.01754385964912275 0.031424227065382615
1 0.5536842105263158 0.8423720223010644 0.022456140350877174 0.027369488089204252
1 0.5592982456140351 0.8155093765838825 0.01964912280701747 0.03547896604156109
1 0.6449122807017544 0.5248352762290928 0.021052631578947323 0.028890015205271125
1 0.6628070175438596 0.0727318803852002 0.01473684210526316 0.02889001520527116
1 0.6856140350877193 0.08084135833755701 0.019649122807017583 0.024835276229092748
0 0.5726315789473684 0.26659908768373036 0.026666666666666727 0.03345159655347185
1 0.5557894736842105 0.22453117080587937 0.02947368421052632 0.03750633552965027
1 0.5810526315789474 0.11429295489102889 0.026666666666666616 0.032944754181449556
0 0.5796491228070175 0.3132285859097821 0.03228070175438602 0.04358844399391787
0 0.5614035087719298 0.5600608210846427 0.026666666666666727 0.03345159655347196
1 0.5080701754385966 0.7207298530157121 0.019649122807017583 0.03345159655347185
1 0.26701754385964915 0.38317283324885965 0.017543859649122806 0.029396857577293434
1 0.24842105263157893 0.37911809427268117 0.019649122807017555 0.03750633552965027
1 0.6266666666666667 0.5245818550430816 0.021052631578947323 0.03345159655347185
0 0.7982456140350878 0.5048150025342119 0.04421052631578948 0.03953370501773951
0 0.8287719298245614 0.5164723770907248 0.022456140350877174 0.04156107450582863
