1 0.810566037735849 0.8182970096300051 0.019622641509433936 0.016725798276735926
1 0.5879245283018868 0.15585402939685758 0.015094339622641506 0.020780537252914344
0 0.2690566037735849 0.4946781550937658 0.038490566037735846 0.03547896604156103
0 0.1350943396226415 0.49239736441966553 0.037735849056603765 0.030917384693360417
0 0.13886792452830188 0.5443487075519513 0.05132075471698114 0.03547896604156109
0 0.2739622641509434 0.5385200202736948 0.05132075471698114 0.01875316776482505
0 0.2750943396226415 0.5704510897110999 0.040000000000000036 0.024835276229092762
1 0.8267924528301887 0.803091738469336 0.009811320754717023 0.018753167764825163
1 0.44867924528301883 0.5184997465788139 0.023396226415094368 0.025342118601115016
1 0.3932075471698113 0.9320831221490117 0.01811320754716983 0.02331474911302589
1 0.3366037735849057 0.8674607197161683 0.021132075471698097 0.022807906741003525
