1 0.2622641509433962 0.20932589964521034 0.030943396226415065 0.03547896604156109
1 0.25018867924528304 0.1996958945767866 0.02339622641509434 0.0375063355296503
1 0.24754716981132074 0.20197668525088697 0.037735849056603765 0.024835276229092762
0 0.4852830188679246 0.8748099341104916 0.031698113207547174 0.037506335529650214
1 0.41358490566037737 0.20096300050684238 0.033207547169811336 0.05625950329447543
0 0.21056603773584906 0.5007602635580335 0.033207547169811336 0.03953370501773945
0 0.03283018867924528 0.5091231626964015 0.05509433962264151 0.048150025342118596
1 0.5732075471698113 0.193613786112519 0.027924528301886853 0.04156107450582869
1 0.6075471698113208 0.8778509883426255 0.01811320754716983 0.027369488089204252
1 0.6286792452830189 0.8570704510897111 0.03622641509433966 0.043588443993917925
