1 0.08716981132075471 0.35707045108971114 0.024905660377358488 0.02280790674100358
1 0.07018867924528302 0.3464267612772428 0.019622641509433963 0.018753167764825107
1 0.05396226415094339 0.3352762290927521 0.024905660377358495 0.020780537252914344
1 0.39962264150943394 0.20070957932083122 0.03396226415094339 0.03953370501773951
0 0.38301886792452833 0.7328940699442473 0.0415094339622642 0.03345159655347185
0 0.2811320754716981 0.5486568677141409 0.04603773584905657 0.03091738469336036
0 0.5188679245283019 0.4850481500253421 0.04452830188679241 0.033451596553471796
0 0.6641509433962265 0.505068423720223 0.03471698113207544 0.026862645717182
0 0.03245283018867924 0.5154586923466802 0.03773584905660377 0.03547896604156109
1 0.5716981132075472 0.20932589964521034 0.02490566037735853 0.03547896604156109
1 0.08867924528301888 0.40293968575772937 0.027924528301886783 0.027369488089204252
1 0.6075471698113208 0.8778509883426255 0.01811320754716983 0.027369488089204252
1 0.629056603773585 0.8654333502280791 0.02490566037735842 0.026862645717182
