0 0.27863128491620115 0.17482517482517484 0.01955307262569833 0.02897102897102896
1 0.10893854748603352 0.7142857142857143 0.020949720670391067 0.02897102897102899
0 0.21298882681564246 0.42057942057942055 0.03491620111731844 0.028971028971028934
0 0.13233240223463688 0.481018981018981 0.034217877094972066 0.03296703296703296
0 0.3774441340782123 0.09665334665334666 0.027234636871508344 0.03946053946053946
1 0.2807262569832402 0.8069430569430569 0.023743016759776525 0.03546453546453543
1 0.07053072625698324 0.703046953046953 0.0335195530726257 0.03546453546453543
0 0.2660614525139665 0.49775224775224775 0.01955307262569833 0.029470529470529416
0 0.3648743016759777 0.18306693306693306 0.0244413407821229 0.029470529470529472
0 0.6759776536312849 0.7435064935064934 0.022346368715083775 0.029470529470529416
0 0.1358240223463687 0.6580919080919081 0.027234636871508372 0.041458541458541553
1 0.6752793296089385 0.40909090909090906 0.020949720670391025 0.026973026973027003
1 0.33868715083798884 0.15609390609390608 0.01955307262569833 0.029470529470529472
1 0.2988826815642458 0.18106893106893107 0.01815642458100558 0.029470529470529472
0 0.7178770949720671 0.631118881118881 0.025139664804469275 0.04145854145854144
0 0.7192737430167597 0.6695804195804196 0.025139664804469275 0.03146853146853146
1 0.5293296089385475 0.8081918081918082 0.029329608938547413 0.028971028971028878
0 0.24825418994413406 0.42057942057942055 0.03002793296089387 0.024975024975024962
1 0.1941340782122905 0.013486513486513486 0.01955307262569833 0.026973026973026972
0 0.664804469273743 0.6725774225774226 0.04469273743016755 0.04145854145854144
1 0.10335195530726257 0.6715784215784216 0.01536312849162011 0.03146853146853146
1 0.12395251396648045 0.6903096903096904 0.017458100558659234 0.03096903096903103
1 0.22835195530726257 0.27672327672327673 0.023743016759776525 0.02897102897102899
0 0.5272346368715084 0.8394105894105894 0.03631284916201116 0.029470529470529527
0 0.5342178770949721 0.5102397602397603 0.03351955307262566 0.03746253746253747
0 0.7318435754189944 0.5894105894105894 0.025139664804469275 0.02897102897102899
1 0.3456703910614525 0.8726273726273727 0.02234636871508383 0.02897102897102899
1 0.41201117318435754 0.260989010989011 0.025139664804469275 0.03546453546453546
1 0.9078212290502793 0.5894105894105894 0.025139664804469275 0.024975024975025018
0 0.6606145251396648 0.5851648351648351 0.025139664804469275 0.029470529470529416
1 0.29259776536312854 0.5079920079920079 0.01955307262569833 0.024975024975025018
1 0.38442737430167595 0.5404595404595405 0.024441340782122956 0.026973026973026948
0 0.9385474860335196 0.6236263736263736 0.025139664804469275 0.03546453546453554
