0 0.2496508379888268 0.34240759240759244 0.06354748603351956 0.05244755244755245
0 0.38442737430167595 0.07692307692307693 0.03840782122905023 0.04595404595404596
0 0.3509078212290503 0.08291708291708291 0.05516759776536312 0.07492507492507493
0 0.36277932960893855 0.23326673326673328 0.03701117318435754 0.04995004995004998
1 0.46368715083798884 0.9205794205794207 0.03631284916201116 0.04195804195804198
1 0.08798882681564246 0.5269730269730271 0.048882681564245814 0.049950049950049924
1 0.15782122905027934 0.5352147852147853 0.06424581005586591 0.03746253746253736
0 0.1386173184357542 0.5092407592407593 0.06634078212290502 0.06443556443556442
0 0.10789106145251397 0.510989010989011 0.0467877094972067 0.047952047952047994
1 0.2433659217877095 0.45704295704295705 0.0537709497206704 0.03996003996003994
0 0.734986033519553 0.6433566433566433 0.0761173184357542 0.04595404595404595
0 0.4441340782122905 0.7047952047952049 0.06424581005586594 0.047952047952047994
1 0.727304469273743 0.6808191808191808 0.07472067039106145 0.049950049950049924
1 0.07681564245810056 0.6413586413586414 0.057262569832402244 0.04595404595404595
1 0.25453910614525144 0.8568931068931069 0.03421787709497209 0.03946053946053951
1 0.08729050279329609 0.7027972027972028 0.05307262569832402 0.04395604395604402
0 0.08100558659217877 0.7622377622377623 0.054469273743016765 0.05794205794205787
0 0.21298882681564246 0.5509490509490509 0.06284916201117319 0.051948051948051854
2 0.6267458100558658 0.482017982017982 0.05935754189944131 0.04395604395604391
1 0.0691340782122905 0.5487012987012987 0.05865921787709497 0.043456543456543484
0 0.9539106145251397 0.6610889110889111 0.04189944134078216 0.0394605394605394
0 0.06843575418994413 0.7112887112887113 0.05726256983240224 0.051948051948051965
1 0.9629888268156424 0.5414585414585416 0.06284916201117319 0.03296703296703296
1 0.08729050279329609 0.08116883116883117 0.05027932960893855 0.037462537462537464
1 0.10649441340782123 0.046703296703296704 0.04399441340782123 0.03546453546453546
0 0.952513966480447 0.5684315684315684 0.06424581005586594 0.04195804195804198
1 0.1253491620111732 0.48426573426573427 0.050977653631284925 0.03946053946053946
1 0.057960893854748605 0.5267232767232768 0.058659217877094966 0.04145854145854144
0 0.39280726256983245 0.035214785214785216 0.0691340782122905 0.05444555444555445
1 0.4399441340782123 0.021728271728271728 0.03072625698324022 0.03946053946053946
0 0.5153631284916201 0.21953046953046954 0.026536312849162025 0.03946053946053946
1 0.47695530726256985 0.07692307692307693 0.02932960893854747 0.04195804195804196
1 0.28631284916201116 0.30394605394605395 0.054469273743016744 0.04145854145854144
1 0.2793296089385475 0.3456543456543456 0.03212290502793297 0.05394605394605395
1 0.7503491620111732 0.5174825174825175 0.02863128491620115 0.039960039960039995
