0 0.14490223463687152 0.49050949050949055 0.05935754189944134 0.05194805194805202
0 0.3498603351955307 0.38186813186813184 0.03910614525139666 0.06443556443556447
0 0.3753491620111732 0.2902097902097902 0.03701117318435754 0.047952047952047994
0 0.2412709497206704 0.6048951048951049 0.05796089385474862 0.06493506493506485
0 0.20949720670391062 0.6226273726273726 0.06424581005586594 0.07042957042957043
0 0.37395251396648044 0.7195304695304696 0.06494413407821231 0.056443556443556475
1 0.6592178770949721 0.7497502497502497 0.06145251396648044 0.04595404595404595
0 0.48114525139664804 0.9143356643356644 0.03212290502793291 0.058441558441558406
1 0.1634078212290503 0.5227272727272727 0.05307262569832402 0.04145854145854144
1 0.1878491620111732 0.4435564435564436 0.046089385474860356 0.04595404595404595
1 0.08798882681564246 0.3623876123876124 0.051675977653631286 0.0414585414585415
1 0.12185754189944134 0.35814185814185817 0.057960893854748605 0.041958041958041925
1 0.1337290502793296 0.46853146853146854 0.059357541899441355 0.04195804195804198
0 0.09217877094972067 0.6258741258741258 0.060055865921787716 0.051948051948051965
0 0.4196927374301676 0.24875124875124877 0.029329608938547524 0.0769230769230769
0 0.057960893854748605 0.6341158841158842 0.058659217877094966 0.06043956043956045
1 0.4546089385474861 0.4468031968031968 0.02932960893854747 0.03546453546453543
0 0.37115921787709494 0.3821178821178821 0.03421787709497209 0.04395604395604391
1 0.6508379888268156 0.5309690309690309 0.030726256983240274 0.028971028971028878
0 0.2081005586592179 0.804945054945055 0.04469273743016758 0.043456543456543484
1 0.3509078212290503 0.44255744255744256 0.05796089385474862 0.04395604395604391
0 0.42527932960893855 0.11013986013986013 0.04050279329608941 0.07542457542457541
0 0.5558659217877095 0.7934565434565435 0.07402234636871519 0.054445554445554434
0 0.30865921787709494 0.5214785214785215 0.07122905027932963 0.04795204795204794
1 0.07681564245810056 0.30894105894105894 0.03770949720670391 0.03946053946053946
0 0.5167597765363129 0.21953046953046954 0.026536312849162025 0.03946053946053946
1 0.47695530726256985 0.07692307692307693 0.02932960893854747 0.04195804195804196
0 0.20879888268156427 0.07792207792207792 0.06564245810055866 0.05194805194805195
1 0.19762569832402235 0.45079920079920077 0.06284916201117319 0.05244755244755245
1 0.1696927374301676 0.503996003996004 0.03212290502793297 0.053946053946053896
1 0.46019553072625696 0.4238261738261738 0.02932960893854747 0.03946053946053951
0 0.24406424581005587 0.3351648351648352 0.06075418994413406 0.05794205794205792
