1 0.7204545454545455 0.1756633119853614 0.02777777777777768 0.034766697163769456
1 0.6636363636363636 0.16193961573650503 0.025252525252525193 0.04574565416285453
1 0.3095959595959596 0.3517840805123513 0.022222222222222254 0.03751143641354071
1 0.22424242424242424 0.35407136322049404 0.029292929292929315 0.04574565416285453
1 0.8651515151515151 0.38929551692589204 0.030303030303030276 0.03751143641354071
0 0.9810606060606061 0.7712717291857274 0.034848484848484906 0.05672461116193961
1 0.43232323232323233 0.19533394327538883 0.03737373737373739 0.07959743824336687
1 0.4941919191919192 0.7058554437328454 0.03080808080808084 0.0503202195791399
1 0.4977272727272727 0.7264409881061299 0.026767676767676718 0.032936870997255285
1 0.5037878787878788 0.7442817932296432 0.027777777777777735 0.03934126258005488
1 0.4207070707070707 0.7296431838975297 0.033333333333333326 0.03568161024702654
1 0.723989898989899 0.15279048490393413 0.020707070707070674 0.03110704483074106
1 0.41792929292929293 0.6930466605672461 0.02777777777777779 0.03751143641354071
1 0.40606060606060607 0.6797804208600183 0.02323232323232327 0.034766697163769456
1 0.679040404040404 0.15050320219579139 0.02474747474747474 0.04300091491308325
1 0.681060606060606 0.11939615736505033 0.026767676767676774 0.03568161024702654
1 0.7393939393939394 0.12854528819762123 0.03232323232323231 0.037511436413540725
