0 0.06494413407821228 0.6318681318681318 0.04748603351955307 0.047952047952047994
0 0.05516759776536313 0.7195304695304696 0.06424581005586592 0.056443556443556475
0 0.4671787709497207 0.6998001998001998 0.06564245810055863 0.04595404595404595
0 0.884427374301676 0.6403596403596403 0.049581005586592175 0.03996003996003994
0 0.8753491620111732 0.6673326673326674 0.048184357541899425 0.047952047952047994
1 0.7967877094972067 0.5539460539460539 0.06983240223463683 0.04595404595404595
0 0.5412011173184357 0.5112387612387612 0.06983240223463694 0.05244755244755245
0 0.1162709497206704 0.5999000999000998 0.07472067039106146 0.04595404595404595
0 0.6092877094972067 0.6685814185814185 0.06913407821229045 0.058441558441558406
0 0.18226256983240224 0.36738261738261735 0.06284916201117319 0.05644355644355642
1 0.07541899441340782 0.3079420579420579 0.03491620111731844 0.04145854145854144
0 0.12395251396648044 0.7487512487512488 0.0621508379888268 0.04795204795204788
0 0.36557262569832405 0.4383116883116883 0.05097765363128487 0.06043956043956045
1 0.5108240223463687 0.21853146853146854 0.0244413407821229 0.03346653346653347
1 0.038407821229050274 0.5529470529470529 0.06983240223463687 0.051948051948051965
0 0.09217877094972067 0.7415084915084915 0.06564245810055866 0.06243756243756238
0 0.12884078212290503 0.7152847152847153 0.07192737430167596 0.05594405594405594
1 0.3994413407821229 0.3861138861138861 0.03351955307262566 0.030969030969030975
0 0.3613826815642458 0.2674825174825175 0.053770949720670425 0.06843156843156842
0 0.1539804469273743 0.4163336663336663 0.06354748603351956 0.06243756243756243
1 0.1092877094972067 0.580919080919081 0.057960893854748605 0.04195804195804198
1 0.08519553072625699 0.6446053946053946 0.06284916201117319 0.043456543456543484
1 0.9266759776536313 0.702047952047952 0.04050279329608941 0.03746253746253747
0 0.3620810055865922 0.1998001998001998 0.06354748603351956 0.06693306693306694
1 0.12604748603351956 0.5027472527472527 0.05796089385474859 0.035464535464535485
1 0.1581703910614525 0.4965034965034965 0.06913407821229049 0.047952047952047994
0 0.05935754189944134 0.6560939060939062 0.07262569832402235 0.058441558441558406
