0 0.191340782122905 0.7882117882117882 0.058659217877094966 0.051948051948051965
2 0.5384078212290503 0.6873126873126874 0.06983240223463683 0.049950049950049924
2 0.09078212290502793 0.5676823176823177 0.057262569832402244 0.03546453546453554
2 0.44134078212290506 0.5384615384615385 0.07262569832402238 0.047952047952047994
1 0.9909217877094971 0.5342157842157842 0.015363128491620137 0.03146853146853146
1 0.9909217877094971 0.5267232767232768 0.015363128491620137 0.04145854145854144
0 0.13512569832402235 0.41533466533466534 0.062150837988826826 0.056443556443556475
0 0.11696927374301677 0.7537462537462538 0.062150837988826826 0.049950049950049924
1 0.5314245810055865 0.22677322677322678 0.025139664804469275 0.03296703296703296
1 0.015013966480446927 0.532967032967033 0.030027932960893854 0.049950049950050035
0 0.08798882681564246 0.7519980019980019 0.06564245810055866 0.06243756243756249
1 0.4441340782122905 0.30069930069930073 0.03631284916201116 0.043956043956043966
1 0.2011173184357542 0.8071928071928072 0.039106145251396635 0.047952047952047994
1 0.12744413407821228 0.3174325674325674 0.038407821229050274 0.056443556443556475
1 0.21648044692737428 0.30394605394605395 0.039106145251396635 0.058441558441558406
0 0.11277932960893855 0.6123876123876124 0.04818435754189944 0.053946053946053896
0 0.19343575418994413 0.683066933066933 0.0488826815642458 0.04145854145854144
0 0.0356145251396648 0.6403596403596403 0.0446927374301676 0.047952047952047994
1 0.1717877094972067 0.7497502497502497 0.044692737430167606 0.04195804195804198
1 0.21787709497206703 0.7892107892107891 0.05307262569832402 0.049950049950049924
1 0.678072625698324 0.6278721278721279 0.04329608938547491 0.04795204795204788
0 0.702513966480447 0.6361138861138862 0.04189944134078216 0.06443556443556442
0 0.45810055865921784 0.5487012987012987 0.055865921787709494 0.0394605394605394
0 0.5544692737430168 0.683066933066933 0.05446927374301669 0.058441558441558406
0 0.2849162011173184 0.6715784215784215 0.06005586592178774 0.056443556443556475
1 0.6696927374301676 0.5831668331668332 0.04608938547486041 0.04145854145854144
1 0.7199720670391061 0.7362637362637363 0.04329608938547491 0.047952047952047994
1 0.2503491620111732 0.2842157842157842 0.050977653631284925 0.04795204795204794
1 0.12604748603351956 0.12987012987012986 0.04958100558659219 0.04395604395604395
1 0.16620111731843576 0.4672827172827173 0.05027932960893855 0.03946053946053946
1 0.8093575418994414 0.5434565434565435 0.04189944134078216 0.05794205794205798
1 0.1026536312849162 0.755994005994006 0.03910614525139665 0.054445554445554434
1 0.12465083798882681 0.7684815184815185 0.03282122905027933 0.054445554445554434
1 0.13023743016759776 0.4195804195804196 0.05237430167597766 0.047952047952047994
0 0.10998603351955308 0.577922077922078 0.042597765363128495 0.047952047952047994
0 0.5370111731843575 0.8561438561438561 0.04469273743016755 0.07092907092907086
