1 0.16410614525139666 0.477022977022977 0.04608938547486033 0.04995004995004998
1 0.20181564245810057 0.25074925074925075 0.04888268156424583 0.051948051948051965
0 0.19134078212290503 0.7767232767232768 0.03631284916201116 0.049950049950049924
1 0.21997206703910616 0.479020979020979 0.03491620111731844 0.06693306693306689
0 0.28910614525139666 0.32792207792207795 0.0488826815642458 0.05244755244755245
0 0.3795391061452514 0.887112887112887 0.048184357541899425 0.049950049950049924
0 0.44343575418994413 0.3246753246753247 0.0488826815642458 0.04195804195804198
0 0.2185754189944134 0.828921078921079 0.0488826815642458 0.05044955044955046
1 0.2988826815642458 0.8818681318681318 0.03491620111731841 0.0394605394605394
0 0.43226256983240224 0.1933066933066933 0.03491620111731841 0.07092907092907091
1 0.5824022346368716 0.7954545454545454 0.04329608938547491 0.06243756243756249
1 0.46019553072625696 0.8186813186813187 0.03491620111731847 0.049950049950049924
1 0.30027932960893855 0.03196803196803197 0.0488826815642458 0.04795204795204795
1 0.2363826815642458 0.2727272727272727 0.03421787709497204 0.045954045954045925
0 0.6267458100558659 0.6780719280719281 0.042597765363128426 0.06043956043956045
1 0.1564245810055866 0.8206793206793206 0.03910614525139666 0.049950049950049924
1 0.4863826815642458 0.07892107892107891 0.03421787709497209 0.07092907092907093
1 0.46298882681564246 0.17782217782217782 0.04050279329608941 0.04795204795204794
1 0.12465083798882681 0.7684815184815185 0.03282122905027933 0.054445554445554434
0 0.7199720670391061 0.6623376623376623 0.03491620111731841 0.053946053946053896
1 0.4884776536312849 0.011238761238761238 0.03561452513966473 0.022477522477522476
1 0.13023743016759776 0.47802197802197804 0.05237430167597766 0.047952047952047994
1 0.012918994413407821 0.5424575424575424 0.025837988826815643 0.047952047952047994
0 0.34916201117318435 0.4130869130869131 0.026536312849162025 0.047952047952047994
0 0.7524441340782123 0.5924075924075924 0.043994413407821176 0.05594405594405594
0 0.36906424581005587 0.36213786213786214 0.0272346368715084 0.049950049950049924
1 0.055865921787709494 0.753996003996004 0.034916201117318434 0.06643356643356646
0 0.5251396648044693 0.8311688311688312 0.034916201117318524 0.049950049950049924
0 0.3533519553072626 0.8548951048951049 0.03491620111731847 0.056443556443556364
