2 0.24406424581005587 0.557942057942058 0.0467877094972067 0.024975024975025018
0 0.9022346368715084 0.5799200799200799 0.05027932960893855 0.051948051948051965
1 0.051675977653631286 0.33316683316683315 0.03770949720670391 0.049950049950049924
1 0.11766759776536312 0.22677322677322678 0.03282122905027933 0.04995004995004998
1 0.19273743016759776 0.4143356643356644 0.04748603351955308 0.033466533466533444
0 0.2912011173184358 0.48301698301698304 0.03351955307262572 0.028971028971028934
2 0.2391759776536313 0.06943056943056944 0.04539106145251395 0.04795204795204795
0 0.24615921787709497 0.3841158841158841 0.03980446927374298 0.05594405594405594
1 0.08519553072625699 0.6268731268731269 0.05446927374301676 0.049950049950049924
0 0.35579608938547486 0.6955544455544456 0.045391061452513926 0.03746253746253747
1 0.4849860335195531 0.252997002997003 0.03980446927374304 0.06043956043956045
1 0.09636871508379888 0.7352647352647352 0.02653631284916201 0.04195804195804198
1 0.3575418994413408 0.22052947052947053 0.03491620111731841 0.04145854145854144
1 0.12884078212290503 0.47802197802197804 0.05516759776536313 0.047952047952047994
1 0.08798882681564246 0.5249750249750249 0.0712290502793296 0.049950049950049924
0 0.33030726256983245 0.8476523476523476 0.01955307262569833 0.02897102897102899
0 0.6703910614525139 0.5914085914085914 0.04748603351955305 0.049950049950049924
0 0.6274441340782122 0.6725774225774226 0.04120111731843579 0.054445554445554434
0 0.5768156424581006 0.6935564435564435 0.0460893854748603 0.045454545454545414
1 0.3568435754189944 0.8174325674325674 0.03351955307262566 0.0394605394605394
2 0.41480446927374304 0.27772227772227775 0.047486033519553106 0.04795204795204794
2 0.23847765363128492 0.532967032967033 0.0467877094972067 0.02897102897102899
0 0.534217877094972 0.5529470529470529 0.05307262569832405 0.04795204795204788
0 0.39001396648044695 0.4415584415584416 0.05516759776536312 0.028971028971028934
0 0.3725558659217877 0.528971028971029 0.05656424581005587 0.02897102897102899
0 0.4518156424581006 0.52997002997003 0.046089385474860356 0.04395604395604402
2 0.16480446927374304 0.7852147852147853 0.04748603351955308 0.05394605394605401
0 0.21298882681564246 0.7727272727272727 0.026536312849162025 0.049950049950049924
0 0.13791899441340782 0.52997002997003 0.03980446927374301 0.03996003996003994
