0 0.34078212290502796 0.11638361638361638 0.06284916201117313 0.05794205794205794
0 0.35160614525139666 0.06743256743256743 0.05377094972067037 0.06493506493506493
0 0.19343575418994413 0.011238761238761238 0.040502793296089384 0.022477522477522476
0 0.37325418994413406 0.15084915084915085 0.05516759776536312 0.05194805194805195
1 0.2531424581005587 0.631118881118881 0.06773743016759776 0.058441558441558406
1 0.12744413407821228 0.503996003996004 0.06913407821229049 0.04595404595404595
0 0.890013966480447 0.5914085914085914 0.07751396648044695 0.06293706293706292
0 0.5453910614525139 0.532967032967033 0.07821229050279332 0.04595404595404595
1 0.03247206703910614 0.5434565434565435 0.06494413407821228 0.04595404595404595
0 0.5684357541899441 0.5976523476523476 0.06843575418994419 0.07042957042957043
0 0.647695530726257 0.709040959040959 0.0733240223463687 0.056443556443556475
1 0.1026536312849162 0.8016983016983017 0.04469273743016759 0.053946053946053896
1 0.6316340782122905 0.7382617382617382 0.08310055865921784 0.06493506493506496
1 0.13303072625698323 0.20904095904095904 0.06913407821229049 0.05644355644355642
1 0.10719273743016759 0.36863136863136864 0.06494413407821228 0.04595404595404595
1 0.14210893854748602 0.4133366633366633 0.05935754189944134 0.05244755244755245
1 0.23498603351955305 0.3998501498501499 0.07891061452513967 0.0664335664335664
1 0.3781424581005587 0.4278221778221778 0.05935754189944137 0.05244755244755245
1 0.9476256983240223 0.531968031968032 0.06284916201117319 0.051948051948051965
0 0.08763966480446927 0.6935564435564436 0.0761173184357542 0.06243756243756249
0 0.24266759776536312 0.4393106893106893 0.07751396648044692 0.0664335664335664
0 0.4301675977653632 0.12062937062937062 0.06703910614525138 0.05844155844155845
0 0.10649441340782123 0.5696803196803197 0.07192737430167596 0.056443556443556475
0 0.46613128491620115 0.531968031968032 0.071927374301676 0.051948051948051965
0 0.5768156424581006 0.5664335664335665 0.07402234636871508 0.04595404595404595
0 0.6232541899441341 0.5559440559440559 0.07472067039106145 0.049950049950050035
0 0.6435055865921788 0.5871628371628371 0.07611731843575409 0.054445554445554434
1 0.5003491620111732 0.018731268731268732 0.03421787709497209 0.037462537462537464
1 0.515013966480447 0.023726273726273724 0.03282122905027929 0.03946053946053946
1 0.9685754189944134 0.7227772227772228 0.03491620111731841 0.053946053946053896
1 0.7733938547486033 0.707042957042957 0.06913407821229045 0.047452547452547456
1 0.8100558659217877 0.7092907092907093 0.06843575418994408 0.051948051948051965
1 0.25942737430167595 0.8548951048951049 0.04399441340782123 0.06043956043956045
