0 0.577513966480447 0.782967032967033 0.05586592178770955 0.05844155844155852
0 0.5572625698324023 0.830919080919081 0.03212290502793291 0.029470529470529416
0 0.24755586592178772 0.5934065934065934 0.04818435754189948 0.049950049950050035
0 0.2503491620111732 0.5457042957042957 0.03701117318435754 0.04145854145854144
0 0.28910614525139666 0.3341658341658341 0.046089385474860356 0.043956043956043966
0 0.27967877094972066 0.6778221778221778 0.06215083798882681 0.047952047952047994
1 0.3037709497206704 0.5559440559440559 0.053072625698323994 0.049950049950050035
0 0.31424581005586594 0.5352147852147853 0.0488826815642458 0.029470529470529416
0 0.036312849162011177 0.5989010989010989 0.040502793296089384 0.04795204795204788
1 0.10300279329608938 0.7100399600399601 0.04539106145251397 0.04145854145854144
0 0.11487430167597765 0.4143356643356644 0.05516759776536312 0.029470529470529472
1 0.1337290502793296 0.37787212787212787 0.056564245810055855 0.047452547452547456
1 0.1337290502793296 0.15284715284715283 0.03980446927374302 0.04395604395604394
0 0.1892458100558659 0.6998001998001998 0.03770949720670391 0.02897102897102899
0 0.42248603351955305 0.2287712287712288 0.03212290502793297 0.04595404595404598
0 0.41620111731843573 0.29145854145854144 0.025139664804469275 0.033466533466533444
0 0.4797486033519553 0.24975024975024976 0.026536312849162025 0.03796203796203795
1 0.27304469273743015 0.8476523476523476 0.02793296089385472 0.03796203796203801
0 0.27304469273743015 0.8444055944055944 0.02793296089385472 0.03546453546453543
0 0.6634078212290503 0.5716783216783217 0.027932960893854775 0.027472527472527486
0 0.34916201117318435 0.3454045954045954 0.03770949720670391 0.03746253746253747
0 0.8226256983240223 0.5884115884115884 0.03770949720670391 0.051948051948051854
1 0.7884078212290503 0.5634365634365635 0.06703910614525133 0.051948051948051965
