0 0.6267458100558658 0.5591908091908091 0.03701117318435754 0.03546453546453543
0 0.7912011173184358 0.6728271728271729 0.04748603351955305 0.049950049950049924
0 0.7953910614525139 0.6331168831168832 0.03351955307262566 0.04145854145854144
0 0.5244413407821229 0.6968031968031968 0.04469273743016755 0.04795204795204788
1 0.13931564245810055 0.3611388611388612 0.056564245810055855 0.043956043956043966
0 0.09986033519553073 0.4165834165834166 0.044692737430167606 0.04595404595404595
1 0.19692737430167598 0.830919080919081 0.022346368715083775 0.029470529470529416
0 0.48044692737430167 0.041208791208791215 0.027932960893854775 0.03746253746253747
1 0.32192737430167595 0.8696303696303695 0.03631284916201122 0.047952047952047994
0 0.0761173184357542 0.6061438561438561 0.019553072625698317 0.03346653346653339
1 0.1005586592178771 0.08416583416583417 0.020949720670391067 0.027472527472527472
1 0.1361731843575419 0.08216783216783216 0.020949720670391053 0.03146853146853147
0 0.22416201117318435 0.13936063936063936 0.026536312849161997 0.028971028971028975
1 0.8261173184357542 0.532967032967033 0.019553072625698276 0.020979020979021046
1 0.9490223463687151 0.557942057942058 0.020949720670391025 0.024975024975025018
0 0.4685754189944134 0.46553446553446554 0.03770949720670391 0.051948051948051965
0 0.4863826815642458 0.25399600399600397 0.03701117318435759 0.03746253746253744
0 0.5412011173184358 0.528971028971029 0.04748603351955305 0.02897102897102899
1 0.8261173184357542 0.5434565434565435 0.016759776536312776 0.020979020979020935
0 0.2772346368715084 0.2997002997002997 0.03631284916201116 0.049950049950049924
0 0.1183659217877095 0.73001998001998 0.05097765363128491 0.06043956043956045
0 0.3613826815642458 0.4040959040959041 0.048184357541899425 0.04995004995004998
1 0.8324022346368716 0.551948051948052 0.015363128491620137 0.02897102897102899
0 0.03770949720670391 0.6653346653346653 0.032122905027932955 0.03996003996003994
0 0.15851955307262572 0.5801698301698301 0.020949720670391053 0.03546453546453543
0 0.3400837988826816 0.4340659340659341 0.03072625698324022 0.03996003996003994
1 0.848463687150838 0.7037962037962038 0.019553072625698276 0.02897102897102899
0 0.928072625698324 0.6955544455544456 0.03491620111731841 0.029470529470529527
0 0.9301675977653632 0.707042957042957 0.03631284916201116 0.018481518481518466
1 0.9406424581005586 0.5434565434565435 0.03491620111731841 0.020979020979020935
