0 0.35998603351955305 0.01973026973026973 0.03980446927374298 0.035464535464535464
0 0.32472067039106145 0.1456043956043956 0.03072625698324022 0.050449550449550434
0 0.2608240223463687 0.2485014985014985 0.04678770949720673 0.03546453546453543
0 0.06215083798882681 0.5279720279720279 0.04748603351955307 0.03096903096903103
1 0.19273743016759776 0.505994005994006 0.03072625698324022 0.02897102897102899
1 0.05237430167597765 0.551948051948052 0.022346368715083796 0.02897102897102899
1 0.32192737430167595 0.7997002997002997 0.01955307262569833 0.02897102897102899
1 0.5066340782122905 0.9038461538461539 0.03561452513966479 0.029470529470529527
1 0.8344972067039106 0.5454545454545454 0.025139664804469275 0.02897102897102899
1 0.8533519553072626 0.5414585414585414 0.020949720670391025 0.020979020979021046
1 0.8704608938547487 0.5529470529470529 0.018854748603352012 0.03096903096903092
0 0.026536312849162007 0.6633366633366633 0.032122905027932955 0.051948051948051965
0 0.44134078212290506 0.18931068931068928 0.03351955307262572 0.04995004995004995
1 0.884427374301676 0.551948051948052 0.0188547486033519 0.02897102897102899
1 0.08449720670391062 0.35689310689310694 0.03910614525139665 0.03946053946053946
0 0.8634776536312849 0.6393606393606394 0.0300279329608939 0.049950049950050035
0 0.6955307262569832 0.5624375624375624 0.03351955307262566 0.049950049950049924
0 0.348463687150838 0.4048451548451548 0.025139664804469275 0.03146853146853151
0 0.3268156424581006 0.8748751248751249 0.054469273743016744 0.03746253746253747
0 0.2800279329608939 0.8538961038961039 0.03351955307262572 0.04145854145854144
1 0.5174581005586592 0.024725274725274728 0.03351955307262566 0.029470529470529472
1 0.3051675977653632 0.8101898101898102 0.01955307262569833 0.024975024975024906
1 0.3365921787709497 0.7957042957042957 0.020949720670391025 0.024975024975024906
0 0.3512569832402235 0.4662837162837163 0.03072625698324022 0.03746253746253747
0 0.32192737430167595 0.46228771228771226 0.01955307262569833 0.037462537462537415
1 0.9643854748603352 0.709040959040959 0.029329608938547524 0.03946053946053951
0 0.7004189944134078 0.7247752247752248 0.032122905027933024 0.028971028971028878
0 0.702513966480447 0.7455044955044955 0.022346368715083775 0.029470529470529527
