0 0.3547486033519553 0.32992007992007993 0.04050279329608941 0.03146853146853146
1 0.8830307262569832 0.5934065934065934 0.03282122905027929 0.049950049950050035
0 0.31145251396648044 0.8873626373626373 0.03770949720670391 0.0334665334665335
0 0.06215083798882681 0.5279720279720279 0.04748603351955307 0.03096903096903103
1 0.191340782122905 0.6873126873126874 0.022346368715083803 0.02897102897102899
0 0.06354748603351955 0.5914085914085914 0.019553072625698324 0.02897102897102899
1 0.2122905027932961 0.6018981018981019 0.01955307262569833 0.02897102897102899
1 0.6634078212290502 0.7892107892107892 0.03631284916201116 0.02897102897102899
0 0.9706703910614525 0.6580919080919081 0.03351955307262566 0.05044955044955035
1 0.6648044692737429 0.6248751248751249 0.03351955307262566 0.02897102897102899
1 0.7751396648044693 0.5454545454545454 0.015363128491620026 0.024975024975025018
1 0.04539106145251397 0.29445554445554445 0.03910614525139664 0.03946053946053946
0 0.4343575418994413 0.9665334665334666 0.03351955307262572 0.049950049950049924
0 0.24406424581005587 0.8476523476523476 0.01885474860335193 0.02897102897102899
0 0.3268156424581006 0.8748751248751249 0.054469273743016744 0.03746253746253747
0 0.2967877094972067 0.8683816183816184 0.03351955307262572 0.04145854145854144
1 0.5286312849162011 0.026973026973026972 0.03351955307262566 0.02897102897102897
1 0.1983240223463687 0.5999000999000998 0.019553072625698303 0.028971028971028878
1 0.22486033519553073 0.6018981018981019 0.01955307262569833 0.02897102897102899
0 0.6452513966480447 0.6600899100899101 0.030726256983240163 0.03746253746253747
0 0.6452513966480447 0.6870629370629371 0.019553072625698387 0.03746253746253747
0 0.4504189944134078 0.9632867132867133 0.03212290502793291 0.03546453546453543
1 0.6962290502793296 0.7310189810189811 0.029329608938547524 0.0334665334665335
1 0.7475558659217877 0.7447552447552448 0.02304469273743015 0.022977022977022976
0 0.4926675977653631 0.8141858141858141 0.03282122905027929 0.02897102897102899
0 0.5024441340782123 0.8371628371628371 0.021648044692737456 0.02897102897102899
1 0.8830307262569832 0.5454545454545454 0.0216480446927374 0.02897102897102899
