0 0.7856145251396649 0.5746753246753247 0.03631284916201116 0.029470529470529527
0 0.15013966480446927 0.6206293706293706 0.03491620111731841 0.041458541458541553
0 0.22067039106145253 0.5746753246753247 0.04748603351955308 0.029470529470529527
1 0.361731843575419 0.4100899100899101 0.026536312849162025 0.02897102897102899
1 0.520949720670391 0.024725274725274728 0.03212290502793291 0.029470529470529472
0 0.23009776536312848 0.6695804195804196 0.046787709497206675 0.0394605394605394
1 0.21787709497206703 0.1436063936063936 0.03351955307262569 0.03346653346653347
1 0.3697625698324022 0.3913586413586414 0.020251396648044706 0.029470529470529472
1 0.12395251396648044 0.4018481518481518 0.020251396648044692 0.033466533466533444
1 0.14175977653631283 0.40384615384615385 0.020949720670391053 0.029470529470529472
1 0.1599162011173184 0.3913586413586414 0.020949720670391053 0.029470529470529472
1 0.47974860335195535 0.8706293706293706 0.03212290502793297 0.03296703296703296
0 0.2643156424581006 0.8141858141858141 0.034217877094972066 0.02897102897102899
0 0.24266759776536312 0.8269230769230769 0.04399441340782126 0.029470529470529416
1 0.19692737430167598 0.2405094905094905 0.022346368715083775 0.03146853146853146
1 0.18365921787709497 0.26023976023976025 0.03212290502793297 0.02897102897102899
1 0.8037709497206704 0.5414585414585414 0.027932960893854775 0.02897102897102899
0 0.29329608938547486 0.5601898101898102 0.04050279329608941 0.05044955044955046
0 0.4755586592178771 0.46003996003996006 0.03491620111731841 0.04995004995004998
0 0.746159217877095 0.6768231768231768 0.03421787709497204 0.049950049950050035
0 0.5509776536312849 0.5142357642357642 0.03910614525139666 0.0414585414585415
1 0.8669692737430168 0.5372127872127872 0.02025139664804476 0.029470529470529527
