1 0.583100558659218 0.8299200799200799 0.06703910614525144 0.06043956043956045
1 0.1113826815642458 0.4278221778221778 0.07053072625698324 0.06443556443556447
1 0.7587290502793296 0.5194805194805194 0.06494413407821231 0.05194805194805191
0 0.2391759776536313 0.8371628371628372 0.05935754189944134 0.06693306693306689
0 0.7733938547486033 0.6423576423576424 0.07751396648044695 0.07292707292707301
0 0.7280027932960894 0.5799200799200799 0.0761173184357542 0.05594405594405594
0 0.40921787709497204 0.3444055944055944 0.053072625698323994 0.05644355644355642
0 0.6997206703910615 0.6695804195804196 0.06983240223463683 0.06843156843156839
1 0.1337290502793296 0.5037462537462538 0.06215083798882681 0.0334665334665335
1 0.08729050279329609 0.7112887112887113 0.06703910614525141 0.051948051948051965
1 0.05656424581005587 0.7215284715284715 0.08100558659217877 0.06443556443556442
0 0.2967877094972067 0.8758741258741258 0.06983240223463688 0.06043956043956045
1 0.0893854748603352 0.06943056943056944 0.060055865921787716 0.04395604395604395
1 0.1162709497206704 0.07067932067932067 0.06354748603351956 0.041458541458541456
1 0.4581005586592179 0.041458541458541456 0.03631284916201116 0.04995004995004995
1 0.47660614525139666 0.281968031968032 0.056564245810055924 0.05644355644355642
1 0.4106145251396648 0.10614385614385614 0.03631284916201116 0.04145854145854147
0 0.8746508379888268 0.6476023976023976 0.07192737430167595 0.054445554445554434
1 0.21962290502793297 0.34465534465534464 0.06215083798882681 0.051948051948051965
1 0.12814245810055866 0.49350649350649345 0.05656424581005587 0.028971028971028934
