1 0.3526536312849162 0.30394605394605395 0.01675977653631283 0.03746253746253747
0 0.49546089385474856 0.10814185814185814 0.024441340782122845 0.03346653346653347
0 0.5907821229050279 0.5497002997002998 0.03212290502793291 0.04145854145854144
0 0.44343575418994413 0.7332667332667333 0.03491620111731841 0.049950049950049924
1 0.06215083798882681 0.2852147852147852 0.03351955307262569 0.03296703296703296
1 0.10125698324022346 0.4205794205794206 0.03351955307262569 0.04595404595404595
1 0.1941340782122905 0.36013986013986016 0.03351955307262572 0.03296703296703296
0 0.7164804469273742 0.6975524475524475 0.03351955307262566 0.03746253746253736
0 0.5544692737430168 0.8111888111888113 0.04050279329608941 0.047952047952047994
0 0.8212290502793296 0.6061438561438561 0.03491620111731841 0.04145854145854144
0 0.8537011173184358 0.5726773226773227 0.046787709497206675 0.05044955044955046
0 0.12395251396648044 0.7684815184815186 0.04539106145251397 0.05044955044955046
0 0.3620810055865922 0.6925574425574426 0.03282122905027929 0.056443556443556364
0 0.07472067039106145 0.5704295704295704 0.04189944134078213 0.049950049950050035
0 0.48079608938547486 0.40609390609390605 0.03980446927374304 0.04995004995004998
0 0.43575418994413406 0.025974025974025976 0.03351955307262572 0.04795204795204795
0 0.04399441340782123 0.6258741258741258 0.044692737430167606 0.03096903096903103
0 0.4343575418994413 0.1893106893106893 0.03351955307262572 0.02897102897102899
0 0.3543994413407821 0.06643356643356643 0.048184357541899425 0.04595404595404595
0 0.29678770949720673 0.3996003996003996 0.025139664804469275 0.049950049950049924
0 0.40083798882681565 0.18831168831168832 0.03910614525139666 0.034965034965034975
0 0.43226256983240224 0.30394605394605395 0.04050279329608941 0.0334665334665335
1 0.6675977653631285 0.7862137862137861 0.025139664804469275 0.05594405594405594
0 0.41899441340782123 0.7057942057942057 0.03351955307262566 0.049950049950049924
0 0.1787709497206704 0.4163336663336663 0.03910614525139666 0.05444555444555449
1 0.2325418994413408 0.3239260739260739 0.03491620111731844 0.03546453546453543
0 0.3816340782122905 0.3121878121878122 0.0272346368715084 0.04995004995004998
1 0.09287709497206703 0.6153846153846154 0.033519553072625705 0.04395604395604391
