1 0.2932960893854749 0.5247252747252746 0.01815642458100558 0.0334665334665335
0 0.49546089385474856 0.10814185814185814 0.024441340782122845 0.03346653346653347
1 0.06215083798882681 0.2852147852147852 0.03351955307262569 0.03296703296703296
1 0.10125698324022346 0.4205794205794206 0.03351955307262569 0.04595404595404595
1 0.07332402234636871 0.28296703296703296 0.03351955307262569 0.0334665334665335
0 0.41689944134078216 0.9185814185814185 0.04050279329608936 0.049950049950049924
0 0.44203910614525144 0.4155844155844156 0.04050279329608936 0.04795204795204794
0 0.4329608938547486 0.11438561438561438 0.04748603351955305 0.04995004995004995
0 0.29399441340782123 0.881118881118881 0.04748603351955305 0.049950049950049924
0 0.33170391061452514 0.45079920079920077 0.04469273743016755 0.035464535464535485
0 0.29329608938547486 0.5207292707292708 0.023743016759776525 0.03746253746253747
0 0.23358938547486033 0.14135864135864135 0.03980446927374298 0.04995004995004995
1 0.5286312849162011 0.04570429570429571 0.025139664804469275 0.03346653346653347
1 0.12953910614525138 0.4050949050949051 0.034217877094972066 0.022977022977022976
0 0.12744413407821228 0.3996003996003996 0.03282122905027933 0.049950049950049924
1 0.4581005586592179 0.904095904095904 0.025139664804469275 0.049950049950049924
0 0.12814245810055866 0.43606393606393606 0.04539106145251397 0.06893106893106893
1 0.15782122905027934 0.4632867132867133 0.03351955307262569 0.056443556443556475
0 0.7758379888268156 0.5831668331668332 0.03631284916201116 0.03746253746253747
0 0.5698324022346368 0.5477022977022977 0.026536312849162025 0.029470529470529527
0 0.5136173184357542 0.5477022977022977 0.0272346368715084 0.029470529470529527
0 0.41410614525139666 0.526973026973027 0.03212290502793297 0.04595404595404595
0 0.32122905027932963 0.5217282717282717 0.023743016759776525 0.043456543456543484
1 0.2702513966480447 0.8434065934065934 0.027932960893854775 0.029470529470529527
1 0.43854748603351956 0.11338661338661339 0.03072625698324022 0.026973026973026976
0 0.7678072625698324 0.6643356643356644 0.04399441340782129 0.0379620379620379
1 0.14455307262569833 0.4393106893106893 0.020949720670391053 0.029470529470529472
1 0.20391061452513967 0.8154345654345654 0.03072625698324022 0.04345654345654337
0 0.09706703910614525 0.683066933066933 0.036312849162011177 0.04145854145854144
