0 0.09148044692737431 0.6790709290709291 0.036312849162011177 0.0334665334665335
0 0.15782122905027934 0.6830669330669331 0.030726256983240247 0.03746253746253747
0 0.723463687150838 0.5831668331668332 0.025139664804469275 0.03346653346653339
0 0.15782122905027934 0.6476023976023976 0.025139664804469247 0.03746253746253747
0 0.3023743016759777 0.7435064935064934 0.03351955307262572 0.0334665334665335
0 0.13093575418994413 0.5162337662337663 0.02583798882681565 0.037462537462537526
1 0.32053072625698326 0.08916083916083917 0.025139664804469275 0.03346653346653346
0 0.2716480446927374 0.557942057942058 0.03072625698324022 0.02897102897102899
1 0.12604748603351956 0.40384615384615385 0.0356145251396648 0.020479520479520508
0 0.29748603351955305 0.6705794205794205 0.02374301675977658 0.054445554445554434
0 0.3718575418994413 0.3269230769230769 0.024441340782122956 0.0334665334665335
0 0.12884078212290503 0.4163336663336663 0.024441340782122914 0.029470529470529472
1 0.5509776536312849 0.8329170829170829 0.03631284916201116 0.0334665334665335
0 0.7953910614525139 0.5454545454545454 0.03351955307262566 0.02897102897102899
0 0.7695530726256983 0.6393606393606394 0.029329608938547413 0.03296703296703307
0 0.17807262569832402 0.6643356643356644 0.01815642458100558 0.0379620379620379
1 0.1204608938547486 0.053946053946053944 0.027234636871508372 0.024975024975024976
0 0.3931564245810056 0.7455044955044955 0.026536312849162025 0.03746253746253747
1 0.0467877094972067 0.6768231768231768 0.027932960893854747 0.02897102897102899
1 0.15223463687150837 0.4393106893106893 0.01955307262569833 0.029470529470529472
1 0.30865921787709494 0.9123376623376623 0.03212290502793297 0.029470529470529527
