0 0.7580307262569832 0.6206293706293706 0.046787709497206675 0.054445554445554434
0 0.717877094972067 0.6643356643356644 0.03631284916201116 0.0379620379620379
0 0.34636871508379885 0.41233766233766234 0.02653631284916197 0.0334665334665335
0 0.21508379888268156 0.8154345654345654 0.03631284916201116 0.03946053946053951
1 0.07541899441340782 0.12687312687312685 0.03491620111731844 0.04195804195804195
0 0.4518156424581006 0.4435564435564436 0.03212290502793297 0.03296703296703296
1 0.11906424581005587 0.4110889110889111 0.030027932960893858 0.043956043956043966
0 0.39001396648044695 0.708041958041958 0.04120111731843573 0.045454545454545414
0 0.12115921787709497 0.5332167832167832 0.025837988826815636 0.03746253746253747
1 0.6955307262569832 0.6768231768231768 0.025139664804469275 0.04195804195804187
1 0.941340782122905 0.7205294705294705 0.03631284916201116 0.0334665334665335
