0 0.01745810055865922 0.551948051948052 0.025139664804469275 0.02897102897102899
0 0.8282122905027933 0.6373626373626373 0.04050279329608941 0.04595404595404595
0 0.5572625698324023 0.7912087912087913 0.03491620111731841 0.049950049950049924
0 0.30377094972067037 0.8738761238761239 0.03631284916201116 0.0394605394605394
1 0.07541899441340782 0.12687312687312685 0.03491620111731844 0.04195804195804195
1 0.06354748603351955 0.34965034965034963 0.03072625698324022 0.04595404595404595
0 0.3718575418994413 0.8538961038961039 0.024441340782122956 0.03746253746253747
1 0.8648743016759777 0.5457042957042957 0.0244413407821229 0.04145854145854144
0 0.6731843575418994 0.5684315684315684 0.033519553072625774 0.04195804195804198
0 0.5293296089385475 0.5497002997002998 0.03212290502793291 0.029470529470529416
1 0.14106145251396648 0.49350649350649345 0.025139664804469275 0.028971028971028934
1 0.6578212290502794 0.7684815184815185 0.03631284916201116 0.03346653346653339
