0 0.9727653631284916 0.6078921078921079 0.0488826815642458 0.049950049950050035
0 0.8718575418994413 0.5696803196803197 0.07192737430167595 0.060439560439560336
1 0.05516759776536313 0.34240759240759244 0.05027932960893855 0.05244755244755245
0 0.5293296089385475 0.8194305694305695 0.05446927374301669 0.056443556443556475
0 0.9643854748603351 0.5726773226773227 0.06284916201117319 0.045454545454545525
0 0.8282122905027933 0.5874125874125875 0.07960893854748607 0.049950049950049924
0 0.6710893854748603 0.6715784215784216 0.07402234636871508 0.06043956043956045
0 0.48777932960893855 0.482017982017982 0.0761173184357542 0.06493506493506496
0 0.2011173184357542 0.6133866133866134 0.08100558659217877 0.07292707292707301
0 0.40398044692737434 0.11538461538461539 0.066340782122905 0.05594405594405595
0 0.4378491620111732 0.11113886113886115 0.0544692737430168 0.06443556443556443
0 0.5073324022346368 0.8558941058941059 0.05097765363128487 0.058441558441558406
