0 0.20041899441340782 0.5789210789210789 0.07681564245810057 0.05794205794205798
0 0.021997206703910616 0.6685814185814186 0.04399441340782123 0.054445554445554434
0 0.2482541899441341 0.7007992007992008 0.071927374301676 0.05994005994005991
0 0.6134776536312849 0.5706793206793207 0.07472067039106145 0.054445554445554434
0 0.9175977653631284 0.5831668331668332 0.07262569832402244 0.054445554445554434
1 0.8128491620111732 0.5477022977022977 0.0516759776536313 0.03746253746253747
0 0.3774441340782123 0.3633866133866134 0.05796089385474862 0.056443556443556475
0 0.4238826815642458 0.6965534465534466 0.06005586592178769 0.056443556443556475
0 0.4476256983240223 0.35589410589410586 0.051675977653631244 0.05444555444555449
0 0.42108938547486036 0.1758241758241758 0.06284916201117319 0.0769230769230769
1 0.25593575418994413 0.15084915084915085 0.05935754189944131 0.03996003996003994
0 0.34636871508379885 0.30494505494505497 0.051675977653631244 0.06043956043956039
0 0.39769553072625696 0.017482517482517484 0.05935754189944137 0.03496503496503497
0 0.005935754189944134 0.6476023976023976 0.011871508379888268 0.054445554445554434
