0 0.9350558659217877 0.6383616383616384 0.07402234636871508 0.06493506493506496
0 0.5960195530726257 0.830919080919081 0.0761173184357542 0.06643356643356646
1 0.04608938547486034 0.3528971028971029 0.04050279329608939 0.06043956043956045
0 0.07611731843575419 0.5716783216783217 0.08100558659217877 0.056443556443556364
1 0.9888268156424581 0.6173826173826173 0.016759776536312776 0.047952047952047994
0 0.5988128491620112 0.6683316683316683 0.0789106145251397 0.07492507492507494
0 0.4626396648044693 0.15184815184815187 0.08729050279329603 0.07092907092907094
0 0.11277932960893855 0.7257742257742257 0.06773743016759777 0.06493506493506496
0 0.2503491620111732 0.5454545454545454 0.06773743016759778 0.05394605394605401
0 0.7287011173184357 0.6790709290709291 0.06913407821229056 0.058441558441558406
1 0.2189245810055866 0.35814185814185817 0.06354748603351956 0.05394605394605395
0 0.23987430167597765 0.6843156843156843 0.0691340782122905 0.0729270729270729
0 0.3585893854748603 0.6995504495504495 0.06494413407821226 0.06243756243756238
