1 0.6483825597749648 0.8892030848329049 0.030942334739803012 0.02930591259640103
0 0.44549929676511957 0.9161953727506427 0.05274261603375524 0.07917737789203083
0 0.5924753867791843 0.12467866323907456 0.04711673699015473 0.04575835475578406
1 0.380098452883263 0.2403598971722365 0.030239099859353025 0.06426735218508994
0 0.5731364275668074 0.5038560411311054 0.030942334739803123 0.06272493573264781
0 0.44831223628691985 0.26760925449871464 0.03586497890295359 0.05192802056555268
0 0.29957805907172996 0.6434447300771208 0.039381153305203975 0.03753213367609254
0 0.41912798874824186 0.47789203084832904 0.04781997187060477 0.05192802056555268
0 0.4078762306610408 0.4185089974293059 0.03656821378340369 0.05038560411311055
1 0.16420534458509142 0.9133676092544987 0.04852320675105487 0.03547557840616966
1 0.5052742616033755 0.6205655526992289 0.044303797468354444 0.03290488431876615
1 0.4011954992967651 0.6455012853470437 0.030239099859353025 0.04164524421593829
