1 0.19268635724331928 0.8727506426735219 0.04219409282700423 0.05809768637532131
0 0.28164556962025317 0.5341902313624678 0.05555555555555558 0.052442159383033427
0 0.5031645569620253 0.7966580976863753 0.04571026722925464 0.047814910025706925
1 0.6177918424753868 0.3519280205655527 0.03867791842475388 0.05809768637532137
0 0.10654008438818566 0.5611825192802056 0.04711673699015473 0.056041131105398434
0 0.11146272855133614 0.5195372750642673 0.04852320675105484 0.04370179948586117
0 0.46659634317862164 0.21002570694087402 0.044303797468354444 0.053984575835475584
1 0.31118143459915615 0.21645244215938303 0.045710267229254586 0.06683804627249357
0 0.49261603375527424 0.36632390745501286 0.03586497890295359 0.05809768637532131
1 0.65014064697609 0.887146529562982 0.034458509142053395 0.05809768637532131
1 0.810126582278481 0.393573264781491 0.03797468354430378 0.0498714652956298
0 0.42440225035161744 0.10385604113110539 0.04149085794655416 0.058611825192802045
