2 0.14381153305203936 0.3853470437017995 0.0471167369901547 0.0457583547557841
1 0.8744725738396624 0.5894601542416452 0.052742616033755296 0.05398457583547556
0 0.16912798874824192 0.4519280205655527 0.06962025316455697 0.07095115681233932
0 0.43424753867791843 0.8915167095115681 0.052742616033755296 0.07095115681233932
1 0.6550632911392406 0.9154241645244217 0.03867791842475388 0.05192802056555268
1 0.6184950773558369 0.8840616966580976 0.03727144866385368 0.05192802056555268
1 0.3941631504922644 0.6455012853470437 0.04711673699015473 0.06221079691516718
1 0.3829113924050633 0.5205655526992288 0.04711673699015473 0.062210796915167066
0 0.5815752461322081 0.5496143958868894 0.04781997187060483 0.07506426735218508
0 0.459563994374121 0.8143958868894602 0.05274261603375524 0.07095115681233932
