0 0.5587201125175809 0.4832904884318766 0.06258790436005623 0.07506426735218508
1 0.39135021097046413 0.08097686375321336 0.03867791842475388 0.04987146529562982
0 0.340014064697609 0.44961439588688945 0.04430379746835439 0.03753213367609254
0 0.6983122362869199 0.5478149100257069 0.06329113924050633 0.05398457583547556
0 0.42194092827004215 0.4987146529562982 0.03938115330520392 0.06889460154241644
0 0.8414205344585092 0.5383033419023135 0.05555555555555558 0.05655526992287918
0 0.5087904360056259 0.6673521850899743 0.0428973277074543 0.06889460154241656
1 0.5671589310829817 0.6017994858611825 0.04008438818565396 0.04164524421593829
1 0.579465541490858 0.709254498714653 0.04641350210970463 0.047814910025707036
1 0.5864978902953586 0.27043701799485864 0.049226441631505025 0.0668380462724936
1 0.5523909985935302 0.5863753213367608 0.04149085794655416 0.047814910025706925
1 0.5924753867791842 0.6048843187660669 0.04992967651195501 0.03547557840616966
1 0.5988045007032349 0.6259640102827764 0.048523206751054815 0.03547557840616966
1 0.2510548523206751 0.8601542416452442 0.05344585091420537 0.05038560411311055
1 0.47327707454289736 0.7174807197943445 0.03375527426160335 0.0601542416452443
