0 0.3723628691983122 0.6413881748071979 0.037271448663853735 0.06221079691516718
1 0.27742616033755274 0.5956298200514138 0.021800281293952173 0.033419023136246784
1 0.4047116736990155 0.8987146529562982 0.0428973277074543 0.05655526992287918
0 0.579817158931083 0.2881748071979434 0.05414908579465538 0.043701799485861226
0 0.02531645569620253 0.4683804627249357 0.04360056258790436 0.07095115681233932
1 0.4149085794655415 0.6028277634961439 0.039381153305203975 0.04370179948586117
1 0.24331926863572434 0.6007712082262211 0.03234880450070324 0.04370179948586117
1 0.27812939521800284 0.610025706940874 0.03164556962025317 0.02930591259640103
1 0.5052742616033755 0.6259640102827764 0.03305203938115331 0.03547557840616966
1 0.5073839662447257 0.6017994858611825 0.03727144866385379 0.02930591259640103
1 0.2718002812939522 0.6226221079691516 0.024613220815752457 0.028791773778920393
1 0.3730661040787623 0.5195372750642673 0.03305203938115331 0.04370179948586117
