1 0.5636427566807314 0.5413881748071979 0.030239099859353025 0.06272493573264781
1 0.38572433192686356 0.2601542416452442 0.03586497890295359 0.054498714652956276
1 0.5566104078762306 0.0506426735218509 0.04149085794655416 0.043701799485861184
0 0.49824191279887486 0.6570694087403599 0.05555555555555558 0.06889460154241644
0 0.34282700421940926 0.5352185089974293 0.05836849507735581 0.054498714652956304
0 0.6719409282700421 0.5496143958868894 0.06399437412095643 0.06683804627249357
0 0.5327004219409283 0.9496143958868895 0.052742616033755185 0.07095115681233932
1 0.3843178621659634 0.1686375321336761 0.03586497890295359 0.0668380462724936
1 0.6023206751054853 0.19151670951156813 0.03586497890295359 0.04575835475578405
1 0.5815752461322081 0.6120822622107969 0.06610407876230662 0.05398457583547567
