1 0.3656821378340366 0.8290488431876607 0.03797468354430378 0.033419023136246784
0 0.5038677918424754 0.5403598971722365 0.024613220815752457 0.04421593830334192
0 0.11779184247538677 0.5498714652956298 0.03586497890295358 0.0498714652956298
0 0.39838255977496484 0.02802056555269923 0.03305203938115331 0.0519280205655527
1 0.22046413502109705 0.4748071979434447 0.03867791842475388 0.02930591259640103
1 0.49683544303797467 0.9393316195372751 0.03305203938115331 0.028791773778920282
1 0.6009142053445851 0.4218508997429306 0.03586497890295359 0.039588688946015416
0 0.4912095639943741 0.2218508997429306 0.03023909985935308 0.039588688946015416
0 0.46448663853727146 0.02699228791773779 0.048523206751054815 0.05398457583547558
1 0.37658227848101267 0.21825192802056556 0.04008438818565402 0.04164524421593829
1 0.35056258790436 0.3724935732647815 0.03445850914205345 0.04164524421593829
1 0.290084388185654 0.745758354755784 0.04992967651195501 0.041645244215938404
0 0.5780590717299579 0.6007712082262211 0.03797468354430389 0.05192802056555268
0 0.9004922644163151 0.5339331619537275 0.04008438818565396 0.03547557840616966
