1 0.15119549929676512 0.8892030848329049 0.030942334739803096 0.033419023136246784
1 0.169831223628692 0.7447300771208226 0.028832630098452883 0.03547557840616977
0 0.17756680731364277 0.4506426735218509 0.03867791842475385 0.031362467866323906
0 0.39486638537271446 0.43110539845758356 0.04852320675105487 0.04164524421593829
1 0.7310126582278481 0.6185089974293059 0.03727144866385368 0.046272493573264795
0 0.5094936708860759 0.5311053984575835 0.04430379746835439 0.07917737789203083
1 0.3635724331926864 0.5287917737789203 0.036568213783403636 0.03753213367609254
1 0.3143459915611814 0.4038560411311054 0.03234880450070321 0.02930591259640103
1 0.569268635724332 0.12262210796915167 0.03305203938115331 0.04987146529562983
1 0.31575246132208157 0.4850899742930591 0.029535864978902926 0.04164524421593829
1 0.5995077355836849 0.8100257069408741 0.024613220815752457 0.04575835475578405
