1 0.3720112517580872 0.9498714652956298 0.02812939521800284 0.03753213367609254
1 0.2981715893108298 0.75706940874036 0.03656821378340369 0.039588688946015416
1 0.24964838255977495 0.716452442159383 0.02812939521800281 0.041645244215938404
0 0.5453586497890295 0.7102827763496145 0.04430379746835433 0.04987146529562991
0 0.5165260196905767 0.741388174807198 0.03586497890295354 0.046272493573264795
0 0.5369198312236287 0.5529562982005141 0.04430379746835433 0.04370179948586117
1 0.9050632911392404 0.4110539845758355 0.030942334739803123 0.047814910025706925
0 0.5952883263009845 0.8799485861182519 0.04149085794655416 0.047814910025706925
1 0.37341772151898733 0.16838046272493573 0.02812939521800284 0.04575835475578405
1 0.8516174402250352 0.6110539845758354 0.029535864978903037 0.04370179948586117
1 0.8189170182841068 0.3892030848329049 0.03586497890295359 0.06683804627249357
1 0.37869198312236285 0.6547557840616967 0.030239099859353025 0.03547557840616966
0 0.29149085794655416 0.9349614395886889 0.044303797468354444 0.04575835475578405
