1 0.5734880450070323 0.1488431876606684 0.03586497890295359 0.04781491002570695
1 0.5981012658227849 0.14678663239074552 0.03586497890295359 0.05192802056555271
1 0.6234177215189873 0.1519280205655527 0.03586497890295359 0.04987146529562983
1 0.5794655414908579 0.8902313624678664 0.04078762306610417 0.04370179948586117
1 0.6649085794655414 0.6383033419023136 0.030239099859353025 0.05192802056555268
0 0.08860759493670886 0.4570694087403599 0.036568213783403664 0.060668380462724936
0 0.5080872011251758 0.8048843187660668 0.041490857946554216 0.06015424164524419
0 0.4370604781997187 0.7195372750642673 0.04711673699015473 0.07660668380462732
0 0.6719409282700421 0.5174807197943445 0.04711673699015473 0.05192802056555268
1 0.01969057665260197 0.6331619537275064 0.0379746835443038 0.0498714652956298
1 0.19338959212376933 0.5444730077120823 0.04360056258790437 0.052442159383033427
1 0.08438818565400844 0.6038560411311054 0.04219409282700422 0.04164524421593829
0 0.46448663853727146 0.4123393316195373 0.0513361462728551 0.05861182519280206
