1 0.589310829817159 0.4205655526992288 0.023909985935302358 0.028791773778920282
1 0.5956399437412097 0.4089974293059126 0.030942334739803123 0.047814910025706925
1 0.6272855133614628 0.39460154241645246 0.02812939521800284 0.05192802056555268
4 0.4426863572433193 0.055012853470437016 0.052742616033755296 0.08123393316195372
0 0.2830520393811533 0.5372750642673522 0.044303797468354444 0.05038560411311055
0 0.3920534458509142 0.6069408740359896 0.028832630098452883 0.047814910025706925
1 0.6114627285513361 0.8850899742930591 0.034458509142053395 0.03753213367609254
0 0.5330520393811533 0.2912596401028278 0.039381153305203975 0.037532133676092594
1 0.29078762306610406 0.9830334190231362 0.04852320675105487 0.024678663239074528
0 0.7373417721518987 0.5298200514138818 0.04149085794655416 0.047814910025706925
0 0.40646976090014064 0.4226221079691517 0.03375527426160341 0.05038560411311055
