1 0.6044303797468354 0.6321336760925449 0.034458509142053506 0.027249357326478152
1 0.580872011251758 0.6547557840616967 0.029535864978902926 0.03547557840616966
1 0.5822784810126582 0.6185089974293059 0.04641350210970474 0.05861182519280206
4 0.45745428973277075 0.9007712082262211 0.04289732770745425 0.09357326478149097
0 0.4648382559774965 0.8100257069408741 0.03938115330520392 0.02930591259640103
1 0.8002812939521801 0.033161953727506424 0.026722925457102642 0.029305912596401026
0 0.4947257383966245 0.1185089974293059 0.051336146272855154 0.07043701799485862
0 0.10232067510548523 0.49254498714652956 0.03867791842475388 0.05655526992287918
0 0.5453586497890295 0.40488431876606684 0.038677918424753766 0.039588688946015416
1 0.5815752461322081 0.9123393316195373 0.03656821378340369 0.033419023136246784
