1 0.59985935302391 0.6676092544987147 0.01406469760900142 0.03547557840616966
0 0.3941631504922644 0.21002570694087402 0.04149085794655416 0.037532133676092566
1 0.6121659634317862 0.6526992287917738 0.02742616033755274 0.02724935732647804
1 0.5763009845288327 0.6413881748071979 0.04149085794655416 0.05809768637532142
0 0.7366385372714487 0.018508997429305913 0.04289732770745425 0.037017994858611826
1 0.8829113924050633 0.6249357326478149 0.03586497890295359 0.03753213367609254
0 0.4110407876230661 0.5498714652956298 0.04992967651195501 0.0498714652956298
1 0.5949367088607596 0.979948586118252 0.023909985935302358 0.03084832904884316
1 0.6684247538677919 0.9850899742930591 0.04008438818565396 0.020565552699228773
1 0.8579465541490858 0.6079691516709511 0.02812939521800284 0.025192802056555275
1 0.4648382559774965 0.1853470437017995 0.03375527426160335 0.04164524421593832
1 0.18143459915611815 0.5799485861182518 0.022503516174402244 0.02262210796915165
1 0.17651195499296765 0.5956298200514138 0.018284106891701846 0.02107969151670952
1 0.8572433192686357 0.5894601542416452 0.026722925457102642 0.02930591259640103
1 0.6037271448663853 0.2902313624678663 0.02742616033755274 0.03958868894601547
1 0.43248945147679324 0.1789203084832905 0.023909985935302358 0.02879177377892031
