1 0.6005625879043601 0.668637532133676 0.015471167369901617 0.03753213367609254
0 0.3737693389592124 0.4506426735218509 0.05414908579465538 0.047814910025706925
1 0.6065400843881856 0.6496143958868894 0.021800281293952173 0.025192802056555164
1 0.5741912798874824 0.6465295629820051 0.04289732770745425 0.0601542416452443
0 0.47187060478199716 0.293573264781491 0.036568213783403636 0.054498714652956304
0 0.4581575246132208 0.3506426735218509 0.03305203938115331 0.06889460154241644
0 0.5327004219409283 0.6133676092544986 0.04992967651195501 0.060668380462724936
1 0.589310829817159 0.8465295629820051 0.026722925457102753 0.03547557840616966
1 0.5928270042194093 0.9257069408740359 0.02812939521800284 0.027249357326478152
1 0.609353023909986 0.916452442159383 0.01898734177215189 0.02930591259640103
0 0.6065400843881856 0.5413881748071979 0.06399437412095643 0.05861182519280206
1 0.4328410689170183 0.47789203084832904 0.03305203938115331 0.047814910025706925
1 0.5281293952180028 0.41645244215938304 0.029535864978902926 0.03290488431876604
1 0.5390295358649789 0.4383033419023136 0.034458509142053506 0.039588688946015416
1 0.7281997187060478 0.6131105398457584 0.03727144866385368 0.04370179948586117
1 0.5615330520393811 0.8393316195372751 0.02320675105485226 0.02930591259640103
1 0.620604781997187 0.6663239074550129 0.03867791842475388 0.05861182519280195
1 0.39767932489451474 0.4748071979434447 0.023206751054852315 0.04575835475578405
