1 0.1378340365682138 0.6321336760925449 0.03516174402250352 0.047814910025706925
1 0.5991561181434599 0.6696658097686374 0.02390998593530247 0.03547557840616966
0 0.44760900140646975 0.8717223650385604 0.037271448663853735 0.047814910025706925
0 0.47714486638537273 0.7455012853470437 0.04711673699015473 0.06272493573264781
1 0.16631504922644164 0.3776349614395887 0.03867791842475388 0.039588688946015416
1 0.5977496483825597 0.6195372750642674 0.021097046413502185 0.03084832904884316
1 0.6058368495077355 0.6475578406169665 0.02320675105485226 0.033419023136246784
1 0.6248241912798875 0.6943444730077122 0.03586497890295359 0.047814910025706925
1 0.5748945147679325 0.6519280205655527 0.04149085794655416 0.05861182519280206
1 0.619198312236287 0.6341902313624679 0.01898734177215189 0.031362467866323906
1 0.619198312236287 0.6110539845758354 0.021800281293952173 0.031362467866323906
1 0.5759493670886076 0.09023136246786632 0.030942334739803123 0.04781491002570695
1 0.5995077355836849 0.0987146529562982 0.030239099859353025 0.04832904884318766
0 0.8857243319268636 0.5331619537275064 0.04992967651195501 0.054498714652956304
0 0.7496483825597751 0.5496143958868894 0.057665260196905765 0.06683804627249357
0 0.5439521800281294 0.6017994858611825 0.03867791842475388 0.0498714652956298
1 0.43846694796061886 0.77146529562982 0.03867791842475388 0.047814910025706925
0 0.4532348804500703 0.4488431876606684 0.03727144866385368 0.06889460154241644
