0 0.6986638537271449 0.5383033419023135 0.048523206751054815 0.08123393316195371
1 0.7654711673699015 0.02493573264781491 0.03727144866385379 0.04987146529562982
1 0.6030239099859354 0.9287917737789203 0.026019690576652654 0.0498714652956298
1 0.5780590717299579 0.9195372750642674 0.03797468354430389 0.06015424164524419
1 0.5879043600562588 0.8362467866323908 0.035161744022503605 0.0683804627249357
1 0.600210970464135 0.13521850899742932 0.034458509142053395 0.02879177377892031
1 0.620604781997187 0.14138817480719795 0.03305203938115331 0.05038560411311052
1 0.3080168776371308 0.20077120822622108 0.04781997187060477 0.05192802056555268
1 0.3582981715893108 0.9560411311053985 0.04992967651195501 0.04575835475578405
0 0.5267229254571026 0.6143958868894601 0.049226441631504914 0.0915167095115681
