0 0.4883966244725738 0.6267352185089974 0.04430379746835439 0.05861182519280206
0 0.5232067510548524 0.7622107969151671 0.03656821378340369 0.0498714652956298
0 0.47749648382559773 0.8341902313624678 0.036568213783403636 0.04370179948586117
1 0.8357946554149085 0.021593830334190232 0.030239099859353025 0.026735218508997433
1 0.828762306610408 0.03419023136246786 0.024613220815752457 0.03547557840616967
0 0.399789029535865 0.5205655526992288 0.04711673699015473 0.062210796915167066
0 0.40260196905766527 0.5915167095115681 0.06399437412095643 0.05398457583547556
0 0.1550632911392405 0.5041131105398458 0.05274261603375527 0.04575835475578405
0 0.640646976090014 0.4300771208226221 0.0520393811533052 0.06015424164524419
0 0.41526019690576654 0.4437017994858612 0.05274261603375524 0.08740359897172234
0 0.4419831223628692 0.06323907455012853 0.0428973277074543 0.08123393316195374
1 0.5439521800281294 0.8809768637532134 0.030239099859352914 0.033419023136246784
5 0.8955696202531646 0.5455012853470437 0.20042194092827015 0.06272493573264781
1 0.3635724331926864 0.7359897172236505 0.0253164556962025 0.039588688946015416
