0 0.689873417721519 0.45167095115681233 0.039381153305203975 0.0498714652956298
1 0.5467651195499297 0.5976863753213367 0.04149085794655405 0.04575835475578405
1 0.10935302390998594 0.7143958868894602 0.044303797468354444 0.03753213367609265
1 0.4954289732770746 0.09023136246786632 0.033052039381153364 0.04781491002570695
0 0.2886779184247539 0.5308483290488432 0.03586497890295359 0.04164524421593829
1 0.3628691983122363 0.20591259640102827 0.043600562587904346 0.04164524421593829
1 0.3906469760900141 0.025706940874035987 0.028832630098452883 0.026735218508997426
1 0.5727848101265822 0.9226221079691517 0.03727144866385379 0.04164524421593829
1 0.3836146272855133 0.3372750642673522 0.037271448663853735 0.06683804627249357
1 0.11216596343178621 0.8580976863753214 0.04149085794655413 0.05038560411311055
