1 0.663767019667171 0.6269922879177378 0.04160363086232988 0.03753213367609254
1 0.17473524962178516 0.6154241645244216 0.055975794251134664 0.03084832904884316
0 0.23638426626323752 0.5447300771208226 0.06278366111951589 0.039588688946015416
1 0.6664145234493192 0.5987146529562981 0.04689863842662634 0.027249357326478152
1 0.6584720121028744 0.6048843187660669 0.04009077155824503 0.027249357326478152
1 0.6157337367624811 0.5925449871465296 0.05143721633888054 0.027249357326478152
0 0.737518910741301 0.523650385604113 0.0680786686838124 0.06015424164524419
0 0.1898638426626324 0.4622107969151671 0.06051437216338881 0.054498714652956304
1 0.1762481089258699 0.6403598971722364 0.05295007564296522 0.03547557840616966
0 0.802571860816944 0.44447300771208226 0.04689863842662634 0.04370179948586117
