1 0.271969696969697 0.7410795974382434 0.03080808080808084 0.04574565416285448
1 0.2815656565656566 0.7763037511436414 0.02777777777777779 0.03751143641354071
1 0.2775252525252525 0.8142726440988106 0.02474747474747474 0.06221408966148223
1 0.1527777777777778 0.8243366880146386 0.027777777777777762 0.04574565416285459
1 0.7227272727272727 0.14867337602927722 0.02626262626262632 0.03934126258005488
1 0.15404040404040403 0.7923147301006405 0.030303030303030304 0.040256175663311966
1 0.14444444444444443 0.7557182067703567 0.033333333333333354 0.05489478499542544
1 0.6810606060606061 0.15141811527904847 0.034848484848484795 0.04117108874656908
1 0.6803030303030303 0.1161939615736505 0.025252525252525304 0.04208600182982618
1 0.7388888888888889 0.13083257090576395 0.033333333333333326 0.04208600182982618
