1 0.11961891319689485 0.8538880633977216 0.045871559633027525 0.06240713224368499
1 0.2953422724064926 0.9767211490837049 0.03599153140437544 0.037642397226349655
0 0.4011997177134792 0.5445765230312036 0.04728299223712068 0.044081228330856814
1 0.5254057868736768 0.5299653293709757 0.04304869442484116 0.07330361565131249
1 0.3779110797459422 0.691431401684002 0.048694424841213835 0.037642397226349655
0 0.8719124911785463 0.5185735512630014 0.044460127028934315 0.04160475482912329
1 0.705363443895554 0.42694403169886086 0.041637261820748006 0.03764239722634971
0 0.5850388143966125 0.48637939574046557 0.035285815102328866 0.039623576027736473
0 0.8045165843330981 0.4539375928677563 0.059280169371912494 0.03714710252600295
0 0.8683839096683134 0.47994056463595836 0.028934368383909614 0.0475482912332838
0 0.523288637967537 0.9695393759286776 0.044460127028934315 0.044081228330856925
1 0.3609738884968243 0.6092124814264488 0.03599153140437544 0.039623576027736473
1 0.2932251235003529 0.9383358098068351 0.02893436838390967 0.02724120851906875
