1 0.11961891319689485 0.8538880633977216 0.045871559633027525 0.06240713224368499
1 0.3009880028228652 0.9767211490837049 0.03599153140437544 0.037642397226349655
0 0.6580804516584333 0.5237741456166418 0.047282992237120736 0.044081228330856814
1 0.7074805928016937 0.5403665180782565 0.04304869442484116 0.07330361565131249
1 0.3736767819336627 0.6225854383358098 0.048694424841213835 0.037642397226349766
1 0.7399435426958363 0.4185240217929668 0.04163726182074812 0.037642397226349655
0 0.5741002117148906 0.44774640911342245 0.034580098800282344 0.03764239722634971
0 0.6630204657727594 0.45814759782070336 0.05998588567395913 0.03764239722634971
0 0.7120677487649965 0.4861317483902922 0.031051517290049402 0.04804358593363045
0 0.5176429075511644 0.837295690936107 0.044460127028934315 0.04606240713224374
1 0.3553281580804517 0.650817236255572 0.03599153140437544 0.039623576027736473
1 0.2904022582921666 0.9006934125804853 0.02893436838390967 0.02724120851906886
