1 0.11961891319689485 0.8538880633977216 0.045871559633027525 0.06240713224368499
1 0.30804516584333097 0.9767211490837049 0.03599153140437544 0.037642397226349655
0 0.9177840508115738 0.5111441307578009 0.047282992237120736 0.043585933630510165
1 0.3267466478475653 0.549777117384844 0.04798870853916726 0.037642397226349655
1 0.7858151023288638 0.41654284299157995 0.041637261820748006 0.03764239722634971
0 0.5628087508821453 0.4101040118870728 0.034580098800282344 0.037642397226349655
0 0.5712773465067043 0.47696879643387813 0.05998588567395913 0.03764239722634971
0 0.5995059985885673 0.5069341258048539 0.03034580098800277 0.048043585933630506
0 0.5204657727593507 0.7206537890044576 0.044460127028934315 0.04556711243189704
1 0.3468595624558928 0.6924219910846954 0.03599153140437544 0.039623576027736473
1 0.28793225123500354 0.8645368994551759 0.029640084685956247 0.02922238732045568
