1 0.11961891319689485 0.8538880633977216 0.045871559633027525 0.06240713224368499
1 0.31792519407198305 0.9415552253590886 0.03599153140437544 0.037642397226349655
1 0.2572335920959774 0.487369985141159 0.048694424841213835 0.037642397226349655
1 0.8330980945659845 0.41654284299157995 0.04163726182074812 0.03764239722634971
0 0.5508115737473536 0.3717186726102031 0.0359915314043755 0.03516592372461613
0 0.5204657727593507 0.5081723625557206 0.05857445306986586 0.03764239722634971
0 0.523288637967537 0.5507677067855374 0.03034580098800277 0.047548291233283746
0 0.7565278757939309 0.44774640911342245 0.05504587155963303 0.03764239722634971
0 0.7399435426958363 0.48291233283803864 0.050105857445307045 0.037642397226349655
0 0.5606916019760056 0.616394254581476 0.044460127028934426 0.04606240713224363
1 0.3341566690190544 0.7340267459138188 0.03599153140437544 0.039623576027736473
1 0.2836979534227241 0.8278850916295195 0.029640084685956247 0.02724120851906886
