1 0.11961891319689485 0.8538880633977216 0.045871559633027525 0.06240713224368499
1 0.3274523641496119 0.8977216443784051 0.03669724770642202 0.03714710252600295
1 0.09703599153140438 0.46656760772659733 0.04728299223712068 0.037642397226349655
1 0.8803810868031052 0.4143140168400198 0.041637261820748006 0.037147102526003006
0 0.5494001411432604 0.3340762753838534 0.0359915314043755 0.03516592372461619
0 0.4745942131263232 0.62481426448737 0.05857445306986592 0.03714710252600306
0 0.4872971065631616 0.6154036651807826 0.030345800988002825 0.04804358593363045
0 0.5924488355681017 0.4351163942545815 0.05575158786167955 0.03714710252600295
0 0.5412844036697249 0.47052996532937097 0.04940014114326041 0.037642397226349655
0 0.7215949188426253 0.5267459138187222 0.044460127028934426 0.04606240713224374
1 0.3232180663373324 0.775631500742942 0.03669724770642202 0.039623576027736473
1 0.28087508821453777 0.7912332838038634 0.029640084685956247 0.02922238732045568
