1 0.11961891319689485 0.8538880633977216 0.045871559633027525 0.06240713224368499
1 0.33839096683133385 0.8538880633977217 0.03599153140437544 0.037642397226349655
1 0.9262526464361327 0.4101040118870728 0.04163726182074812 0.037642397226349655
0 0.5494001411432604 0.29668152550767707 0.0359915314043755 0.03566121842496284
0 0.4456598447424136 0.7476473501733532 0.05857445306986592 0.03714710252600306
0 0.4774170783345095 0.6904408122833086 0.030345800988002825 0.04754829123328386
0 0.42307692307692313 0.4351163942545815 0.05575158786167961 0.03714710252600295
0 0.3299223712067749 0.462109955423477 0.05010585744530699 0.03764239722634971
0 0.8761467889908257 0.545567112431897 0.044460127028934315 0.04606240713224363
0 0.11150317572335922 0.536404160475483 0.062103034580098804 0.039623576027736473
1 0.3108680310515173 0.8172362555720654 0.03599153140437544 0.039623576027736473
1 0.28087508821453777 0.7540861812778603 0.029640084685956247 0.02922238732045568
