1 0.592801693719125 0.7050520059435363 0.031051517290049402 0.02724120851906886
1 0.11961891319689485 0.8538880633977216 0.045871559633027525 0.06240713224368499
1 0.35956245589273117 0.7684497275879147 0.03599153140437544 0.03714710252600295
0 0.5479887085391673 0.2300643883110451 0.0359915314043755 0.03516592372461616
0 0.46224417784050814 0.9549281822684497 0.031051517290049402 0.039623576027736473
0 0.16125617501764292 0.5468053491827638 0.05716302046577276 0.039623576027736473
0 0.5063514467184191 0.7736503219415551 0.041637261820748006 0.03566121842496284
0 0.43436838390966837 0.6007924715205547 0.06422018348623854 0.0525012382367509
0 0.6383203952011292 0.4422981674096087 0.052928722653493354 0.03962357602773653
1 0.2939308398023994 0.8893016344725111 0.03599153140437544 0.03714710252600295
1 0.6009174311926606 0.9143140168400199 0.02470007057163015 0.037642397226349655
1 0.573394495412844 0.920752847944527 0.03316866619618919 0.037642397226349655
1 0.2988708539167255 0.678801386825161 0.02893436838390967 0.02922238732045568
