1 0.5995059985885673 0.670381376919267 0.03034580098800277 0.02922238732045568
1 0.11961891319689485 0.8538880633977216 0.045871559633027525 0.06240713224368499
1 0.3652081863091038 0.7246161466072314 0.03599153140437544 0.037642397226349655
0 0.5455187014820042 0.2050520059435364 0.03669724770642202 0.035661218424962865
0 0.2050105857445307 0.5235264982664685 0.03599153140437544 0.039623576027736473
0 0.3697953422724065 0.5780089153046062 0.056457304163726185 0.039623576027736473
0 0.521877205363444 0.661218424962853 0.041637261820748006 0.03566121842496284
0 0.4664784756527876 0.7184249628528975 0.06351446718419196 0.053987122337791016
0 0.4537755822159492 0.14561664190193163 0.03669724770642202 0.05448241703813769
0 0.399788285109386 0.43313521545319467 0.0529287226534933 0.03714710252600295
1 0.2953422724064926 0.9311540366518078 0.03599153140437544 0.037642397226349655
1 0.5606916019760056 0.9370975730559683 0.02470007057163026 0.037642397226349766
1 0.5776287932251235 0.8746904408122833 0.03316866619618919 0.037642397226349766
1 0.3143966125617502 0.6456166419019316 0.02893436838390967 0.02922238732045568
