1 0.6065631616090332 0.6371966319960376 0.03034580098800277 0.02922238732045568
1 0.11961891319689485 0.8538880633977216 0.045871559633027525 0.06240713224368499
1 0.3419195483415667 0.6934125804853888 0.020465772759350742 0.024764735017335338
1 0.3676781933662668 0.6852402179296682 0.03669724770642202 0.03714710252600306
0 0.5412844036697247 0.17781079742446754 0.03669724770642202 0.035661218424962865
1 0.596683133380381 0.9484893511639425 0.03034580098800277 0.039623576027736473
0 0.38990825688073394 0.5468053491827638 0.03599153140437544 0.039623576027736473
0 0.45942131263232183 0.6852402179296682 0.05504587155963303 0.03714710252600306
0 0.573394495412844 0.5809806835066864 0.04163726182074812 0.037642397226349655
0 0.45236414961185606 0.83308568598316 0.06351446718419196 0.05448241703813772
0 0.4513055751587862 0.27464091134224866 0.03599153140437544 0.05398712233779096
1 0.5462244177840507 0.15998018821198612 0.02399435426958363 0.04160475482912332
0 0.15772759350741003 0.43734522040614165 0.0529287226534933 0.037642397226349655
0 0.4565984474241355 0.10178306092124814 0.022582921665490474 0.04606240713224369
1 0.29675370501058573 0.9727587914809313 0.03599153140437544 0.037642397226349655
1 0.5190543401552576 0.9435364041604755 0.02470007057163015 0.037642397226349655
1 0.584333098094566 0.8350668647845467 0.03387438249823571 0.037642397226349655
1 0.33098094565984476 0.6144130757800892 0.029640084685956247 0.02922238732045568
