1 0.5995059985885673 0.6102030708271422 0.02752293577981646 0.037642397226349655
1 0.11750176429075512 0.8528974739970282 0.04446012702893437 0.060425953442298175
1 0.339802399435427 0.6518078256562654 0.019054340155257588 0.024764735017335338
1 0.36485532815808047 0.6560178306092125 0.028228652081863093 0.03714710252600306
1 0.6023288637967537 0.9029222387320455 0.03034580098800277 0.03566121842496284
0 0.4527170077628794 0.678801386825161 0.04728299223712068 0.05002476473501738
0 0.45518701482004237 0.7999009410599307 0.031051517290049402 0.06240713224368499
0 0.7342978122794637 0.5559683011391778 0.04163726182074812 0.04606240713224374
0 0.42307692307692313 0.40193164933135217 0.03599153140437544 0.05398712233779096
1 0.5412844036697247 0.13917781079742447 0.025405786873676783 0.04160475482912332
0 0.47035991531404375 0.22263496780584446 0.03599153140437544 0.0629024269440317
1 0.46753705010585744 0.9432887568103021 0.03599153140437544 0.05002476473501738
1 0.600211714890614 0.7976721149083705 0.026111503175723305 0.03714710252600295
1 0.344742413549753 0.5705794947994056 0.02893436838390967 0.03368003962357602
