1 0.596683133380381 0.5725606736007924 0.02752293577981646 0.037642397226349655
1 0.11679604798870855 0.8528974739970282 0.043048694424841216 0.060425953442298175
1 0.3426252646436133 0.616394254581476 0.019054340155257588 0.033184744923229315
1 0.3634438955539873 0.6186230807330362 0.025405786873676783 0.037642397226349655
0 0.5211714890613973 0.9695393759286776 0.028934368383909614 0.044081228330856925
1 0.6023288637967537 0.8603268945022289 0.03034580098800277 0.037642397226349655
0 0.4513055751587862 0.7996532937097574 0.04728299223712068 0.05002476473501727
0 0.4565984474241355 0.9370975730559683 0.031051517290049402 0.05844477464091136
0 0.9079040225829217 0.5601783060921248 0.04163726182074812 0.04556711243189704
0 0.4273112208892026 0.5309559187716691 0.03599153140437544 0.05448241703813772
1 0.534227240649259 0.09559187716691431 0.025405786873676783 0.04160475482912333
0 0.4527170077628794 0.3434868746904408 0.03599153140437544 0.0629024269440317
1 0.16337332392378265 0.7736503219415551 0.024700070571630206 0.026745913818722156
1 0.40261115031757233 0.9601287766220902 0.03599153140437544 0.05002476473501738
1 0.6100917431192661 0.7518573551263001 0.026111503175723305 0.037642397226349766
1 0.35885673959068454 0.5289747399702822 0.02893436838390967 0.03368003962357602
