1 0.5980945659844743 0.5309559187716691 0.02752293577981646 0.037642397226349766
1 0.11609033168666197 0.8519068845963348 0.04163726182074806 0.05844477464091136
1 0.34827099505998593 0.5705794947994056 0.019054340155257588 0.03368003962357602
1 0.36908962597035994 0.5725606736007924 0.025405786873676783 0.037642397226349655
0 0.5282286520818631 0.8330856859831599 0.028934368383909614 0.04556711243189693
1 0.6037402964008469 0.8142644873699851 0.03034580098800277 0.037642397226349766
0 0.4456598447424136 0.9224863793957405 0.04728299223712068 0.05002476473501727
0 0.4456598447424136 0.6456166419019317 0.03599153140437544 0.053987122337791016
1 0.5303458009880029 0.05794947994056464 0.02470007057163015 0.041604754829123326
1 0.1496118560338744 0.7518573551263001 0.022582921665490474 0.028727092620108974
0 0.42589978828510944 0.45170876671619614 0.03599153140437544 0.06240713224368499
1 0.16619618913196896 0.7570579494799405 0.024700070571630206 0.02724120851906886
1 0.35109386026817224 0.9757305596830115 0.03599153140437544 0.04358593363051011
1 0.6100917431192661 0.7122337790985636 0.026111503175723305 0.037642397226349655
1 0.34897671136203245 0.4871223377909856 0.02893436838390967 0.033184744923229315
