1 0.6023288637967537 0.487369985141159 0.02752293577981646 0.037642397226349655
0 0.16266760762173607 0.545567112431897 0.04022582921665491 0.053987122337790905
1 0.11538461538461539 0.8528974739970282 0.04022582921665491 0.05646359583952454
1 0.3553281580804517 0.5289747399702822 0.019054340155257588 0.03368003962357602
1 0.37473535638673255 0.5309559187716691 0.025405786873676783 0.037642397226349766
0 0.5352858151023289 0.6976225854383358 0.028934368383909614 0.04606240713224363
1 0.6079745942131263 0.7372461614660724 0.03034580098800277 0.03714710252600295
0 0.4484827099505999 0.7704309063893017 0.03599153140437544 0.053987122337791016
1 0.5247000705716303 0.03219415552253591 0.02470007057163015 0.03962357602773651
1 0.1524347212420607 0.7248637939574047 0.022582921665490474 0.02922238732045568
0 0.42166549047283 0.5705794947994056 0.03599153140437544 0.06240713224368499
1 0.16901905434015527 0.727835562159485 0.024700070571630206 0.02724120851906886
1 0.6100917431192661 0.674591381872214 0.026111503175723305 0.037642397226349655
1 0.3376852505292872 0.4519564140663695 0.02893436838390967 0.033184744923229315
