1 0.6079745942131263 0.403912828132739 0.02752293577981646 0.03714710252600295
0 0.5014114326040932 0.5601783060921248 0.04022582921665485 0.05448241703813772
0 0.4661256175017643 0.11441307578008915 0.033168666196189134 0.03764239722634968
0 0.07727593507410022 0.8935116394254581 0.03599153140437544 0.04160475482912329
1 0.11397318278052224 0.8519068845963348 0.0374029640084686 0.05448241703813772
1 0.3662667607621736 0.4539375928677563 0.019760056457304165 0.033184744923229315
1 0.38708539167254763 0.44774640911342245 0.024700070571630206 0.03764239722634971
0 0.5377558221594918 0.45195641406636944 0.032462949894142556 0.04606240713224369
1 0.056457304163726185 0.6644378405151066 0.025405786873676783 0.033184744923229315
0 0.12103034580098801 0.5435859336305102 0.045871559633027525 0.05002476473501727
1 0.6072688779110798 0.6966319960376424 0.028934368383909614 0.044081228330856814
1 0.14255469301340862 0.6768202080237742 0.022582921665490474 0.02922238732045568
0 0.43436838390966837 0.8580980683506686 0.03599153140437544 0.0629024269440317
1 0.16337332392378265 0.6748390292223874 0.024700070571630206 0.02922238732045568
1 0.6460832745236416 0.5978207033184746 0.026111503175723416 0.037642397226349655
1 0.31721947776993653 0.3779098563645369 0.02893436838390967 0.043585933630510165
1 0.5613973182780523 0.9477464091134224 0.023288637967537107 0.05002476473501727
