1 0.6192660550458715 0.3704804358593363 0.02752293577981646 0.037642397226349655
0 0.6679604798870854 0.537147102526003 0.04163726182074812 0.053987122337791016
0 0.4618913196894848 0.21446260525012384 0.033168666196189134 0.03764239722634968
0 0.15913902611150318 0.8766716196136701 0.03599153140437544 0.0416047548291234
1 0.11326746647847566 0.8528974739970282 0.03599153140437544 0.0525012382367509
1 0.36908962597035994 0.41629519564140666 0.019760056457304165 0.033184744923229315
1 0.38708539167254763 0.4309063893016345 0.024700070571630206 0.03764239722634971
0 0.5405786873676781 0.3538880633977216 0.032462949894142556 0.050024764735017324
1 0.08856739590684545 0.678801386825161 0.024700070571630206 0.033184744923229315
0 0.3002822865208187 0.5559683011391778 0.048694424841213835 0.05002476473501738
1 0.6122088920254058 0.6654284299158 0.03034580098800277 0.044081228330856814
0 0.5038814396612562 0.9078751857355126 0.031051517290049402 0.0416047548291234
1 0.13161609033168667 0.6540366518078256 0.021877205363443897 0.02922238732045568
1 0.15808045165843332 0.6498266468548787 0.022582921665490474 0.04556711243189704
1 0.6460832745236416 0.5851906884596334 0.026111503175723416 0.03714710252600295
1 0.2981651376146789 0.3434868746904408 0.030345800988002825 0.04606240713224363
1 0.5656316160903316 0.9165428429915801 0.023288637967537107 0.05002476473501727
