1 0.6192660550458715 0.3353145121347202 0.02752293577981646 0.03764239722634971
0 0.8330980945659845 0.5331847449232293 0.04163726182074812 0.053987122337791016
0 0.460832745236415 0.30807330361565133 0.03387438249823571 0.037642397226349655
0 0.2177134791813691 0.816245666171372 0.03599153140437544 0.0416047548291234
1 0.11256175017642908 0.8516592372461614 0.03458009880028229 0.05002476473501738
1 0.3705010585744531 0.37667161961367013 0.019760056457304165 0.033184744923229315
1 0.3969654199011997 0.3684992570579495 0.024700070571630206 0.03764239722634971
0 0.5405786873676781 0.30386329866270434 0.032462949894142556 0.050024764735017324
1 0.11644318983768526 0.7100049529470034 0.025405786873676783 0.033184744923229315
0 0.42942836979534227 0.6203566121842496 0.048694424841213835 0.05002476473501738
0 0.523288637967537 0.9455175829618623 0.03034580098800277 0.03368003962357602
0 0.5031757233592096 0.8987122337790985 0.026817219477769938 0.03912828132738977
1 0.6302046577275935 0.6235760277365032 0.031051517290049402 0.04358593363051022
0 0.5063514467184191 0.7914809311540367 0.03034580098800277 0.04160475482912329
1 0.11362032462949895 0.6267954432887568 0.022582921665490474 0.02922238732045568
1 0.14255469301340862 0.620604259534423 0.022582921665490474 0.04556711243189704
1 0.6587861679604798 0.5247647350173352 0.026111503175723416 0.03714710252600295
1 0.5726887791107975 0.8808816245666171 0.023288637967537107 0.05002476473501738
