1 0.6136203246294989 0.2976721149083705 0.02752293577981646 0.037642397226349655
0 0.4040225829216655 0.4016840019811788 0.033168666196189134 0.037642397226349655
0 0.25088214537755826 0.7330361565131254 0.03599153140437544 0.04160475482912329
1 0.1122088920254058 0.8516592372461614 0.03387438249823571 0.05002476473501738
1 0.381439661256175 0.341505695889054 0.019054340155257588 0.033184744923229315
1 0.4079040225829217 0.33308568598316 0.025405786873676783 0.037147102526003006
0 0.08997882851093861 0.5267459138187222 0.0529287226534933 0.053987122337791016
0 0.5405786873676781 0.2870232788509163 0.032462949894142556 0.050024764735017324
1 0.12879322512350036 0.7434373452204062 0.024700070571630206 0.03368003962357602
0 0.4463655610444601 0.7456661713719663 0.048694424841213835 0.05002476473501738
0 0.5370501058574453 0.8288756810302129 0.031051517290049402 0.033184744923229315
0 0.5052928722653494 0.794452699356117 0.025405786873676783 0.039623576027736473
0 0.5419901199717714 0.7706785537394749 0.026817219477769938 0.037642397226349655
1 0.6439661256175018 0.5861812778603268 0.03034580098800288 0.044081228330856814
0 0.513408609738885 0.6726102030708272 0.03034580098800277 0.04160475482912329
1 0.08997882851093861 0.6099554234769688 0.021877205363443897 0.02922238732045568
1 0.1150317572335921 0.6017830609212482 0.022582921665490474 0.04556711243189693
1 0.6411432604093155 0.46656760772659733 0.02470007057163026 0.037642397226349655
1 0.5755116443189838 0.8476968796433878 0.023288637967537107 0.05002476473501738
