1 0.6107974594213126 0.26448736998514116 0.02752293577981646 0.03764239722634968
0 0.27064220183486243 0.4539375928677563 0.033168666196189134 0.03714710252600295
0 0.2776993648553282 0.683011391778108 0.03599153140437544 0.0416047548291234
1 0.11150317572335922 0.8528974739970283 0.032462949894142556 0.047548291233283746
1 0.3884968242766408 0.30386329866270434 0.019054340155257588 0.03318474492322937
1 0.40649258997882853 0.2976721149083705 0.025405786873676783 0.037642397226349655
0 0.2720536344389556 0.5475482912332839 0.0529287226534933 0.053987122337790905
0 0.5405786873676781 0.27265973254086184 0.032462949894142556 0.050024764735017324
1 0.14678899082568808 0.7768697374938087 0.025405786873676783 0.033184744923229315
0 0.43930839802399435 0.10599306587419514 0.05434015525758645 0.05844477464091133
0 0.4322512350035286 0.8749380881624567 0.048694424841213835 0.05002476473501738
0 0.5412844036697247 0.7248637939574047 0.031051517290049402 0.033184744923229315
0 0.513408609738885 0.6894502228826151 0.02470007057163015 0.037642397226349766
0 0.5412844036697247 0.6641901931649332 0.025405786873676783 0.04160475482912329
1 0.6637261820748059 0.5591877166914314 0.03034580098800288 0.04358593363051022
0 0.9036697247706422 0.4559187716691432 0.044460127028934426 0.04606240713224369
0 0.5508115737473536 0.5725606736007924 0.03034580098800288 0.04160475482912329
1 0.062103034580098804 0.5936106983655275 0.022582921665490474 0.029222387320455567
1 0.07939308398023995 0.5861812778603268 0.020465772759350742 0.03516592372461613
1 0.27522935779816515 0.678801386825161 0.029640084685956247 0.05002476473501738
1 0.6386732533521524 0.42050520059435365 0.025405786873676783 0.037642397226349655
1 0.5836273817925195 0.8016344725111442 0.02399435426958363 0.05002476473501727
