1 0.60515172900494 0.2161961367013373 0.03034580098800277 0.070827142149579
0 0.10056457304163727 0.4497275879148093 0.0374029640084686 0.037642397226349655
1 0.11009174311926606 0.8496780584447746 0.032462949894142556 0.04606240713224374
0 0.5434015525758644 0.8684992570579495 0.032462949894142556 0.04606240713224374
1 0.3884968242766408 0.2590391282813274 0.019054340155257588 0.0396235760277365
1 0.4043754410726888 0.25482912332838037 0.02117148906139732 0.05200594353640417
0 0.42095977417078334 0.5633977216443784 0.051517290049400144 0.031203566121842496
0 0.545165843330981 0.24665676077265974 0.044460127028934426 0.04358593363051014
1 0.15490472829922372 0.8184744923229321 0.04163726182074806 0.042100049529469996
0 0.46541990119971777 0.21743437345220407 0.0374029640084686 0.052501238236750875
1 0.2720536344389556 0.20183259039128282 0.033168666196189134 0.02922238732045568
0 0.5504587155963303 0.6310054482417038 0.026817219477769938 0.037642397226349655
0 0.5726887791107975 0.5789995047052996 0.028934368383909725 0.037642397226349655
0 0.6383203952011292 0.5589400693412581 0.04163726182074812 0.031203566121842496
1 0.6926605504587156 0.5185735512630014 0.03316866619618908 0.04160475482912329
0 0.03352152434721242 0.5037147102526003 0.04022582921665491 0.04160475482912335
0 0.712773465067043 0.44254581475978205 0.035285815102328866 0.048043585933630506
0 0.5405786873676781 0.47275879148093114 0.026817219477769938 0.050024764735017324
1 0.04410726887791108 0.5913818722139672 0.03599153140437544 0.03368003962357602
1 0.32251235003528583 0.6352154531946508 0.029640084685956247 0.05002476473501727
1 0.6266760762173607 0.3756810302129767 0.026817219477769938 0.03516592372461613
1 0.5800988002822866 0.7654779593858345 0.025405786873676783 0.031203566121842496
0 0.19054340155257588 0.5331847449232294 0.062103034580098804 0.033184744923229315
