1 0.596683133380381 0.183011391778108 0.03034580098800277 0.070827142149579
1 0.11009174311926606 0.8467062902426944 0.032462949894142556 0.044081228330856925
0 0.547635850388144 0.7726597325408617 0.032462949894142556 0.04556711243189693
1 0.3913196894848271 0.21743437345220407 0.019054340155257588 0.043585933630510165
1 0.4079040225829217 0.21941555225359088 0.019760056457304165 0.05646359583952454
0 0.5462244177840508 0.5777612679544328 0.05081157374735357 0.031203566121842496
0 0.5388143966125618 0.1589895988112927 0.044460127028934315 0.04358593363051014
1 0.17607621736062104 0.8528974739970283 0.04446012702893437 0.04358593363051011
0 0.4534227240649259 0.3197127290737989 0.0374029640084686 0.05200594353640414
1 0.22618207480592803 0.17062902426944032 0.033168666196189134 0.02922238732045568
0 0.5642201834862386 0.5269935611688954 0.026111503175723416 0.037642397226349655
0 0.7293577981651376 0.5247647350173352 0.028934368383909725 0.03714710252600295
0 0.7928722653493296 0.5381376919266965 0.041637261820748006 0.031203566121842496
1 0.7223006351446719 0.47994056463595836 0.034580098800282344 0.03962357602773653
0 0.19371912491178547 0.5101535413571074 0.04022582921665491 0.04160475482912335
0 0.521877205363444 0.4351163942545815 0.02752293577981646 0.050024764735017324
0 0.37120677487649967 0.4380881624566617 0.026817219477769938 0.0520059435364042
1 0.020465772759350742 0.5809806835066864 0.028228652081863093 0.03368003962357602
1 0.33627381792519406 0.62481426448737 0.02893436838390967 0.05002476473501738
1 0.6224417784050811 0.3298662704309064 0.026817219477769938 0.03566121842496284
1 0.584333098094566 0.727835562159485 0.025405786873676783 0.031203566121842496
0 0.3115737473535639 0.5520059435364042 0.06280875088214538 0.033184744923229315
