1 0.584333098094566 0.1790490341753343 0.031051517290049402 0.070827142149579
1 0.11009174311926606 0.841505695889054 0.032462949894142556 0.0416047548291234
0 0.550105857445307 0.620604259534423 0.031757233592096035 0.04556711243189704
1 0.3969654199011997 0.13818722139673106 0.019054340155257588 0.04358593363051014
1 0.41496118560338746 0.13843486874690442 0.019760056457304165 0.052005943536404156
0 0.8083980239943542 0.5173353145121347 0.0515172900494002 0.031203566121842496
1 0.18454481298517997 0.9091134224863794 0.04446012702893437 0.044081228330856925
0 0.23253352152434723 0.4549281822684497 0.0374029640084686 0.0520059435364042
1 0.1429075511644319 0.12902426944031697 0.033168666196189134 0.029222387320455664
0 0.3323923782639379 0.44353640416047546 0.026817219477769938 0.037147102526003006
1 0.7879322512350035 0.42595344229816745 0.03458009880028223 0.03962357602773653
0 0.5028228652081863 0.5393759286775632 0.04022582921665485 0.04160475482912329
0 0.13585038814396613 0.4455175829618623 0.027522935779816515 0.050024764735017324
0 0.02611150317572336 0.4361069836552749 0.019760056457304165 0.0520059435364042
1 0.8482709950599859 0.6225854383358098 0.03952011291460833 0.037642397226349766
1 0.8419195483415667 0.603764239722635 0.026817219477769938 0.0208023774145617
1 0.4019054340155258 0.5747894997523526 0.02893436838390967 0.05002476473501727
1 0.3260409315455187 0.9299157999009411 0.03669724770642202 0.023278850916295224
1 0.6238532110091743 0.2550767706785537 0.026817219477769938 0.03566121842496284
1 0.584333098094566 0.657008420009906 0.025405786873676783 0.031203566121842496
0 0.46153846153846156 0.691431401684002 0.062103034580098804 0.03368003962357602
