1 0.5592801693719125 0.1849925705794948 0.03034580098800288 0.070827142149579
0 0.019054340155257588 0.553987122337791 0.025405786873676783 0.053987122337791016
1 0.11009174311926606 0.8395245170876672 0.032462949894142556 0.0416047548291234
0 0.5959774170783345 0.5705794947994056 0.031757233592095924 0.04556711243189693
1 0.39837685250529287 0.1030212976721149 0.019054340155257588 0.04358593363051015
1 0.4163726182074806 0.10277365032194155 0.019760056457304165 0.05200594353640414
0 0.9573041637261821 0.49653293709757307 0.031757233592095924 0.03120356612184244
1 0.1930134086097389 0.9487369985141159 0.04446012702893437 0.044081228330856814
1 0.10374029640084687 0.10599306587419514 0.03387438249823571 0.028727092620108974
0 0.1838390966831334 0.4539375928677563 0.02611150317572336 0.03714710252600295
1 0.8366266760762173 0.4091134224863794 0.034580098800282344 0.039623576027736473
0 0.6750176429075512 0.5185735512630014 0.04022582921665485 0.04160475482912329
1 0.8119266055045872 0.6300148588410104 0.03881439661256181 0.039623576027736473
1 0.8002822865208186 0.6082218920257554 0.026817219477769938 0.0208023774145617
0 0.11115031757233593 0.5435859336305102 0.048694424841213835 0.05002476473501727
1 0.4710656316160904 0.562407132243685 0.02893436838390967 0.05002476473501738
1 0.3341566690190544 0.8860822189202575 0.03599153140437544 0.02278355621594852
1 0.6213832039520113 0.22164437840515105 0.026111503175723305 0.03516592372461616
1 0.5829216654904729 0.6218424962852898 0.025405786873676783 0.031203566121842496
0 0.4428369795342273 0.7830609212481426 0.04728299223712068 0.0416047548291234
