1 0.4982357092448836 0.19341258048538879 0.031051517290049402 0.070827142149579
0 0.22900494001411434 0.562407132243685 0.030345800988002825 0.053987122337791016
1 0.11009174311926606 0.8360574541852401 0.032462949894142556 0.039623576027736473
0 0.6947776993648553 0.553987122337791 0.031757233592095924 0.04606240713224363
1 0.4008468595624559 0.0633977216443784 0.019760056457304165 0.04358593363051016
1 0.4206069160197601 0.06537890044576522 0.019760056457304165 0.05250123823675086
0 0.11750176429075512 0.5517582961862308 0.027522935779816515 0.037642397226349655
1 0.07586450247000706 0.07899950470529965 0.033168666196189134 0.02922238732045568
0 0.03916725476358504 0.4561664190193165 0.02328863796753705 0.037642397226349655
1 0.8906139731827805 0.39474987617632495 0.035285815102328866 0.03962357602773653
0 0.10515172900494002 0.5111441307578009 0.019760056457304165 0.043585933630510165
0 0.8281580804516584 0.5143635463100544 0.04022582921665496 0.042100049529469996
1 0.7829922371206774 0.6349678058444774 0.0388143966125617 0.04160475482912329
1 0.7671136203246296 0.6082218920257554 0.026817219477769938 0.0208023774145617
0 0.33062808750882144 0.5520059435364042 0.048694424841213835 0.05002476473501727
1 0.5920959774170784 0.5351659237246161 0.029640084685956247 0.05002476473501738
1 0.3426252646436133 0.8424962852897474 0.03599153140437544 0.02278355621594841
1 0.6157374735356387 0.16740960871718674 0.026111503175723305 0.035661218424962865
1 0.5871559633027523 0.5861812778603268 0.025405786873676783 0.031203566121842496
0 0.4407198306280875 0.8935116394254581 0.04022582921665491 0.04556711243189693
