1 0.44989414255469307 0.19341258048538879 0.030345800988002825 0.070827142149579
0 0.44142554693013414 0.5579494799405647 0.030345800988002825 0.053987122337791016
1 0.11150317572335922 0.8236750866765725 0.032462949894142556 0.039623576027736473
0 0.84333098094566 0.5475482912332839 0.032462949894142556 0.04606240713224363
1 0.4050811573747354 0.02773650321941555 0.019760056457304165 0.04358593363051015
0 0.31792519407198305 0.5517582961862308 0.027522935779816515 0.037642397226349655
1 0.056810162314749474 0.05373947498761763 0.03599153140437544 0.029222387320455664
1 0.9410726887791108 0.3922734026745914 0.03316866619618908 0.039623576027736473
0 0.29745942131263237 0.5165923724616146 0.03175723359209598 0.04160475482912329
0 0.9731827805222301 0.5143635463100544 0.028228652081863093 0.042100049529469996
1 0.7621736062103035 0.6371966319960376 0.03952011291460833 0.04606240713224363
1 0.752999294283698 0.6082218920257554 0.026817219477769938 0.0208023774145617
0 0.46541990119971777 0.6644378405151065 0.048694424841213835 0.05002476473501738
1 0.321453775582216 0.9715205547300645 0.03458009880028229 0.02724120851906886
1 0.7307692307692308 0.5391282813273898 0.028934368383909725 0.05002476473501738
1 0.34827099505998593 0.7986627043090639 0.03599153140437544 0.023278850916295224
1 0.6044460127028934 0.1258048538880634 0.026111503175723305 0.03566121842496284
1 0.5942131263232181 0.5485388806339773 0.025405786873676783 0.031203566121842496
0 0.4573041637261821 0.966319960376424 0.040931545518701484 0.0416047548291234
