1 0.3941425546930134 0.19341258048538879 0.030345800988002825 0.070827142149579
0 0.6358503881439661 0.537147102526003 0.031051517290049402 0.053987122337791016
1 0.11397318278052224 0.8093115403665181 0.03175723359209598 0.039623576027736584
0 0.513408609738885 0.5725606736007924 0.02752293577981646 0.037642397226349655
1 0.048341566690190546 0.04457652303120357 0.03599153140437544 0.026745913818722142
0 0.4710656316160904 0.5433382862803369 0.03175723359209598 0.04160475482912329
1 0.7533521524347213 0.6352154531946508 0.04022582921665496 0.04606240713224363
1 0.7420606916019761 0.6102030708271422 0.026111503175723416 0.0208023774145617
0 0.4922371206774877 0.7912332838038634 0.048694424841213835 0.05002476473501727
1 0.321453775582216 0.9279346210995543 0.03458009880028229 0.02724120851906886
1 0.8839096683133381 0.5475482912332839 0.028934368383909614 0.05002476473501727
1 0.35109386026817224 0.7528479445269936 0.03599153140437544 0.02278355621594841
1 0.5988002822865208 0.0861812778603269 0.026111503175723305 0.035661218424962865
1 0.8620324629498941 0.5923724616146607 0.03034580098800277 0.039623576027736584
1 0.596683133380381 0.5069341258048539 0.02470007057163015 0.031203566121842552
