1 0.33556810162314754 0.19143140168400197 0.030345800988002825 0.070827142149579
0 0.8440366972477065 0.5351659237246161 0.031051517290049402 0.053987122337791016
1 0.12808750882145378 0.7885091629519565 0.03175723359209598 0.039623576027736473
0 0.6898376852505292 0.553987122337791 0.02752293577981646 0.03714710252600295
1 0.048341566690190546 0.04457652303120357 0.03599153140437544 0.026745913818722142
0 0.6517290049400142 0.5289747399702823 0.031757233592096035 0.0416047548291234
1 0.7491178546224417 0.6300148588410104 0.04022582921665496 0.04754829123328386
1 0.7335920959774171 0.6141654284299158 0.026111503175723416 0.0208023774145617
0 0.4544812985179958 0.9101040118870728 0.04798870853916726 0.05002476473501738
1 0.321453775582216 0.8821198613174839 0.03458009880028229 0.026745913818722156
1 0.35391672547635855 0.7070331847449232 0.03599153140437544 0.023278850916295224
1 0.6030345800988003 0.04655770183259039 0.026111503175723305 0.03566121842496285
1 0.7981651376146789 0.5864289252105002 0.031051517290049402 0.039623576027736473
1 0.5956245589273113 0.46334819217434375 0.025405786873676783 0.031203566121842496
