1 0.2766407904022583 0.18103021297672117 0.032462949894142556 0.070827142149579
0 0.5426958362738179 0.8340762753838534 0.03387438249823571 0.06438831104507181
1 0.11679604798870855 0.7726597325408617 0.03458009880028229 0.04160475482912329
0 0.8719124911785463 0.5351659237246162 0.02752293577981646 0.03714710252600295
1 0.048341566690190546 0.04457652303120357 0.03599153140437544 0.026745913818722142
0 0.84333098094566 0.5143635463100544 0.032462949894142556 0.042100049529469996
1 0.7491178546224417 0.6300148588410104 0.04022582921665496 0.04754829123328386
1 0.7254763585038815 0.620604259534423 0.026817219477769938 0.02080237741456159
1 0.321453775582216 0.8363051015354135 0.03458009880028229 0.03516592372461613
1 0.358151023288638 0.661218424962853 0.03599153140437544 0.02278355621594852
1 0.6460832745236416 0.022535908865775136 0.026111503175723416 0.03318474492322932
1 0.7328863796753705 0.588410104011887 0.03034580098800288 0.039623576027736473
1 0.5786873676781934 0.4341258048538881 0.025405786873676783 0.031203566121842496
