4 0.11607813673929376 0.778032619775739 0.04733283245679941 0.07288481141692149
4 0.2749812171299775 0.7759938837920489 0.05409466566491361 0.0728848114169216
1 0.26521412471825695 0.5558103975535168 0.03606311044327573 0.024974515800203934
1 0.19797145003756572 0.5310907237512743 0.024793388429752067 0.033639143730886834
1 0.8568745304282495 0.5341488277268094 0.027798647633358375 0.02752293577981657
1 0.015401953418482344 0.463302752293578 0.02329075882794891 0.03567787971457692
4 0.9038317054845981 0.6549439347604485 0.07813673929376408 0.04791029561671767
4 0.5011269722013524 0.7632517838939857 0.03305785123966937 0.0688073394495412
4 0.17993989481592787 0.9403669724770642 0.04432757325319309 0.060142711518858305
4 0.035311795642374154 0.7652905198776758 0.057099924868519905 0.07288481141692149
4 0.18482344102178813 0.7612130479102956 0.05409466566491361 0.06472986748216103
4 0.44139744552967697 0.768348623853211 0.041322314049586806 0.06676860346585123
4 0.11908339594290007 0.9457186544342507 0.050338091660405704 0.06676860346585123
1 0.8827948910593539 0.5767074413863404 0.016528925619834767 0.020897043832823647
1 0.8812922614575507 0.5945463812436289 0.019534184823441048 0.022935779816513846
1 0.7648384673178061 0.5736493374108054 0.02253944402704733 0.03516819571865437
