1 0.2655897821187077 0.5779816513761469 0.0368144252441773 0.05606523955147813
1 0.6145755071374905 0.5925076452599388 0.0360631104432757 0.03516819571865448
4 0.11495116453794141 0.7737003058103975 0.055597295266716765 0.07747196738022433
4 0.2738542449286251 0.7696228338430173 0.06235912847483094 0.08562691131498479
1 0.5773854244928625 0.5800203873598369 0.03380916604057094 0.04383282364933738
4 0.9030803906836965 0.6559633027522935 0.07663410969196094 0.05402650356778793
4 0.5 0.7632517838939857 0.04583020285499623 0.07696228338430178
4 0.18407212622088656 0.9370540265035678 0.05559729526671675 0.07492354740061169
4 0.033809166040571 0.7642711518858307 0.06010518407212622 0.07900101936799186
4 0.18069120961682944 0.7591743119266054 0.05935386927122463 0.06880733944954132
4 0.44064613072877534 0.767329255861366 0.04583020285499623 0.07696228338430167
1 0.6175807663410968 0.6218144750254841 0.03305785123966942 0.04383282364933738
4 0.11908339594290007 0.9393476044852191 0.05484598046581518 0.07951070336391441
1 0.5841472577009768 0.5601427115188583 0.027798647633358375 0.033639143730886945
1 0.5649887302779865 0.5965851172273191 0.03005259203606303 0.043323139653414944
1 0.012021036814425243 0.1684505606523955 0.022539444027047332 0.03312945973496431
1 0.018031555221637866 0.16335372069317022 0.018031555221637866 0.027013251783893993
1 0.44815927873779116 0.5443425076452599 0.03831705484598047 0.04383282364933749
1 0.8719008264462811 0.5922528032619776 0.030803906836964656 0.051987767584097844
