1 0.45003756574004505 0.5621814475025484 0.03456048084147262 0.05402650356778793
1 0.8658903080390684 0.5300713557594292 0.026296018031555235 0.03975535168195721
1 0.8268219383921863 0.6309887869520897 0.023290758827948954 0.03771661569826712
1 0.18820435762584523 0.6019367991845056 0.027798647633358375 0.03771661569826712
4 0.11419984973703981 0.768348623853211 0.06461307287753569 0.07900101936799175
4 0.27422990232907585 0.7622324159021407 0.0736288504883546 0.10040774719673806
4 0.9023290758827949 0.660295616717635 0.0721262208865514 0.06269113149847094
4 0.5007513148009016 0.7632517838939856 0.06386175807663413 0.08919469928644241
4 0.188580015026296 0.9332313965341488 0.06912096168294515 0.09174311926605505
4 0.032306536438767845 0.7612130479102956 0.06461307287753569 0.08919469928644241
4 0.17731029301277235 0.7571355759429154 0.06611570247933884 0.07696228338430178
4 0.44064613072877534 0.7655453618756372 0.051840721262208844 0.08970438328236485
1 0.18782870022539444 0.6225790010193679 0.03155522163786628 0.024974515800203823
4 0.1183320811419985 0.9322120285423038 0.06536438767843727 0.09378185524974514
1 0.24906085649887302 0.5466360856269112 0.0232907588279489 0.02701325178389402
1 0.23365890308039067 0.5705912334352701 0.027047332832456777 0.033129459734964395
1 0.3117956423741548 0.5726299694189603 0.03606311044327576 0.05453618756371048
1 0.01765589782118708 0.15927624872579 0.021788129226145758 0.027013251783893993
1 0.5277986476333584 0.5736493374108054 0.029301277235161516 0.03516819571865437
1 0.10330578512396693 0.6580020387359837 0.02629601803155522 0.041794087665647295
