1 0.45492111194590534 0.5519877675840978 0.024793388429752095 0.049949031600407756
1 0.8658903080390684 0.5300713557594292 0.026296018031555235 0.03975535168195721
1 0.44402704733283244 0.6279306829765545 0.02253944402704733 0.03567787971457692
1 0.8779113448534936 0.5581039755351682 0.029301277235161516 0.02956167176350666
4 0.11495116453794141 0.7714067278287462 0.055597295266716765 0.06880733944954132
4 0.277610818933133 0.7665647298674821 0.08039068369646885 0.09989806320081551
1 0.1863260706235913 0.5267584097859327 0.024042073628850497 0.033129459734964284
1 0.016153268219383923 0.5861365953109072 0.021788129226145755 0.03567787971457692
4 0.9012021036814425 0.6569826707441386 0.06386175807663408 0.05606523955147802
4 0.5045078888054095 0.7601936799184505 0.051840721262208844 0.07900101936799186
4 0.17993989481592787 0.9373088685015291 0.0638617580766341 0.08358817533129459
4 0.032306536438767845 0.7581549439347605 0.06461307287753569 0.08307849133537215
4 0.18519909842223892 0.7571355759429154 0.05935386927122466 0.07696228338430178
4 0.4436513899323816 0.7601936799184505 0.04583020285499623 0.08307849133537215
4 0.11570247933884298 0.9322120285423038 0.06010518407212623 0.09378185524974514
0 0.02253944402704733 0.5871559633027523 0.03155522163786626 0.041794087665647295
4 0.37678437265214126 0.8277268093781855 0.09541697971450036 0.08970438328236496
1 0.5405709992486852 0.581039755351682 0.026296018031555235 0.041794087665647295
1 0.17806160781367392 0.5581039755351682 0.028549962434259973 0.033639143730886834
1 0.5518407212622088 0.6478083588175332 0.026296018031555235 0.041794087665647295
1 0.3268219383921863 0.5392456676860347 0.02404207362885047 0.041794087665647295
