1 0.46055597295266715 0.5412844036697247 0.02253944402704733 0.041794087665647295
1 0.8764087152516904 0.5287971457696228 0.029301277235161627 0.024974515800203823
1 0.04169797145003756 0.6154434250764527 0.026296018031555218 0.03516819571865437
1 0.2832456799398948 0.6508664627930683 0.019534184823441048 0.04383282364933738
1 0.14688204357625845 0.5611620795107033 0.027798647633358375 0.05606523955147813
4 0.10931630353117958 0.7663098878695209 0.0443275732531931 0.06676860346585123
4 0.27347858752817433 0.7642711518858307 0.05559729526671678 0.06676860346585112
4 0.9012021036814425 0.6580020387359837 0.06386175807663408 0.04587155963302758
4 0.5007513148009015 0.7622324159021406 0.04432757325319303 0.0708460754332314
4 0.1758076634109692 0.9370540265035678 0.05559729526671675 0.0708460754332314
4 0.027422990232907587 0.7561162079510704 0.04432757325319309 0.0708460754332314
4 0.17956423741547708 0.7612130479102956 0.06010518407212623 0.060652395514780855
4 0.44402704733283244 0.7612130479102956 0.04507888805409466 0.06880733944954132
4 0.12133734034560481 0.9393476044852191 0.04883546205860256 0.07951070336391441
1 0.973328324567994 0.6414373088685015 0.03380916604057105 0.029051987767583998
