1 0.6179564237415478 0.5361875637104995 0.027798647633358375 0.03567787971457692
1 0.7599549211119458 0.5581039755351682 0.020285499624342562 0.033639143730886834
1 0.8606311044327573 0.5331294597349643 0.024793388429752095 0.02956167176350666
4 0.11044327573253193 0.769367991845056 0.05559729526671675 0.07288481141692149
0 0.8534936138241924 0.6174821610601428 0.0360631104432757 0.03924566768603466
4 0.27460555972952666 0.7591743119266054 0.07287753568745303 0.08511722731906224
1 0.7531930879038318 0.5986238532110092 0.020285499624342562 0.03924566768603466
4 0.9000751314800901 0.6539245667686036 0.07062359128474827 0.05402650356778793
4 0.49661908339594285 0.7540774719673802 0.055597295266716695 0.06676860346585112
4 0.17655897821187078 0.9370540265035678 0.05409466566491361 0.0708460754332314
4 0.028925619834710745 0.7612130479102956 0.05033809166040571 0.06880733944954132
4 0.17956423741547708 0.7652905198776758 0.06010518407212623 0.06880733944954132
4 0.4440270473328325 0.7601936799184505 0.04658151765589785 0.06269113149847094
4 0.12096168294515403 0.9380733944954129 0.057099924868519905 0.07288481141692149
1 0.7546957175056348 0.5800203873598369 0.023290758827948843 0.031600407747196746
