4 0.11419984973703981 0.7686034658511722 0.07062359128474831 0.08766564729867488
3 0.1968444778362134 0.554026503567788 0.046581517655897825 0.05402650356778793
1 0.891435011269722 0.5361875637104995 0.021788129226145703 0.03567787971457692
4 0.2761081893313298 0.7632517838939857 0.08039068369646882 0.11875637104994907
4 0.8981968444778362 0.6508664627930683 0.07287753568745314 0.05606523955147813
4 0.5011269722013524 0.7571355759429155 0.05860255447032309 0.08511722731906224
4 0.18031555221637868 0.9339959225280327 0.05860255447032306 0.08103975535168195
4 0.033433508640120214 0.7612130479102956 0.06235912847483096 0.07696228338430178
4 0.17806160781367392 0.7612130479102956 0.0601051840721262 0.08511722731906224
4 0.4440270473328325 0.7517838939857289 0.052592036063110414 0.08358817533129459
4 0.11983471074380164 0.9309378185524975 0.059353869271224644 0.06676860346585123
