4 0.11081893313298272 0.7726809378185525 0.07738542449286251 0.09582059123343534
1 0.891435011269722 0.5361875637104995 0.021788129226145703 0.03567787971457692
1 0.8715251690458301 0.5267584097859328 0.019534184823441048 0.024974515800203823
4 0.2798647633358377 0.767329255861366 0.08339594290007513 0.11060142711518861
5 0.2794891059353869 0.7622324159021407 0.07062359128474832 0.10040774719673806
4 0.9015777610818934 0.6529051987767585 0.07663410969196094 0.051987767584097844
4 0.5037565740045079 0.7561162079510704 0.06386175807663413 0.08307849133537204
4 0.1758076634109692 0.9350152905198776 0.05559729526671675 0.07900101936799186
4 0.03230653643876784 0.7612130479102956 0.06311044327573252 0.07696228338430178
4 0.1825694966190834 0.7622324159021407 0.0736288504883546 0.08307849133537204
4 0.44327573253193087 0.7548419979612639 0.05409466566491361 0.08562691131498468
4 0.11983471074380166 0.9329765545361877 0.05184072126220887 0.06269113149847094
