4 0.11344853493613824 0.7655453618756372 0.07212622088655146 0.09785932721712542
1 0.8929376408715252 0.5486748216106014 0.024793388429751984 0.03924566768603466
1 0.7933884297520661 0.5581039755351682 0.02404207362885047 0.033639143730886834
1 0.7907588279489106 0.582059123343527 0.026296018031555235 0.04791029561671767
1 0.18181818181818182 0.5237003058103975 0.01953418482344102 0.02701325178389402
5 0.2794891059353869 0.7622324159021407 0.07062359128474832 0.10040774719673806
4 0.8993238166791886 0.6498470948012232 0.0721262208865514 0.05402650356778793
4 0.5086401202103681 0.7591743119266054 0.0646130728775357 0.10244648318042804
4 0.18670172802404206 0.9319571865443426 0.06536438767843725 0.08511722731906224
4 0.03794139744552967 0.7548419979612639 0.06836964688204357 0.09785932721712542
4 0.18519909842223892 0.7589194699286442 0.06836964688204356 0.09378185524974514
4 0.4436513899323816 0.7517838939857289 0.06536438767843727 0.09582059123343534
4 0.12359128474830954 0.9301732925586137 0.0638617580766341 0.09378185524974514
1 0.12960180315552217 0.5662589194699286 0.026296018031555235 0.04587155963302758
