4 0.28399699474079637 0.7622324159021406 0.07362885048835463 0.0912334352701325
4 0.11269722013523667 0.7655453618756372 0.06010518407212623 0.09785932721712542
1 0.4274981217129977 0.556065239551478 0.025544703230653665 0.04587155963302758
1 0.4706987227648385 0.5634556574923548 0.02479338842975204 0.02701325178389402
1 0.46205860255447034 0.5800203873598369 0.02253944402704733 0.031600407747196746
1 0.4023290758827949 0.5560652395514781 0.030803906836964712 0.041794087665647295
1 0.33696468820435765 0.5986238532110091 0.02779864763335843 0.031090723751274196
1 0.33583771600300527 0.5756880733944953 0.025544703230653665 0.031090723751274196
4 0.8989481592787378 0.6508664627930683 0.07588279489105931 0.05606523955147813
4 0.5075131480090158 0.7548419979612639 0.06536438767843722 0.08562691131498468
4 0.19008264462809915 0.9278797145769623 0.06912096168294515 0.08511722731906213
4 0.03493613824192336 0.753822629969419 0.06836964688204357 0.09989806320081551
4 0.18407212622088656 0.7568807339449541 0.07212622088655146 0.09378185524974514
4 0.444778362133734 0.7517838939857289 0.06010518407212623 0.09582059123343534
4 0.12096168294515403 0.9235474006116208 0.07362885048835462 0.09378185524974514
4 0.3204357625845229 0.9724770642201834 0.09391435011269722 0.049949031600407756
