4 0.28136739293764085 0.7624872579001019 0.08039068369646882 0.09582059123343523
1 0.7697220135236664 0.5736493374108054 0.023290758827948954 0.02701325178389402
1 0.46093163035311796 0.5392456676860347 0.024793388429752095 0.041794087665647295
1 0.7704733283245679 0.5496941896024465 0.021788129226145814 0.033129459734964395
4 0.11269722013523667 0.7632517838939857 0.06010518407212623 0.10244648318042815
1 0.7535687453042825 0.5965851172273191 0.0360631104432757 0.031090723751274196
1 0.8287002253944402 0.54638124362895 0.03305785123966942 0.04791029561671767
0 0.546205860255447 0.6151885830784913 0.06010518407212628 0.04383282364933749
0 0.3981968444778362 0.6009174311926606 0.0751314800901578 0.051987767584097955
1 0.1322314049586777 0.5601427115188583 0.03155522163786628 0.029561671763506547
1 0.13072877535687455 0.5716106014271152 0.03456048084147259 0.022935779816513735
1 0.12283996994740795 0.5797655453618756 0.02629601803155522 0.02701325178389391
1 0.7764838467317806 0.5591233435270132 0.026296018031555235 0.031600407747196746
1 0.12960180315552217 0.5165647298674821 0.026296018031555235 0.033129459734964284
1 0.20172802404207363 0.609072375127421 0.03531179564237413 0.051987767584097844
1 0.7498121712997746 0.6174821610601426 0.039068369646882095 0.02701325178389402
1 0.6705484598046582 0.6016819571865444 0.030803906836964767 0.02905198776758411
1 0.6675432006010518 0.5874108053007135 0.030803906836964656 0.02905198776758411
4 0.900450788880541 0.6508664627930683 0.0788880540946657 0.05606523955147813
4 0.5037565740045079 0.752803261977574 0.06386175807663413 0.08970438328236485
4 0.18782870022539444 0.9288990825688074 0.06761833208114199 0.0912334352701325
4 0.03305785123966942 0.753822629969419 0.06611570247933884 0.09989806320081551
4 0.18332081141998496 0.7568807339449541 0.07362885048835463 0.08970438328236496
4 0.4462809917355372 0.7507645259938838 0.05709992486851989 0.09378185524974514
4 0.1183320811419985 0.9255861365953109 0.07137490608564989 0.09378185524974525
