4 0.2787377911344853 0.7632517838939857 0.08865514650638615 0.10244648318042815
1 0.35424492862509394 0.6164627930682977 0.02930127723516157 0.033129459734964284
1 0.4436513899323817 0.5851172273190621 0.026296018031555235 0.02956167176350666
1 0.45942900075131476 0.5392456676860347 0.02479338842975204 0.041794087665647295
1 0.4429000751314801 0.5601427115188583 0.030803906836964712 0.029561671763506547
4 0.11307287753568745 0.7622324159021407 0.06235912847483095 0.10448521916411824
1 0.34072126220886556 0.6363404689092762 0.03230653643876785 0.031090723751274196
0 0.7329075882794891 0.5433231396534148 0.03380916604057105 0.041794087665647295
1 0.9842223891810669 0.581039755351682 0.016528925619834656 0.029561671763506547
1 0.982344102178813 0.5581039755351682 0.01577761081893314 0.033639143730886834
1 0.09053343350864013 0.23623853211009177 0.02629601803155522 0.031090723751274224
4 0.9015777610818934 0.6498470948012232 0.07663410969196094 0.05402650356778793
4 0.5003756574004508 0.752803261977574 0.06010518407212623 0.09785932721712542
4 0.1821938392186326 0.935270132517839 0.06536438767843727 0.09582059123343523
4 0.03305785123966942 0.753822629969419 0.06611570247933884 0.09989806320081551
4 0.18106686701728025 0.7601936799184505 0.0706235912847483 0.0912334352701325
4 0.44552967693463563 0.7517838939857289 0.06160781367392937 0.09174311926605505
4 0.1183320811419985 0.935270132517839 0.06235912847483095 0.10397553516819569
1 0.7877535687453043 0.5581039755351682 0.023290758827948843 0.041794087665647295
