4 0.27610818933132986 0.7599388379204892 0.08940646130728774 0.09582059123343523
1 0.7434259954921112 0.6174821610601426 0.0323065364387678 0.031090723751274196
1 0.1048084147257701 0.5851172273190621 0.02629601803155522 0.02956167176350666
1 0.45867768595041325 0.5435779816513762 0.02629601803155518 0.033129459734964284
1 0.10668670172802404 0.5624362895005097 0.030052592036063114 0.02905198776758411
4 0.1111945905334335 0.7675840978593272 0.054094665664913597 0.09378185524974514
1 0.7317806160781367 0.6320081549439347 0.039068369646882095 0.03975535168195721
1 0.8658903080390684 0.5965851172273191 0.026296018031555235 0.03516819571865437
1 0.8662659654395191 0.5777268093781855 0.02253944402704733 0.02701325178389402
1 0.7006010518407213 0.5476554536187563 0.026296018031555235 0.02905198776758411
0 0.720510894064613 0.5476554536187563 0.0360631104432757 0.04536187563710503
1 0.5184072126220887 0.6414373088685015 0.04057099924868518 0.050458715596330195
4 0.9012021036814426 0.6529051987767585 0.06686701728024047 0.04791029561671756
4 0.5011269722013524 0.7612130479102956 0.05860255447032309 0.08103975535168195
4 0.18294515401953418 0.9373088685015291 0.0608564988730278 0.08766564729867476
4 0.03456048084147258 0.7612130479102956 0.05860255447032306 0.08511722731906224
4 0.1758076634109692 0.7642711518858307 0.06912096168294515 0.08307849133537204
4 0.4440270473328325 0.7581549439347604 0.05860255447032309 0.07900101936799186
4 0.12396694214876033 0.938328236493374 0.06311044327573252 0.09785932721712542
1 0.5202854996243426 0.5519877675840978 0.041322314049586806 0.04587155963302747
1 0.4413974455296769 0.5726299694189603 0.027798647633358375 0.03720693170234457
1 0.717129977460556 0.5705912334352701 0.04583020285499617 0.03720693170234457
