4 0.2794891059353869 0.7632517838939857 0.06461307287753568 0.11875637104994907
4 0.10781367392937641 0.7665647298674821 0.06686701728024042 0.09582059123343534
4 0.5405709992486851 0.9559123343527013 0.0788880540946656 0.0708460754332314
1 0.2689706987227648 0.5851172273190621 0.030052592036063086 0.02956167176350666
1 0.26558978211870776 0.5705912334352701 0.03230653643876785 0.029051987767583998
1 0.7246431254695718 0.5530071355759429 0.030803906836964656 0.04383282364933738
1 0.9143501126972201 0.5644750254841998 0.021036814425244188 0.033129459734964284
1 0.4954921111945905 0.5861365953109072 0.027798647633358375 0.03567787971457692
1 0.5097670924117205 0.56855249745158 0.02629601803155518 0.02905198776758411
4 0.8989481592787378 0.6518858307849134 0.07588279489105931 0.06218144750254839
4 0.5041322314049587 0.7579001019367992 0.05559729526671675 0.09174311926605505
4 0.19083395942900075 0.9342507645259939 0.07663410969196094 0.09378185524974514
4 0.03005259203606311 0.7601936799184505 0.058602554470323066 0.08307849133537215
4 0.18069120961682944 0.7591743119266054 0.06836964688204358 0.08919469928644241
4 0.44552967693463563 0.7591743119266054 0.05559729526671675 0.08511722731906224
4 0.11908339594290007 0.9268603465851173 0.0578512396694215 0.09123343527013261
1 0.912847483095417 0.5392456676860347 0.021036814425244188 0.033639143730886945
1 0.9654395191585274 0.5790010193679918 0.018031555221637907 0.033639143730886834
1 0.9571750563486101 0.5486748216106014 0.018031555221637796 0.031090723751274196
1 0.9737039819684448 0.5591233435270133 0.021036814425244188 0.022426095820591185
1 0.722389181066867 0.6467889908256881 0.029301277235161516 0.04383282364933749
