4 0.27948910593538695 0.7632517838939857 0.06761833208114201 0.1146788990825689
4 0.10856498873027798 0.7655453618756372 0.06536438767843726 0.09378185524974525
1 0.6502629601803156 0.5601427115188583 0.03230653643876791 0.03771661569826712
1 0.8944402704733283 0.6144240570846076 0.026296018031555235 0.02905198776758411
1 0.8996994740796393 0.5894495412844036 0.027798647633358375 0.033129459734964395
4 0.9000751314800901 0.6518858307849134 0.07362885048835455 0.05810397553516822
4 0.5045078888054094 0.7579001019367992 0.05484598046581518 0.09174311926605505
4 0.19045830202854996 0.9322120285423037 0.07888805409466565 0.1019367991845056
4 0.033433508640120214 0.754841997961264 0.06235912847483096 0.08970438328236496
4 0.18294515401953418 0.7581549439347605 0.06686701728024042 0.08307849133537215
4 0.4470323065364388 0.7591743119266054 0.05259203606311047 0.08511722731906224
4 0.11758076634109693 0.9268603465851173 0.06085649887302781 0.09123343527013261
1 0.6480090157776108 0.5425586136595311 0.024793388429751984 0.031090723751274196
1 0.7006010518407213 0.5756880733944953 0.029301277235161516 0.02701325178389402
1 0.7032306536438768 0.5581039755351682 0.02404207362885047 0.020387359836901098
1 0.720510894064613 0.5560652395514781 0.019534184823441048 0.041794087665647295
1 0.22990232907588282 0.6279306829765545 0.03606311044327573 0.051987767584097844
1 0.5007513148009015 0.6080530071355759 0.04432757325319303 0.05402650356778793
0 0.11645379413974455 0.6039755351681957 0.052592036063110456 0.06218144750254839
