4 0.2794891059353869 0.7612130479102956 0.0841472577009767 0.09836901121304786
5 0.9015777610818934 0.6526503567787971 0.05709992486851989 0.022935779816513735
4 0.11344853493613824 0.7612130479102956 0.06611570247933884 0.09836901121304786
4 0.5026296018031555 0.7568807339449541 0.05559729526671675 0.08970438328236496
4 0.17806160781367392 0.9299184505606524 0.06761833208114201 0.11060142711518861
4 0.034184823441021785 0.7507645259938838 0.0638617580766341 0.09378185524974514
4 0.18482344102178813 0.7612130479102956 0.0736288504883546 0.08919469928644241
4 0.444778362133734 0.7507645259938838 0.054094665664913555 0.08562691131498468
4 0.11419984973703982 0.9288990825688073 0.06311044327573254 0.10040774719673806
1 0.36701728024042074 0.5361875637104995 0.023290758827948954 0.031600407747196746
1 0.4135987978963186 0.5632008154943935 0.02479338842975204 0.03975535168195721
1 0.41622839969947406 0.5581039755351682 0.02253944402704733 0.020387359836901098
1 0.4429000751314801 0.5507135575942915 0.027798647633358375 0.03924566768603466
1 0.43163035311795644 0.5435779816513762 0.01728024042073628 0.020897043832823647
1 0.6457550713749061 0.5945463812436289 0.027798647633358375 0.03516819571865437
1 0.17468069120961682 0.567533129459735 0.021788129226145758 0.031090723751274196
1 0.18106686701728025 0.5456167176350663 0.02103681442524416 0.02905198776758411
1 0.1348610067618332 0.5644750254841998 0.026296018031555235 0.02905198776758411
1 0.1348610067618332 0.5767074413863404 0.02930127723516153 0.02905198776758411
1 0.829075882794891 0.6289500509683996 0.027798647633358375 0.05402650356778793
