4 0.27535687453042823 0.7601936799184505 0.07137490608564986 0.07492354740061158
5 0.9015777610818934 0.6526503567787971 0.05709992486851989 0.022935779816513735
1 0.4410217881292261 0.6404179408766564 0.03906836964688204 0.05249745158002039
1 0.7362885048835461 0.5476554536187563 0.018031555221637796 0.02905198776758411
1 0.7588279489105936 0.5705912334352701 0.021036814425244188 0.029051987767583998
4 0.11006761833208115 0.7581549439347605 0.05935386927122466 0.07492354740061158
4 0.5030052592036063 0.7581549439347605 0.04583020285499628 0.06676860346585123
4 0.1754320060105184 0.9360346585117227 0.048835462058602536 0.0688073394495412
4 0.030052592036063114 0.7548419979612639 0.05559729526671676 0.08562691131498468
4 0.18069120961682944 0.7571355759429154 0.06536438767843725 0.08103975535168195
4 0.444778362133734 0.7591743119266054 0.04808414725770099 0.06880733944954132
4 0.1153268219383922 0.9319571865443426 0.04583020285499624 0.07288481141692149
1 0.23966942148760328 0.5935270132517839 0.01953418482344102 0.02905198776758411
1 0.08940646130728774 0.5435779816513762 0.021036814425244174 0.02905198776758411
1 0.14613072877535688 0.5517329255861366 0.020285499624342618 0.02905198776758411
1 0.1487603305785124 0.5374617737003058 0.021036814425244188 0.020897043832823647
1 0.17806160781367392 0.5466360856269113 0.02103681442524416 0.01885830784913356
1 0.17956423741547708 0.531855249745158 0.01803155522163785 0.01885830784913356
1 0.8072877535687453 0.6205402650356779 0.020285499624342562 0.029051987767583998
1 0.4665664913598798 0.6289500509683996 0.019534184823440992 0.02956167176350666
