4 0.2700976709241172 0.7612130479102956 0.08189331329827196 0.11060142711518861
5 0.9023290758827949 0.6518858307849134 0.0751314800901578 0.03771661569826712
1 0.19459053343350863 0.8017329255861365 0.03756574004507887 0.049949031600407756
1 0.4203606311044328 0.5433231396534148 0.03380916604057099 0.04587155963302758
1 0.3621337340345605 0.5693170234454639 0.03305785123966942 0.04791029561671756
4 0.11344853493613824 0.7675840978593271 0.052592036063110456 0.08562691131498468
4 0.5060105184072126 0.7548419979612639 0.051840721262208844 0.08562691131498468
4 0.18670172802404206 0.9342507645259939 0.062359128474830966 0.08562691131498479
4 0.03719008264462809 0.7497451580020387 0.06686701728024042 0.10805300713557597
4 0.17655897821187078 0.7517838939857289 0.07062359128474832 0.09174311926605505
4 0.444778362133734 0.7426095820591233 0.04808414725770099 0.08970438328236496
4 0.1247182569496619 0.9362895005096841 0.05860255447032307 0.0815494393476045
0 0.8677685950413223 0.6195208970438328 0.03005259203606303 0.03516819571865448
1 0.07325319308790383 0.5374617737003058 0.03380916604057099 0.024974515800203934
1 0.013899323816679188 0.5496941896024465 0.02629601803155522 0.029051987767583998
1 0.020285499624342597 0.5226809378185525 0.01953418482344102 0.02905198776758411
1 0.4530428249436514 0.5644750254841997 0.03456048084147256 0.06269113149847094
