4 0.2716003005259204 0.7601936799184505 0.08339594290007515 0.11671763506625887
4 0.8981968444778362 0.6488277268093782 0.08640120210368152 0.051987767584097844
1 0.08978211870773854 0.5570846075433231 0.04132231404958678 0.051987767584097844
0 0.2573253193087904 0.5945463812436289 0.03531179564237416 0.05249745158002039
4 0.11344853493613824 0.7642711518858307 0.06160781367392937 0.08715596330275222
4 0.503380916604057 0.7579001019367992 0.05409466566491361 0.09174311926605505
4 0.18444778362133735 0.9342507645259939 0.0638617580766341 0.08970438328236496
4 0.03568745304282494 0.7497451580020388 0.06987227648384672 0.09989806320081551
4 0.17806160781367392 0.7507645259938838 0.0706235912847483 0.09378185524974514
4 0.4440270473328325 0.7487257900101937 0.052592036063110414 0.08562691131498479
4 0.11983471074380166 0.9373088685015291 0.062359128474830966 0.08358817533129459
