4 0.270473328324568 0.7591743119266054 0.08114199849737039 0.11060142711518861
4 0.11307287753568745 0.7612130479102956 0.06235912847483095 0.09327217125382259
0 0.5469571750563487 0.5996432212028542 0.042073628850488265 0.05861365953109077
1 0.24267468069120962 0.5519877675840978 0.042073628850488376 0.049949031600407756
5 0.8996994740796393 0.6467889908256881 0.06686701728024036 0.04791029561671767
4 0.49962434259954924 0.7579001019367992 0.055597295266716806 0.0998980632008154
4 0.17956423741547708 0.9322120285423037 0.06761833208114199 0.1019367991845056
4 0.03193087903831705 0.753822629969419 0.0638617580766341 0.09582059123343534
4 0.17731029301277235 0.7548419979612639 0.06912096168294515 0.09785932721712542
4 0.44102178812922616 0.752803261977574 0.05559729526671675 0.08562691131498468
4 0.11344853493613824 0.9309378185524975 0.06160781367392937 0.08715596330275233
1 0.7802404207362885 0.5642201834862386 0.03380916604057105 0.04587155963302758
