4 0.27610818933132986 0.7612130479102956 0.06386175807663413 0.07288481141692149
0 0.0608564988730278 0.554026503567788 0.03305785123966942 0.049949031600407756
4 0.9008264462809917 0.6529051987767585 0.07513148009015769 0.04383282364933738
1 0.6829451540195342 0.6977573904179408 0.019534184823441048 0.03771661569826701
1 0.38317054845980464 0.5155453618756372 0.02253944402704733 0.02701325178389402
1 0.4049586776859504 0.5196228338430173 0.01652892561983471 0.031090723751274307
5 0.11570247933884298 0.767329255861366 0.05409466566491361 0.07696228338430167
5 0.9019534184823441 0.6478083588175332 0.06235912847483094 0.041794087665647295
1 0.6078136739293765 0.6495922528032619 0.019534184823441048 0.02905198776758411
1 0.6063110443275732 0.6309887869520897 0.019534184823441048 0.029561671763506547
1 0.6836964688204358 0.72579001019368 0.02704733283245675 0.03567787971457692
4 0.49474079639368895 0.7632517838939857 0.03681442524417733 0.07696228338430178
4 0.17843726521412473 0.9426605504587156 0.045830202854996255 0.07288481141692149
4 0.028925619834710745 0.754841997961264 0.04432757325319309 0.08970438328236496
4 0.10931630353117956 0.763506625891947 0.05785123966942149 0.09378185524974514
4 0.17392937640871525 0.7571355759429154 0.04583020285499623 0.07696228338430178
4 0.4451540195341849 0.7642711518858308 0.04432757325319309 0.0708460754332314
4 0.1149511645379414 0.9370540265035678 0.03606311044327573 0.0708460754332314
