4 0.27460555972952666 0.7591743119266054 0.06386175807663408 0.08919469928644241
1 0.17392937640871525 0.6205402650356779 0.029301277235161516 0.024974515800203823
1 0.1686701728024042 0.6057594291539246 0.029301277235161516 0.024974515800203934
1 0.17092411720510894 0.5945463812436289 0.026296018031555235 0.02701325178389402
4 0.9008264462809917 0.6529051987767585 0.07513148009015769 0.04383282364933738
1 0.4357625845229151 0.6060142711518859 0.019534184823441048 0.02956167176350666
1 0.32268970698722765 0.6465341488277268 0.023290758827948954 0.031090723751274196
1 0.33020285499624347 0.6205402650356779 0.021788129226145758 0.029051987767583998
1 0.4335086401202104 0.6309887869520897 0.021036814425244132 0.029561671763506547
4 0.4996243425995492 0.755861365953109 0.04958677685950408 0.09582059123343523
4 0.1754320060105184 0.9373088685015291 0.05184072126220887 0.08766564729867476
4 0.028549962434259956 0.7487257900101937 0.05559729526671676 0.09785932721712531
4 0.10931630353117956 0.763506625891947 0.05785123966942149 0.09378185524974514
4 0.17655897821187078 0.7507645259938838 0.06010518407212623 0.1019367991845056
4 0.44327573253193087 0.755861365953109 0.05409466566491361 0.08766564729867488
4 0.11720510894064612 0.9342507645259939 0.054094665664913597 0.08562691131498479
