4 0.2731029301277235 0.7642711518858307 0.08640120210368143 0.10448521916411824
1 0.507137490608565 0.6353211009174312 0.01803155522163785 0.02905198776758411
1 0.5157776108189331 0.6164627930682977 0.023290758827948954 0.02905198776758411
1 0.5259203606311045 0.5976044852191641 0.019534184823441048 0.02905198776758411
5 0.9023290758827949 0.6508664627930683 0.06611570247933884 0.060142711518858305
1 0.023290758827948913 0.6373598369011213 0.019534184823441023 0.02905198776758411
1 0.024793388429752067 0.6289500509683996 0.01953418482344102 0.02956167176350666
1 0.09691960931630353 0.6185015290519877 0.03305785123966942 0.02905198776758411
4 0.5026296018031555 0.754841997961264 0.05259203606311047 0.09378185524974514
4 0.17881292261457551 0.9332313965341488 0.06611570247933884 0.08766564729867488
4 0.033809166040571 0.7517838939857289 0.067618332081142 0.09582059123343534
4 0.10631104432757325 0.768348623853211 0.0638617580766341 0.1126401630988787
4 0.17468069120961682 0.7487257900101937 0.06987227648384672 0.11416921508664624
4 0.4440270473328325 0.7466870540265036 0.05860255447032309 0.11009174311926606
4 0.11607813673929376 0.9288990825688074 0.0608564988730278 0.08715596330275233
