0 0.20773854244928625 0.5682976554536188 0.047332832456799395 0.049949031600407756
1 0.46055597295266715 0.5423037716615698 0.03305785123966942 0.04791029561671767
4 0.2727272727272727 0.764525993883792 0.09316303531179565 0.09582059123343534
1 0.8775356874530429 0.6383792048929664 0.019534184823441048 0.02701325178389402
1 0.8745304282494366 0.6215596330275229 0.019534184823441048 0.022935779816513735
1 0.8745304282494365 0.6027013251783894 0.02554470323065372 0.022935779816513735
4 0.9042073628850489 0.6488277268093782 0.06536438767843722 0.04791029561671767
4 0.5030052592036063 0.753822629969419 0.0518407212622089 0.08358817533129459
4 0.17956423741547708 0.9299184505606524 0.06761833208114199 0.08103975535168195
4 0.03493613824192336 0.755861365953109 0.06836964688204357 0.09174311926605505
4 0.10631104432757327 0.7716615698267074 0.06686701728024043 0.10601427115188589
4 0.17468069120961682 0.753822629969419 0.06987227648384672 0.09989806320081551
4 0.4425244177310293 0.7477064220183487 0.05259203606311047 0.1039755351681958
4 0.11645379413974455 0.9278797145769623 0.05559729526671675 0.08511722731906213
