5 0.9015777610818934 0.6498470948012233 0.07663410969196094 0.05810397553516822
1 0.46055597295266715 0.5412844036697247 0.03305785123966942 0.04587155963302747
5 0.28287002253944404 0.7601936799184505 0.08339594290007515 0.08715596330275233
4 0.5041322314049587 0.7530581039755352 0.05559729526671675 0.07696228338430178
4 0.17731029301277235 0.9288990825688073 0.05860255447032306 0.07900101936799186
4 0.03418482344102179 0.7568807339449541 0.060856498873027805 0.08970438328236496
4 0.10931630353117956 0.7686034658511722 0.0638617580766341 0.08358817533129459
4 0.17843726521412473 0.7612130479102956 0.0638617580766341 0.07696228338430178
4 0.4398948159278738 0.7517838939857289 0.050338091660405704 0.08358817533129459
4 0.11682945154019533 0.9288990825688074 0.04883546205860255 0.08715596330275233
1 0.09053343350864013 0.8705402650356779 0.02629601803155522 0.033639143730886834
1 0.0608564988730278 0.5840978593272171 0.030052592036063114 0.04383282364933749
