5 0.9015777610818934 0.6498470948012233 0.07663410969196094 0.05810397553516822
1 0.46431254695717505 0.5392456676860347 0.037565740045078844 0.033639143730886945
1 0.330954169797145 0.6391437308868502 0.02629601803155518 0.041794087665647295
1 0.048459804658151764 0.6289500509683996 0.027798647633358375 0.03771661569826712
5 0.28287002253944404 0.7601936799184505 0.08339594290007515 0.08715596330275233
4 0.507137490608565 0.754841997961264 0.07062359128474832 0.08970438328236496
4 0.18482344102178813 0.9332313965341488 0.0736288504883546 0.08766564729867488
4 0.9023290758827949 0.6518858307849134 0.08865514650638617 0.041794087665647295
4 0.037565740045078885 0.7497451580020387 0.07062359128474831 0.1039755351681958
4 0.11419984973703981 0.7686034658511722 0.07062359128474831 0.09989806320081551
4 0.18407212622088653 0.7540774719673802 0.07513148009015777 0.1126401630988787
4 0.2798647633358377 0.7591743119266054 0.06386175807663408 0.11875637104994896
4 0.444778362133734 0.7436289500509684 0.06311044327573251 0.09582059123343534
4 0.11908339594290007 0.9322120285423038 0.0608564988730278 0.09378185524974514
1 0.4797145003756574 0.8435270132517838 0.026296018031555235 0.033639143730886834
1 0.41059353869271226 0.6009174311926606 0.030803906836964656 0.04383282364933738
1 0.43688955672426744 0.5746687054026504 0.030803906836964712 0.03720693170234446
3 0.0405709992486852 0.6246177370030581 0.04808414725770098 0.033129459734964284
