1 0.1595959595959596 0.19762122598353155 0.019191919191919204 0.042086001829826164
1 0.42146464646464643 0.43092406221408963 0.02373737373737378 0.02927721866422689
1 0.16085858585858587 0.16605672461116194 0.02474747474747474 0.03751143641354071
1 0.7484848484848485 0.7118023787740164 0.019191919191919204 0.04574565416285459
0 0.27045454545454545 0.1111619396157365 0.02777777777777779 0.03568161024702654
1 0.7560606060606061 0.9515096065873743 0.021212121212121238 0.04574565416285459
0 0.7207070707070706 0.37236962488563585 0.033333333333333326 0.032936870997255285
0 0.33813131313131317 0.3193046660567246 0.0318181818181818 0.04391582799634036
0 0.3318181818181818 0.363220494053065 0.03333333333333338 0.03110704483074106
0 0.36010101010101014 0.38426349496797807 0.026262626262626265 0.03110704483074106
1 0.27828282828282824 0.13998170173833485 0.023232323232323215 0.031107044830741087
1 0.28434343434343434 0.16376944190301923 0.022222222222222254 0.029277218664226917
1 0.152020202020202 0.13083257090576395 0.029292929292929287 0.02927721866422689
