4 0.1600467289719626 0.7225696418419556 0.06308411214953272 0.08300170551449682
1 0.8551401869158879 0.05486071631608869 0.031152647975077885 0.04832291074474132
1 0.8049065420560748 0.595793064241046 0.01947040498442376 0.025014212620807275
1 0.7780373831775701 0.5685048322910745 0.02024922118380057 0.025014212620807275
1 0.7799844236760125 0.5861284820920978 0.01947040498442376 0.022740193291642896
5 0.653816199376947 0.9383172256964185 0.07554517133956384 0.11881750994883455
4 0.040498442367601244 0.7276861853325753 0.051401869158878497 0.06480955088118256
1 0.8590342679127726 0.4641841955656623 0.024922118380062308 0.028993746446844826
4 0.10942367601246106 0.717453098351336 0.052180685358255444 0.0773166571915862
1 0.8987538940809969 0.5363843092666287 0.02336448598130836 0.03126776577600909
1 0.903816199376947 0.515349630471859 0.025700934579439227 0.03126776577600915
1 0.80101246105919 0.5778851620238772 0.02258566978193144 0.026719727117680447
