4 0.09423676012461057 0.7080727686185333 0.06386292834890964 0.08357021034678802
1 0.4719626168224299 0.7558271745309835 0.028037383177570097 0.03354178510517347
1 0.8621495327102804 0.08612848209209778 0.031152647975077885 0.048322910744741335
1 0.8243769470404985 0.5923820352472996 0.01947040498442365 0.027288231949971653
1 0.7975077881619937 0.5662308129619101 0.02024922118380057 0.025014212620807275
1 0.7994548286604362 0.584138715179079 0.01947040498442365 0.023308698123934102
1 0.020638629283489092 0.5881182490051164 0.02258566978193146 0.03126776577600909
0 0.8925233644859814 0.847640704945992 0.028037383177570097 0.02956225127913592
5 0.6160436137071651 0.9425810119386016 0.07476635514018692 0.11028993746446847
1 0.8613707165109035 0.4641841955656623 0.02336448598130836 0.028993746446844826
4 0.0397196261682243 0.7120523024445707 0.05295950155763239 0.07902217168845938
1 0.882398753894081 0.5352472996020466 0.02336448598130836 0.028993746446844826
1 0.8901869158878505 0.5130756111426947 0.024922118380062308 0.03126776577600904
1 0.7947819314641744 0.515349630471859 0.02414330218068539 0.039226833428084085
1 0.8204828660436136 0.5736213757816941 0.02258566978193144 0.027288231949971653
