4 0.0693146417445483 0.7060830017055145 0.06386292834890966 0.08300170551449693
1 0.7161214953271029 0.5082433200682206 0.033489096573208754 0.03752131893121091
1 0.45366043613707163 0.7538374076179648 0.02725856697819312 0.032973280272882266
1 0.867601246105919 0.11540648095508811 0.031152647975077885 0.047754405912450254
1 0.2523364485981308 0.5884025014212622 0.02492211838006228 0.027288231949971542
1 0.2531152647975078 0.6028993746446845 0.01869158878504673 0.023308698123934102
1 0.844626168224299 0.5892552586696986 0.01791277258566981 0.028993746446844715
1 0.8169781931464175 0.5662308129619101 0.02024922118380068 0.025014212620807275
1 0.8189252336448598 0.5821489482660602 0.01947040498442365 0.022740193291643007
0 0.9369158878504673 0.8996588971006254 0.028037383177570097 0.028993746446844715
5 0.6051401869158879 0.943433769187038 0.07476635514018692 0.1085844229675953
1 0.8629283489096573 0.4641841955656623 0.02336448598130847 0.028993746446844826
4 0.021417445482866043 0.7057987492893689 0.042834890965732085 0.07902217168845938
1 0.5198598130841121 0.7558271745309835 0.031931464174454804 0.03354178510517347
1 0.6218847352024922 0.672541216600341 0.027258566978193066 0.032973280272882266
1 0.463006230529595 0.5341102899374645 0.02881619937694707 0.03581580443433774
1 0.8656542056074766 0.5329732802728824 0.02414330218068539 0.028993746446844715
1 0.8746105919003115 0.5113700966458214 0.024922118380062308 0.03126776577600909
0 0.9427570093457944 0.8811824900511654 0.027258566978193177 0.03752131893121091
1 0.7947819314641744 0.5309835133598636 0.02414330218068539 0.03752131893121091
1 0.08839563862928349 0.7870949403069927 0.030373831775700938 0.04604889141557711
1 0.8399532710280373 0.5704945992040933 0.02258566978193144 0.028993746446844715
1 0.25934579439252337 0.6162592382035247 0.01869158878504673 0.025014212620807275
