4 0.0693146417445483 0.7038089823763503 0.06386292834890966 0.08300170551449682
1 0.6966510903426791 0.4997157475838545 0.03348909657320864 0.03752131893121097
1 0.44820872274143303 0.751847640704946 0.027258566978193177 0.03354178510517336
1 0.8687694704049844 0.1299033541785105 0.030373831775700966 0.04832291074474132
1 0.12227414330218067 0.6017623649801023 0.02647975077881619 0.028993746446844715
1 0.26635514018691586 0.584138715179079 0.024922118380062308 0.026719727117680447
1 0.26557632398753894 0.5986355884025014 0.01869158878504673 0.022740193291642896
1 0.8672118380062306 0.58726549175668 0.0179127725856697 0.02956225127913592
1 0.8407320872274143 0.564525298465037 0.02102803738317749 0.025014212620807275
1 0.8415109034267912 0.579874928936896 0.01947040498442365 0.022740193291642896
0 0.9852024922118381 0.9394542353610006 0.02336448598130836 0.028993746446844826
5 0.5996884735202492 0.94968732234224 0.07476635514018692 0.09607731665719166
1 0.8656542056074766 0.4621944286526436 0.02414330218068539 0.029562251279135865
4 0.018691588785046728 0.7040932347924957 0.037383177570093455 0.07902217168845938
1 0.5144080996884736 0.7558271745309835 0.03193146417445486 0.03354178510517347
1 0.6160436137071652 0.6455372370665151 0.028037383177570097 0.03354178510517347
1 0.4820872274143302 0.5278567367822626 0.02959501557632399 0.03581580443433774
0 0.16783489096573206 0.5852757248436612 0.033489096573208726 0.03354178510517336
1 0.8473520249221184 0.5309835133598635 0.02336448598130847 0.02956225127913592
1 0.8582554517133957 0.5090960773166572 0.024922118380062308 0.03126776577600915
0 0.9049844236760125 0.8561682774303582 0.028037383177570097 0.03752131893121091
1 0.7947819314641744 0.5520181921546333 0.02414330218068539 0.03752131893121091
1 0.05802180685358255 0.7725980670835702 0.03037383177570093 0.0454803865832859
1 0.8621495327102804 0.5665150653780557 0.02180685358255452 0.028993746446844826
1 0.272196261682243 0.6162592382035247 0.01947040498442365 0.025014212620807275
