4 0.0693146417445483 0.7018192154633314 0.06386292834890966 0.08357021034678802
1 0.6802959501557633 0.48720864127345087 0.033489096573208754 0.03752131893121097
1 0.4454828660436137 0.751847640704946 0.028037383177570097 0.03354178510517336
1 0.8718847352024922 0.14667424673109722 0.030373831775700966 0.04775440591245024
1 0.14875389408099687 0.5997725980670836 0.026479750778816202 0.02956225127913592
1 0.2827102803738318 0.5821489482660602 0.024922118380062308 0.027288231949971542
1 0.28154205607476634 0.5966458214894826 0.01947040498442365 0.023308698123934102
1 0.8921339563862929 0.5852757248436612 0.0179127725856697 0.028993746446844826
1 0.8672118380062306 0.5622512791358727 0.0210280373831776 0.025014212620807275
1 0.8664330218068536 0.5758953951108585 0.01947040498442365 0.022740193291643007
5 0.5965732087227414 0.94968732234224 0.07476635514018692 0.0915292779988629
1 0.8656542056074766 0.4621944286526436 0.02414330218068539 0.029562251279135865
4 0.018691588785046728 0.7018192154633315 0.037383177570093455 0.07902217168845938
1 0.5128504672897196 0.7558271745309835 0.031931464174454804 0.03354178510517347
1 0.6121495327102804 0.6205230244457078 0.028037383177570097 0.03354178510517347
1 0.5101246105919003 0.5298465036952814 0.02959501557632399 0.03524729960204653
0 0.2760903426791277 0.5747583854462763 0.0334890965732087 0.032973280272882266
1 0.8002336448598131 0.7484366117111996 0.031931464174454804 0.04377487208641273
1 0.8267133956386292 0.5309835133598635 0.024143302180685278 0.02956225127913592
1 0.839563862928349 0.5051165434906197 0.024922118380062308 0.03126776577600909
0 0.8637071651090342 0.8288800454803866 0.028037383177570097 0.03752131893121091
1 0.8029595015576324 0.564525298465037 0.02336448598130847 0.03752131893121091
1 0.03426791277258567 0.7600909607731665 0.03115264797507788 0.0454803865832859
1 0.8886292834890965 0.5622512791358727 0.02180685358255452 0.02956225127913592
1 0.286993769470405 0.6145537237066515 0.019470404984423706 0.025014212620807275
