4 0.0677570093457944 0.6998294485503127 0.06386292834890966 0.08300170551449693
1 0.6678348909657321 0.46219442865264354 0.033489096573208754 0.03752131893121091
1 0.4439252336448598 0.751847640704946 0.028037383177570097 0.03354178510517336
1 0.030763239875389405 0.572484366117112 0.01791277258566978 0.025014212620807275
1 0.8734423676012462 0.16316088686753838 0.030373831775700855 0.047754405912450254
1 0.17679127725856697 0.5977828311540648 0.026479750778816202 0.028993746446844826
1 0.2998442367601246 0.579874928936896 0.024922118380062308 0.027288231949971653
1 0.2978971962616822 0.5946560545764639 0.019470404984423706 0.022740193291643007
1 0.918613707165109 0.5852757248436612 0.01791277258566981 0.028993746446844826
1 0.8905763239875389 0.5599772598067083 0.02102803738317749 0.025014212620807275
1 0.889797507788162 0.5758953951108585 0.01947040498442365 0.022740193291643007
1 0.9552180685358256 0.9246731097214327 0.01947040498442365 0.028993746446844715
1 0.963006230529595 0.9081864695849915 0.0210280373831776 0.028993746446844826
1 0.6238317757009346 0.07674815235929505 0.02336448598130836 0.0420693575895395
5 0.595404984423676 0.950824332006822 0.07554517133956395 0.08925525866969863
1 0.8656542056074766 0.4621944286526436 0.02414330218068539 0.029562251279135865
4 0.01791277258566978 0.7006822057987493 0.03582554517133956 0.076748152359295
1 0.5112928348909658 0.7558271745309835 0.03193146417445486 0.03354178510517347
1 0.6701713395638629 0.7808413871517907 0.030373831775700855 0.03354178510517347
1 0.6078660436137071 0.6040363843092666 0.027258566978193177 0.03354178510517336
1 0.5362149532710281 0.5298465036952814 0.028816199376947016 0.03524729960204653
1 0.028816199376947037 0.5579874928936897 0.024922118380062305 0.021034678794769834
0 0.3703271028037383 0.58726549175668 0.033489096573208754 0.032973280272882266
1 0.8126947040498442 0.7654917566799317 0.031931464174454804 0.04377487208641273
1 0.808411214953271 0.5289937464468448 0.02336448598130836 0.028993746446844826
1 0.8216510903426791 0.5028425241614554 0.024922118380062308 0.03126776577600915
0 0.8204828660436136 0.801591813530415 0.027258566978193177 0.03752131893121091
1 0.8126947040498442 0.5747583854462763 0.02414330218068539 0.03752131893121091
1 0.0190809968847352 0.751847640704946 0.025700934579439248 0.046048891415577
1 0.9147196261682242 0.5602615122228539 0.02258566978193144 0.028993746446844826
1 0.30490654205607476 0.6122797043774872 0.01947040498442365 0.025014212620807275
