4 0.0677570093457944 0.6975554292211483 0.06386292834890966 0.08300170551449682
1 0.655373831775701 0.43490619670267194 0.033489096573208754 0.03752131893121097
1 0.4411993769470405 0.751847640704946 0.02725856697819312 0.03354178510517336
1 0.0572429906542056 0.5747583854462763 0.017912772585669777 0.025014212620807275
1 0.8718847352024922 0.18817509948834565 0.030373831775700966 0.047754405912450254
1 0.20404984423676012 0.5977828311540648 0.024922118380062308 0.028993746446844826
1 0.3161993769470405 0.579874928936896 0.024922118380062308 0.027288231949971653
1 0.31658878504672894 0.5946560545764639 0.019470404984423706 0.022740193291643007
1 0.9447040498442367 0.5852757248436612 0.01869158878504673 0.028993746446844826
1 0.9100467289719627 0.5599772598067083 0.0210280373831776 0.025014212620807275
1 0.9123831775700935 0.5758953951108585 0.01947040498442365 0.022740193291643007
1 0.9731308411214954 0.9351904491188174 0.01947040498442376 0.02956225127913592
1 0.9832554517133957 0.9164297896532121 0.01947040498442365 0.02956225127913592
5 0.5942367601246106 0.950824332006822 0.07476635514018692 0.08925525866969863
1 0.8668224299065421 0.4621944286526436 0.02336448598130836 0.029562251279135865
4 0.01791277258566978 0.6986924388857305 0.03582554517133956 0.0773166571915862
1 0.5097352024922118 0.7538374076179648 0.031931464174454804 0.032973280272882266
1 0.6565420560747663 0.7683342808413871 0.031152647975077885 0.03354178510517347
1 0.603582554517134 0.5852757248436612 0.028037383177570097 0.03354178510517336
1 0.5572429906542056 0.5332575326890279 0.028816199376947016 0.03752131893121091
1 0.05373831775700934 0.5579874928936897 0.0249221183800623 0.021034678794769834
0 0.4357476635514019 0.6372939169982945 0.033489096573208754 0.032973280272882266
1 0.8235981308411215 0.7819783968163729 0.031931464174454915 0.04377487208641273
1 0.793613707165109 0.5289937464468448 0.02336448598130847 0.028993746446844826
1 0.8037383177570093 0.5028425241614554 0.024922118380062308 0.03126776577600915
1 0.6320093457943925 0.06736782262649232 0.01791277258566981 0.03126776577600909
0 0.7815420560747663 0.7748720864127345 0.027258566978193066 0.03752131893121091
1 0.8212616822429907 0.5895395110858442 0.02414330218068539 0.03752131893121091
1 0.008177570093457943 0.7455940875497442 0.016355140186915886 0.046048891415577
1 0.9384735202492211 0.5602615122228539 0.02180685358255452 0.028993746446844826
1 0.3220404984423676 0.6083001705514497 0.01947040498442365 0.025014212620807275
