4 0.0661993769470405 0.6955656623081297 0.06386292834890966 0.08357021034678802
1 0.4454828660436137 0.751847640704946 0.028037383177570097 0.03354178510517336
1 0.09228971962616822 0.5662308129619101 0.017912772585669784 0.025014212620807275
1 0.8703271028037383 0.23308698123934055 0.030373831775700855 0.04548038658328596
1 0.25778816199376947 0.5955088118249006 0.024922118380062308 0.028993746446844715
1 0.3512461059190031 0.5758953951108585 0.024922118380062308 0.027288231949971542
1 0.3508566978193146 0.5903922683342808 0.019470404984423706 0.023308698123934102
1 0.9598909657320873 0.5582717453098351 0.0210280373831776 0.025014212620807275
1 0.9637850467289719 0.5704945992040933 0.01947040498442376 0.021034678794769834
5 0.5911214953271028 0.9528140989198408 0.07476635514018692 0.08527572484366108
1 0.8668224299065421 0.4621944286526436 0.02336448598130836 0.029562251279135865
4 0.009345794392523364 0.7040932347924957 0.018691588785046728 0.07902217168845938
1 0.5089563862928349 0.751847640704946 0.031931464174454804 0.03354178510517336
1 0.6273364485981309 0.7393405343945424 0.030373831775700966 0.03354178510517336
1 0.5911214953271029 0.5434906196702671 0.028037383177570097 0.032973280272882266
1 0.5907320872274143 0.5207504263786242 0.028816199376947127 0.03752131893121091
1 0.10241433021806853 0.5540079590676521 0.025700934579439255 0.021034678794769723
0 0.5704828660436136 0.6850483229107447 0.033489096573208754 0.032973280272882266
1 0.8492990654205608 0.8155201819215463 0.031931464174454804 0.04377487208641273
1 0.7562305295950156 0.5247299602046618 0.024922118380062308 0.02956225127913592
1 0.7663551401869159 0.49886299033541787 0.024922118380062308 0.03126776577600909
1 0.9322429906542056 0.511085844229676 0.029595015576323935 0.039795338260375235
1 0.6031931464174455 0.0412166003411029 0.01791277258566981 0.0289937464468448
0 0.706386292834891 0.7015349630471859 0.028037383177570097 0.03752131893121091
1 0.8321651090342679 0.6185332575326891 0.02414330218068539 0.03752131893121091
1 0.35786604361370716 0.603752131893121 0.01947040498442365 0.025014212620807275
