1 0.11212121212121212 0.2081427264409881 0.022222222222222227 0.03751143641354071
1 0.7068181818181818 0.2561756633119854 0.02777777777777779 0.02927721866422689
1 0.11161616161616161 0.17017383348581885 0.02121212121212121 0.02927721866422689
1 0.7497474747474748 0.7150045745654163 0.019696969696969657 0.04849039341262584
1 0.7734848484848484 0.16010978956999086 0.02474747474747474 0.04574565416285453
0 0.34015151515151515 0.32113449222323875 0.03080808080808084 0.04391582799634036
0 0.3318181818181818 0.36001829826166515 0.0414141414141414 0.03751143641354071
0 0.3611111111111111 0.38838060384263495 0.033333333333333326 0.03568161024702654
1 0.01717171717171717 0.11024702653247942 0.01818181818181818 0.03751143641354071
1 0.01717171717171717 0.13586459286367794 0.023232323232323233 0.02653247941445562
1 0.01919191919191919 0.16422689844464777 0.019191919191919194 0.03385178408051234
1 0.1275252525252525 0.22278133577310155 0.01666666666666665 0.03751143641354071
1 0.7540404040404041 0.11207685269899359 0.036363636363636376 0.028362305580969804
