4 0.059968847352024915 0.6935758953951109 0.062305295950155756 0.08300170551449693
1 0.45093457943925236 0.750710631040364 0.028037383177570097 0.03126776577600909
1 0.12577881619937695 0.5662308129619101 0.019470404984423664 0.025014212620807275
1 0.8703271028037383 0.25184764070494603 0.030373831775700855 0.04548038658328596
1 0.2827102803738318 0.5935190449118817 0.024922118380062308 0.02956225127913592
1 0.3699376947040498 0.5736213757816941 0.023364485981308414 0.027288231949971653
1 0.3687694704049844 0.5884025014212622 0.01947040498442365 0.022740193291643007
5 0.6035825545171339 0.9528140989198408 0.07476635514018692 0.08982376350198984
1 0.8668224299065421 0.4602046617396248 0.02336448598130836 0.02899374644684477
1 0.5144080996884736 0.7475838544627629 0.03193146417445486 0.032973280272882266
1 0.6187694704049844 0.7183058555997726 0.030373831775700966 0.03354178510517347
1 0.5829439252336448 0.5204661739624787 0.027258566978193177 0.03354178510517347
1 0.6039719626168224 0.5082433200682206 0.030373831775700966 0.03752131893121091
1 0.1277258566978193 0.5540079590676521 0.024922118380062294 0.021034678794769723
0 0.6522585669781931 0.7057987492893689 0.033489096573208754 0.03354178510517347
1 0.860202492211838 0.8297328027288231 0.031931464174454804 0.04377487208641273
1 0.735981308411215 0.5204661739624787 0.024922118380062308 0.028993746446844715
1 0.7468847352024922 0.49658897100625354 0.024922118380062308 0.03126776577600915
1 0.9057632398753894 0.5099488345650938 0.029595015576324046 0.037521318931210856
1 0.7620716510903427 0.26009096077316657 0.027258566978193066 0.046048891415577
0 0.6717289719626168 0.6560545764639 0.027258566978193066 0.03752131893121091
1 0.8364485981308412 0.6310403638430927 0.02336448598130836 0.03752131893121091
1 0.3757788161993769 0.6020466173962479 0.019470404984423706 0.025014212620807275
