4 0.0323208722741433 0.6850483229107447 0.0630841121495327 0.08300170551449682
1 0.42367601246105924 0.7404775440591245 0.026479750778816202 0.03126776577600909
1 0.13045171339563863 0.5582717453098351 0.019470404984423664 0.025014212620807275
1 0.8703271028037383 0.2725980670835702 0.030373831775700855 0.046048891415577
1 0.29439252336448596 0.5830017055144969 0.024922118380062308 0.028993746446844715
1 0.3878504672897196 0.5716316088686754 0.023364485981308414 0.026719727117680447
1 0.38746105919003115 0.5861284820920978 0.01947040498442365 0.022740193291642896
5 0.5767133956386292 0.9519613416714042 0.0739875389408099 0.09152927799886301
1 0.8629283489096573 0.44968732234223996 0.02336448598130847 0.029562251279135865
1 0.4879283489096573 0.7413303013075612 0.031931464174454804 0.032973280272882266
1 0.6063084112149533 0.7018192154633314 0.030373831775700966 0.03354178510517347
1 0.5759345794392523 0.49971574758385445 0.027258566978193177 0.032973280272882266
1 0.6094236760124611 0.48720864127345087 0.030373831775700966 0.03752131893121097
1 0.13006230529595014 0.545480386583286 0.024922118380062294 0.021034678794769834
0 0.7149532710280374 0.7455940875497442 0.032710280373831724 0.03354178510517336
1 0.8711059190031153 0.8484934621944287 0.031931464174454804 0.04377487208641273
1 0.7149532710280374 0.5164866401364412 0.024922118380062308 0.028993746446844826
1 0.7258566978193146 0.4943149516770893 0.024922118380062308 0.03126776577600904
1 0.8765576323987538 0.5059693007390563 0.028816199376947016 0.03752131893121097
1 0.7593457943925234 0.2413303013075611 0.028037383177569986 0.046048891415577026
0 0.6203271028037383 0.6020466173962479 0.027258566978193177 0.03752131893121091
1 0.8348909657320872 0.6310403638430927 0.02336448598130847 0.03752131893121091
1 0.39369158878504673 0.5974985787379192 0.01947040498442365 0.025014212620807275
