4 0.029595015576323987 0.6810687890847072 0.059190031152647975 0.08300170551449693
1 0.42367601246105924 0.7404775440591245 0.026479750778816202 0.03126776577600909
1 0.15031152647975077 0.5537237066515065 0.01869158878504673 0.025014212620807275
1 0.8703271028037383 0.29135872654917566 0.030373831775700855 0.046048891415577
1 0.3076323987538941 0.5747583854462763 0.024922118380062308 0.02956225127913592
1 0.40732087227414326 0.5696418419556566 0.023364485981308414 0.027288231949971542
1 0.40537383177570097 0.584138715179079 0.019470404984423706 0.023308698123934102
5 0.5626947040498442 0.9519613416714042 0.07398753894081 0.09152927799886301
1 0.8605919003115264 0.4476975554292212 0.024922118380062308 0.02899374644684477
1 0.48364485981308414 0.7413303013075612 0.03271028037383178 0.032973280272882266
1 0.5856697819314641 0.6870380898237635 0.031152647975077885 0.03354178510517336
1 0.571651090342679 0.47669130187606595 0.028037383177570097 0.03354178510517336
1 0.6203271028037383 0.4707220011370097 0.030373831775700855 0.03752131893121091
1 0.14680685358255452 0.5392268334280841 0.025700934579439255 0.021034678794769834
0 0.7651869158878505 0.7893689596361569 0.03348909657320864 0.03354178510517336
1 0.8820093457943925 0.867254121660034 0.031931464174454804 0.04377487208641273
1 0.6954828660436138 0.5102330869812394 0.024922118380062308 0.028993746446844826
1 0.7079439252336449 0.48806139852188746 0.024922118380062308 0.03126776577600904
1 0.844626168224299 0.5059693007390563 0.028816199376947016 0.03752131893121097
1 0.7593457943925234 0.2205798749289369 0.028037383177569986 0.04548038658328596
0 0.5693146417445483 0.5599772598067083 0.028037383177570097 0.03752131893121091
1 0.8337227414330218 0.6287663445139283 0.02414330218068539 0.03752131893121091
1 0.41238317757009346 0.595793064241046 0.01947040498442365 0.025014212620807275
