4 0.02881619937694704 0.6850483229107447 0.05763239875389408 0.08300170551449682
1 0.42367601246105924 0.7404775440591245 0.026479750778816202 0.03126776577600909
1 0.17250778816199375 0.5537237066515065 0.017912772585669784 0.025014212620807275
1 0.8703271028037383 0.31210915292779984 0.030373831775700855 0.04548038658328596
1 0.3356697819314642 0.5747583854462763 0.024922118380062308 0.02956225127913592
1 0.42601246105919005 0.5673678226264923 0.02180685358255452 0.027288231949971653
1 0.4232866043613707 0.5821489482660602 0.01947040498442365 0.022740193291643007
5 0.5588006230529595 0.9519613416714042 0.07398753894081 0.09152927799886301
1 0.8582554517133957 0.44968732234223996 0.024922118380062308 0.029562251279135865
1 0.4824766355140187 0.7433200682205798 0.031931464174454804 0.03354178510517347
1 0.5619158878504673 0.672541216600341 0.030373831775700966 0.032973280272882266
1 0.571651090342679 0.4476975554292212 0.028037383177570097 0.033541785105173416
1 0.6327881619937694 0.4496873223422399 0.030373831775700855 0.03752131893121091
1 0.17133956386292834 0.5380898237635019 0.023364485981308414 0.018760659465605456
0 0.8259345794392523 0.8405343945423536 0.033489096573208754 0.03126776577600909
1 0.8944704049844237 0.8860147811256396 0.031931464174454804 0.04377487208641273
1 0.67601246105919 0.5059693007390563 0.024922118380062308 0.029562251279135865
1 0.6884735202492211 0.4829448550312678 0.024922118380062308 0.028993746446844826
1 0.8169781931464175 0.5019897669130188 0.029595015576323935 0.03752131893121091
1 0.7593457943925234 0.20181921546333143 0.028037383177569986 0.04548038658328596
0 0.4914330218068536 0.5309835133598636 0.028037383177570097 0.03752131893121091
1 0.8309968847352025 0.6287663445139283 0.02336448598130847 0.03752131893121091
1 0.4302959501557633 0.5935190449118818 0.019470404984423706 0.025014212620807275
