4 0.027258566978193146 0.6870380898237635 0.0529595015576324 0.07902217168845938
1 0.4295171339563863 0.7382035247299603 0.025700934579439227 0.03126776577600909
1 0.19665109034267914 0.5520181921546333 0.019470404984423678 0.025014212620807275
1 0.8699376947040498 0.3268902785673678 0.026479750778816258 0.03752131893121091
1 0.3637071651090343 0.5747583854462763 0.024922118380062308 0.02956225127913592
1 0.44820872274143303 0.564525298465037 0.02258566978193144 0.025014212620807275
1 0.44509345794392524 0.5790221716884594 0.01947040498442365 0.021034678794769723
5 0.5572429906542056 0.94968732234224 0.07398753894081 0.09607731665719166
1 0.8582554517133957 0.44542353610005686 0.024922118380062308 0.028993746446844826
1 0.4879283489096573 0.7424673109721434 0.031931464174454804 0.035247299602046644
1 0.5362149532710281 0.6631608868675383 0.028816199376947016 0.03126776577600909
1 0.5704828660436136 0.4317794201250711 0.02570093457943934 0.03126776577600915
1 0.6409657320872274 0.43007390562819786 0.024922118380062308 0.03126776577600909
1 0.1954828660436137 0.5380898237635019 0.02180685358255452 0.018760659465605456
0 0.8886292834890965 0.8922683342808413 0.028037383177570097 0.03126776577600909
1 0.9116043613707165 0.8976691301876065 0.028816199376947016 0.04206935758953956
1 0.6616043613707165 0.4923251847640705 0.0210280373831776 0.027288231949971598
1 0.6752336448598131 0.47669130187606595 0.02336448598130847 0.028993746446844826
1 0.6697819314641744 0.48806139852188746 0.01869158878504673 0.018760659465605456
1 0.7885514018691588 0.5008527572484366 0.01947040498442365 0.027288231949971598
1 0.7601246105919003 0.18220579874928938 0.026479750778816147 0.04377487208641276
0 0.4178348909657321 0.5028425241614554 0.0334890965732087 0.035815804434337684
1 0.8309968847352025 0.6270608300170551 0.02336448598130847 0.03752131893121091
4 0.559190031152648 0.9454235361000568 0.07476635514018692 0.1000568504832291
1 0.45171339563862933 0.5912450255827174 0.020249221183800625 0.025014212620807275
