4 0.026869158878504672 0.6861853325753269 0.045950155763239874 0.07276861853325756
1 0.4392523364485982 0.7382035247299603 0.026479750778816202 0.03126776577600909
1 0.22157320872274144 0.5508811824900512 0.019470404984423678 0.027288231949971542
1 0.868380062305296 0.34366117111995453 0.02024922118380057 0.02899374644684477
1 0.3909657320872274 0.5747583854462763 0.024922118380062308 0.02956225127913592
1 0.47235202492211836 0.5622512791358727 0.017912772585669756 0.025014212620807275
1 0.47040498442367606 0.5758953951108585 0.017133956386292837 0.022740193291643007
1 0.4968847352024922 0.7413303013075612 0.031152647975077885 0.03752131893121091
1 0.5112928348909658 0.6569073337123366 0.028816199376947016 0.03126776577600909
1 0.22118380062305296 0.5392268334280841 0.020249221183800625 0.021034678794769834
0 0.9357476635514019 0.9309266628766344 0.01947040498442376 0.028993746446844715
1 0.9306853582554517 0.9124502558271745 0.026479750778816147 0.03752131893121091
1 0.6503115264797508 0.47669130187606595 0.01869158878504673 0.021034678794769723
1 0.6662772585669783 0.4695849914724275 0.02258566978193144 0.027288231949971598
1 0.6573208722741433 0.4755542922114838 0.01869158878504673 0.018760659465605456
1 0.7597352024922118 0.4985787379192723 0.01791277258566981 0.027288231949971598
1 0.6230529595015577 0.055997725980670834 0.02180685358255452 0.028993746446844798
1 0.7624610591900312 0.16230812961910174 0.024922118380062308 0.041500852757248435
0 0.33917445482866043 0.4923251847640705 0.03504672897196259 0.03524729960204659
1 0.8309968847352025 0.6259238203524731 0.02336448598130847 0.035247299602046644
4 0.5626947040498442 0.9445707788516202 0.07398753894081 0.10176236498010227
1 0.47468847352024923 0.5884025014212622 0.01947040498442365 0.022740193291643007
