4 0.02453271028037383 0.6839113132461625 0.03348909657320872 0.06026151222285392
1 0.45794392523364486 0.7370665150653781 0.028037383177570097 0.03354178510517347
1 0.27453271028037385 0.5497441728254691 0.019470404984423706 0.025014212620807275
1 0.8364485981308412 0.3726549175667993 0.02024922118380068 0.028993746446844826
1 0.44820872274143303 0.5747583854462763 0.025700934579439227 0.02956225127913592
1 0.5210280373831775 0.5559977259806709 0.015576323987538943 0.025014212620807275
1 0.5198598130841121 0.5693575895395111 0.014797507788162023 0.018760659465605456
1 0.5151869158878505 0.7393405343945424 0.030373831775700966 0.04150085275724846
1 0.4606697819314642 0.6435474701534962 0.027258566978193177 0.02956225127913592
1 0.27531152647975077 0.5415008527572485 0.01791277258566981 0.021034678794769723
1 0.9676791277258567 0.9405912450255827 0.01947040498442365 0.03126776577600909
1 0.6308411214953271 0.44855031267765777 0.015576323987538943 0.022740193291643007
1 0.6530373831775701 0.44968732234223996 0.02102803738317749 0.029562251279135865
1 0.6444704049844237 0.4488345650938033 0.01791277258566981 0.018760659465605456
1 0.7106697819314642 0.4934621944286527 0.01947040498442376 0.02501421262080733
1 0.7647975077881619 0.12052302444570778 0.02180685358255452 0.03752131893121091
0 0.17679127725856697 0.488345650938033 0.034267912772585674 0.035247299602046644
1 0.8321651090342679 0.6236498010233087 0.02414330218068539 0.03524729960204653
4 0.5697040498442367 0.9422967595224558 0.07398753894081 0.10631040363843092
1 0.521417445482866 0.584138715179079 0.0210280373831776 0.023308698123934102
