4 0.025311526479750778 0.6850483229107447 0.035046728971962614 0.05798749289368954
1 0.46767912772585674 0.7370665150653781 0.02725856697819312 0.03354178510517347
1 0.013629283489096573 0.5164866401364412 0.022585669781931463 0.028993746446844826
1 0.30490654205607476 0.5497441728254691 0.01947040498442365 0.025014212620807275
1 0.8169781931464175 0.38914155770324044 0.02024922118380068 0.02899374644684477
1 0.47741433021806856 0.5747583854462763 0.024922118380062308 0.02956225127913592
1 0.5467289719626168 0.5548607163160887 0.014018691588784993 0.022740193291642896
1 0.5440031152647975 0.5676520750426379 0.013239875389408073 0.018760659465605456
1 0.5229750778816199 0.7382035247299602 0.030373831775700966 0.04377487208641284
1 0.4470404984423676 0.6392836839113132 0.028037383177570097 0.028993746446844715
1 0.30646417445482865 0.5434906196702671 0.01947040498442365 0.02046617396247863
1 0.9863707165109035 0.9548038658328595 0.01791277258566981 0.03126776577600909
1 0.6873052959501558 0.4903354178510517 0.01947040498442365 0.026719727117680447
1 0.766355140186916 0.09437180216031836 0.02180685358255452 0.03524729960204662
0 0.10163551401869159 0.4923251847640705 0.03504672897196262 0.03524729960204659
1 0.8321651090342679 0.6227970437748721 0.02414330218068539 0.03354178510517336
4 0.5732087227414331 0.9414440022740194 0.07165109034267914 0.10801591813530409
1 0.5463395638629283 0.584138715179079 0.0210280373831776 0.023308698123934102
