4 0.06152647975077881 0.6913018760659466 0.03426791277258567 0.05798749289368954
4 0.012850467289719626 0.6873223422399091 0.02570093457943925 0.05798749289368954
1 0.47741433021806856 0.7370665150653781 0.028037383177570097 0.03354178510517347
1 0.06814641744548286 0.5278567367822626 0.021028037383177565 0.03126776577600909
1 0.3368380062305296 0.5508811824900512 0.019470404984423706 0.022740193291643007
1 0.8045171339563864 0.41017623649801027 0.02024922118380068 0.02899374644684477
1 0.9661214953271028 0.26435474701534967 0.01947040498442365 0.029562251279135865
1 0.7862149532710281 0.3808982376350199 0.0210280373831776 0.02956225127913592
1 0.5233644859813085 0.5830017055144969 0.02180685358255452 0.028993746446844715
1 0.5802180685358256 0.5662308129619101 0.014018691588785104 0.025014212620807275
1 0.5778816199376946 0.5778851620238772 0.015576323987538943 0.018760659465605456
1 0.5323208722741433 0.7382035247299602 0.028816199376947016 0.04377487208641284
1 0.4470404984423676 0.6353041500852757 0.028037383177570097 0.028993746446844826
1 0.33839563862928346 0.545480386583286 0.019470404984423706 0.021034678794769834
1 0.9863707165109035 0.9394542353610006 0.01791277258566981 0.028993746446844826
1 0.6701713395638629 0.4911881750994883 0.01947040498442376 0.02501421262080722
1 0.7683021806853583 0.06537805571347356 0.0210280373831776 0.03524729960204662
0 0.042056074766355145 0.5071063104036384 0.034267912772585674 0.035247299602046644
1 0.8337227414330218 0.6216600341102899 0.02414330218068539 0.03581580443433774
4 0.5829439252336448 0.939169982944855 0.07242990654205606 0.11256395679363274
1 0.580607476635514 0.5935190449118818 0.0210280373831776 0.025014212620807275
1 0.9770249221183801 0.5122228538942581 0.01947040498442365 0.029562251279135865
1 0.9758566978193146 0.49744172825469013 0.02180685358255452 0.02501421262080722
