1 0.01717171717171717 0.7433668801463862 0.03434343434343434 0.05032021957914001
1 0.021464646464646464 0.767612076852699 0.031818181818181815 0.04391582799634042
1 0.01919191919191919 0.797804208600183 0.030303030303030304 0.04574565416285448
0 0.7464646464646465 0.7461116193961573 0.06262626262626259 0.06861848124428183
1 0.7080808080808081 0.8870082342177493 0.04444444444444451 0.06678865507776766
1 0.11085858585858585 0.8348581884720951 0.035858585858585854 0.0503202195791399
1 0.773989898989899 0.8051235132662398 0.04595959595959598 0.06038426349496795
1 0.7234848484848485 0.14867337602927722 0.03080808080808084 0.03934126258005488
1 0.1143939393939394 0.7996340347666971 0.02878787878787878 0.042086001829826136
1 0.12828282828282828 0.8183897529734675 0.03232323232323231 0.04117108874656905
1 0.656060606060606 0.13586459286367797 0.03434343434343434 0.048490393412625815
1 0.6795454545454546 0.15279048490393413 0.031818181818181746 0.04391582799634036
1 0.681060606060606 0.11710887465690759 0.026767676767676774 0.04391582799634035
1 0.7401515151515152 0.12763037511436415 0.03585858585858592 0.04300091491308325
