4 0.12266355140186916 0.6998294485503127 0.03504672897196261 0.05002842524161455
4 0.07554517133956386 0.6924388857305287 0.026479750778816195 0.05230244457077893
4 0.010903426791277258 0.7015349630471859 0.021806853582554516 0.05002842524161455
1 0.4871495327102804 0.7370665150653781 0.02725856697819312 0.03354178510517347
1 0.06658878504672897 0.5352472996020466 0.01947040498442367 0.028993746446844826
1 0.14174454828660435 0.5372370665150654 0.023364485981308414 0.02956225127913592
1 0.39057632398753894 0.557134735645253 0.01791277258566981 0.022740193291643007
1 0.7885514018691588 0.4329164297896532 0.01947040498442365 0.028993746446844826
1 0.9427570093457944 0.25184764070494603 0.01947040498442365 0.029562251279135865
1 0.8119158878504673 0.3808982376350199 0.01947040498442365 0.02956225127913592
1 0.5654205607476636 0.58726549175668 0.02336448598130847 0.02956225127913592
1 0.617601246105919 0.5736213757816941 0.014018691588785104 0.027288231949971653
1 0.617601246105919 0.5864127345082433 0.01713395638629278 0.018760659465605456
1 0.5420560747663552 0.7370665150653781 0.029595015576323935 0.04604889141557711
1 0.45872274143302183 0.6267765776009095 0.026479750778816202 0.028993746446844715
1 0.3820093457943925 0.5477544059124503 0.017912772585669756 0.021034678794769723
1 0.9824766355140186 0.9206935758953951 0.0179127725856697 0.028993746446844826
1 0.6569314641744548 0.4911881750994883 0.01947040498442365 0.02501421262080722
1 0.7698598130841121 0.03922683342808414 0.0210280373831776 0.03297328027288232
0 0.017523364485981307 0.5278567367822626 0.03037383177570093 0.03581580443433774
1 0.8337227414330218 0.6205230244457078 0.02414330218068539 0.03354178510517347
4 0.6094236760124611 0.9320636725412166 0.07242990654205617 0.12677657760090955
1 0.618380062305296 0.5974985787379192 0.02024922118380057 0.025014212620807275
1 0.9435358255451713 0.5204661739624787 0.02102803738317749 0.028993746446844715
1 0.9439252336448598 0.5059693007390563 0.02180685358255452 0.02501421262080733
1 0.9715732087227414 0.8831722569641842 0.01947040498442365 0.028993746446844826
