4 0.1600467289719626 0.6952814098919841 0.039719626168224303 0.05002842524161455
4 0.11137071651090343 0.7015349630471859 0.026479750778816202 0.05002842524161455
4 0.033489096573208726 0.7015349630471859 0.034267912772585674 0.05002842524161455
1 0.5038940809968848 0.7370665150653781 0.028037383177570097 0.03354178510517347
1 0.11487538940809969 0.5383740761796476 0.022585669781931453 0.027288231949971542
1 0.18691588785046728 0.5352472996020466 0.024922118380062308 0.028993746446844826
1 0.4232866043613707 0.5633882888004549 0.01947040498442365 0.022740193291643007
1 0.7807632398753894 0.4516770892552587 0.0210280373831776 0.028993746446844826
1 0.9201713395638629 0.2373507674815236 0.01947040498442376 0.02899374644684477
1 0.8364485981308412 0.3800454803865833 0.02024922118380068 0.03126776577600909
1 0.5965732087227414 0.5892552586696986 0.024922118380062308 0.028993746446844715
1 0.6425233644859814 0.5747583854462763 0.014018691588785104 0.02956225127913592
1 0.6436915887850467 0.5881182490051164 0.01947040498442365 0.018760659465605456
1 0.9676791277258567 0.5059693007390563 0.01947040498442365 0.029562251279135865
1 0.5588006230529594 0.7362137578169414 0.028816199376947016 0.04775440591245028
1 0.4544392523364486 0.6165434906196703 0.025700934579439227 0.028993746446844826
1 0.41705607476635514 0.5540079590676521 0.01791277258566981 0.021034678794769723
1 0.9746884735202492 0.9081864695849915 0.01947040498442365 0.028993746446844826
1 0.6429127725856698 0.4903354178510517 0.01947040498442365 0.026719727117680447
1 0.8337227414330218 0.6193860147811256 0.02414330218068539 0.03126776577600909
4 0.6234423676012462 0.9277998862990335 0.07242990654205606 0.13530415008527563
1 0.6433021806853583 0.5997725980670836 0.02024922118380057 0.025014212620807275
1 0.9100467289719627 0.5247299602046618 0.0210280373831776 0.02956225127913592
1 0.911993769470405 0.5133598635588403 0.02180685358255452 0.022740193291643007
1 0.9450934579439252 0.858158044343377 0.01947040498442376 0.028993746446844826
