4 0.15965732087227413 0.6952814098919841 0.038940809968847356 0.05002842524161455
4 0.11137071651090343 0.6998294485503127 0.026479750778816202 0.05002842524161455
4 0.03933021806853583 0.6998294485503127 0.03504672897196262 0.05002842524161455
1 0.506619937694704 0.7370665150653781 0.027258566978193066 0.03354178510517347
1 0.15186915887850466 0.5361000568504832 0.023364485981308414 0.027288231949971653
1 0.22741433021806853 0.5309835133598635 0.024922118380062308 0.02956225127913592
1 0.4559968847352025 0.5673678226264923 0.0210280373831776 0.022740193291642896
1 0.7753115264797508 0.47271176805002846 0.02102803738317749 0.02899374644684477
1 0.8999221183800623 0.22057987492893688 0.01947040498442365 0.029562251279135893
1 0.8594236760124611 0.3726549175667993 0.01947040498442365 0.028993746446844826
1 0.6214953271028038 0.5852757248436612 0.024922118380062308 0.028993746446844826
1 0.6674454828660437 0.5727686185332576 0.014018691588785104 0.028993746446844826
1 0.669392523364486 0.5864127345082433 0.01947040498442365 0.018760659465605456
1 0.9427570093457944 0.5059693007390563 0.01947040498442365 0.029562251279135865
1 0.5599688473520249 0.7350767481523592 0.029595015576324046 0.0454803865832859
1 0.44197819314641745 0.6102899374644685 0.025700934579439227 0.028993746446844826
1 0.4513239875389408 0.5579874928936897 0.01947040498442365 0.021034678794769834
1 0.9840342679127726 0.9184195565662308 0.01947040498442365 0.028993746446844715
1 0.6203271028037383 0.48720864127345087 0.01947040498442376 0.029562251279135865
1 0.8348909657320872 0.618533257532689 0.02336448598130847 0.032973280272882266
4 0.6265576323987538 0.9258101193860148 0.07087227414330222 0.13928368391131318
1 0.668613707165109 0.5986355884025014 0.02102803738317749 0.027288231949971653
1 0.8933021806853583 0.5247299602046618 0.02024922118380057 0.02956225127913592
1 0.8925233644859814 0.5122228538942581 0.02180685358255452 0.02501421262080733
1 0.9392523364485981 0.8456509380329733 0.02024922118380068 0.028993746446844826
