4 0.6043613707165109 0.9695849914724275 0.03738317757009346 0.05173393973848772
4 0.15965732087227413 0.6975554292211483 0.038940809968847356 0.05002842524161466
4 0.11137071651090343 0.6998294485503127 0.026479750778816202 0.05002842524161455
4 0.03621495327102804 0.6998294485503127 0.03504672897196262 0.05002842524161455
1 0.5101246105919003 0.7370665150653781 0.026479750778816147 0.03354178510517347
1 0.18146417445482865 0.5341102899374645 0.02180685358255452 0.026719727117680447
1 0.26479750778816197 0.5289937464468448 0.024922118380062308 0.028993746446844826
1 0.4824766355140187 0.5696418419556566 0.0210280373831776 0.022740193291643007
1 0.7698598130841121 0.4914724275156339 0.0210280373831776 0.028993746446844826
1 0.8859034267912773 0.1955656623081296 0.01947040498442376 0.029562251279135893
1 0.8711059190031152 0.3516202387720295 0.0210280373831776 0.02899374644684477
1 0.6468068535825545 0.581011938601478 0.025700934579439227 0.02956225127913592
1 0.6939252336448598 0.5704945992040933 0.014018691588784993 0.028993746446844715
1 0.6947040498442367 0.5818646958499147 0.02024922118380068 0.018760659465605456
1 0.919392523364486 0.5039795338260376 0.01947040498442365 0.028993746446844826
1 0.5626947040498442 0.7350767481523592 0.028816199376947127 0.0454803865832859
1 0.4252336448598131 0.6040363843092666 0.026479750778816202 0.028993746446844826
1 0.47858255451713394 0.5602615122228539 0.019470404984423706 0.021034678794769723
1 0.6008566978193146 0.4789653212052303 0.01947040498442365 0.02899374644684477
1 0.8348909657320872 0.6176805002842525 0.02336448598130847 0.03126776577600909
4 0.6351246105919004 0.9258101193860148 0.07087227414330222 0.13928368391131318
1 0.6947040498442367 0.5955088118249006 0.02024922118380068 0.028993746446844715
1 0.8753894080996885 0.5247299602046618 0.02024922118380057 0.02956225127913592
1 0.8738317757009346 0.5090960773166572 0.02024922118380068 0.026719727117680447
1 0.9322429906542056 0.8351335986355883 0.02024922118380068 0.02956225127913592
