4 0.610981308411215 0.9476975554292212 0.033489096573208754 0.05002842524161455
4 0.15926791277258567 0.6998294485503127 0.036604361370716515 0.05002842524161455
4 0.11137071651090343 0.6998294485503127 0.026479750778816202 0.05002842524161455
4 0.0323208722741433 0.6998294485503127 0.035046728971962614 0.05002842524161455
1 0.5194704049844237 0.7362137578169414 0.026479750778816147 0.035247299602046644
1 0.2394859813084112 0.5361000568504832 0.021028037383177572 0.027288231949971653
1 0.3204828660436137 0.522740193291643 0.025700934579439227 0.028993746446844826
1 0.5237538940809969 0.5653780557134735 0.0210280373831776 0.023308698123934102
1 0.7418224299065421 0.522740193291643 0.0210280373831776 0.028993746446844826
1 0.8757788161993769 0.14752700397953383 0.01947040498442365 0.028993746446844798
1 0.8757788161993769 0.3018760659465606 0.01947040498442365 0.029562251279135865
1 0.6970404984423676 0.5747583854462763 0.024922118380062308 0.02956225127913592
1 0.727803738317757 0.5633882888004549 0.01791277258566981 0.027288231949971542
1 0.729361370716511 0.5756111426947128 0.0210280373831776 0.018760659465605456
1 0.8734423676012462 0.49545196134167135 0.01947040498442376 0.02899374644684477
1 0.5693146417445483 0.7342239909039228 0.028037383177570097 0.04377487208641273
1 0.3808411214953271 0.6040363843092666 0.026479750778816202 0.028993746446844826
1 0.5229750778816199 0.5517339397384877 0.01947040498442365 0.021034678794769834
1 0.5595794392523364 0.4602046617396248 0.01947040498442365 0.02899374644684477
1 0.8364485981308412 0.6154064809550881 0.02336448598130836 0.03126776577600909
4 0.6460280373831775 0.9266628766344513 0.07087227414330222 0.13757816941444
1 0.7309190031152648 0.5884025014212622 0.02102803738317749 0.027288231949971542
1 0.8364485981308412 0.522740193291643 0.02024922118380068 0.028993746446844826
1 0.8352803738317758 0.5059693007390563 0.0210280373831776 0.029562251279135865
1 0.919392523364486 0.8132461625923821 0.01947040498442365 0.03126776577600909
