4 0.5996884735202492 0.93121091529278 0.03582554517133962 0.05002842524161455
4 0.154595015576324 0.6998294485503127 0.03504672897196262 0.05002842524161455
4 0.10202492211838006 0.6952814098919841 0.026479750778816202 0.05002842524161455
4 0.0323208722741433 0.7015349630471859 0.035046728971962614 0.05002842524161455
1 0.5128504672897196 0.733939738487777 0.025700934579439227 0.035247299602046644
1 0.2628504672897196 0.5383740761796476 0.0210280373831776 0.027288231949971542
1 0.34813084112149534 0.5184764070494599 0.024922118380062308 0.02956225127913592
1 0.5440031152647975 0.5633882888004549 0.01947040498442365 0.022740193291643007
1 0.7266355140186915 0.5363843092666287 0.02024922118380068 0.03126776577600909
1 0.8757788161993769 0.12478681068789085 0.01947040498442365 0.028993746446844784
1 0.8746105919003115 0.2768618533257533 0.01869158878504673 0.029562251279135865
1 0.7227414330218069 0.5704945992040933 0.02336448598130836 0.028993746446844715
1 0.7464953271028038 0.5591245025582717 0.01947040498442365 0.026719727117680447
1 0.7480529595015576 0.5716316088686755 0.01947040498442365 0.018760659465605456
1 0.8492990654205608 0.4914724275156339 0.01947040498442365 0.028993746446844826
1 0.5623052959501558 0.7342239909039228 0.028037383177570097 0.04377487208641273
1 0.3559190031152648 0.6040363843092666 0.026479750778816202 0.028993746446844826
1 0.5440031152647975 0.5497441728254691 0.01947040498442365 0.02046617396247863
1 0.536993769470405 0.4516770892552587 0.01947040498442365 0.028993746446844826
1 0.8364485981308412 0.6142694712905059 0.02336448598130836 0.028993746446844715
4 0.6507009345794392 0.9246731097214327 0.06931464174454827 0.14155770324047745
1 0.7503894080996885 0.584138715179079 0.02102803738317749 0.026719727117680447
1 0.815809968847352 0.5204661739624787 0.02102803738317749 0.028993746446844715
1 0.815809968847352 0.5039795338260376 0.02102803738317749 0.028993746446844826
1 0.9123831775700935 0.8030130756111427 0.01947040498442365 0.03126776577600909
