4 0.581386292834891 0.9016486640136441 0.03348909657320864 0.05002842524161455
4 0.617601246105919 0.9707220011370097 0.028037383177570097 0.028993746446844826
4 0.16510903426791276 0.6975554292211483 0.03582554517133957 0.05002842524161466
4 0.11682242990654204 0.6952814098919841 0.02647975077881619 0.05002842524161455
4 0.04049844236760125 0.6998294485503127 0.034267912772585674 0.05002842524161455
1 0.5225856697819314 0.733939738487777 0.026479750778816147 0.035247299602046644
1 0.29633956386292837 0.5361000568504832 0.021028037383177545 0.027288231949971653
1 0.38434579439252337 0.5142126208072768 0.025700934579439227 0.02899374644684477
1 0.5634735202492211 0.5591245025582717 0.01947040498442365 0.023308698123934102
1 0.721183800623053 0.5497441728254691 0.02024922118380057 0.02956225127913592
1 0.8757788161993769 0.09749857873791927 0.01947040498442365 0.028993746446844798
1 0.8738317757009346 0.25184764070494603 0.02024922118380068 0.029562251279135865
1 0.7449376947040498 0.5665150653780557 0.0210280373831776 0.028993746446844826
1 0.7659657320872274 0.557134735645253 0.01947040498442365 0.027288231949971542
1 0.7675233644859814 0.5716316088686755 0.01947040498442376 0.018760659465605456
1 0.8259345794392523 0.48919840818646954 0.01947040498442365 0.02899374644684477
1 0.5786604361370717 0.729675952245594 0.028037383177570097 0.04377487208641273
1 0.3278816199376947 0.6040363843092666 0.026479750778816202 0.028993746446844826
1 0.5611370716510904 0.5477544059124503 0.0210280373831776 0.021034678794769723
1 0.838006230529595 0.6142694712905059 0.02336448598130847 0.028993746446844715
4 0.6577102803738317 0.9172825469016486 0.06931464174454838 0.15633882888004547
1 0.7698598130841121 0.5821489482660602 0.0210280373831776 0.027288231949971542
1 0.7963395638629283 0.5204661739624787 0.0210280373831776 0.028993746446844715
1 0.7963395638629283 0.5017055144968732 0.0210280373831776 0.02899374644684477
1 0.8991433021806854 0.7956225127913588 0.0210280373831776 0.028993746446844826
