4 0.5280373831775701 0.8988061398521887 0.04828660436137078 0.05230244457077882
4 0.6086448598130841 0.9673109721432631 0.031931464174454804 0.04377487208641273
4 0.14485981308411214 0.6955656623081297 0.04049844236760124 0.058555997725980746
4 0.09968847352024922 0.6995451961341671 0.031152647975077885 0.0540079590676521
4 0.025311526479750778 0.6995451961341671 0.035046728971962614 0.0540079590676521
1 0.5105140186915887 0.7362137578169414 0.03037383177570091 0.035247299602046644
1 0.3119158878504673 0.5434906196702671 0.03037383177570091 0.032973280272882266
1 0.397196261682243 0.515349630471859 0.026479750778816202 0.03126776577600915
1 0.5809968847352025 0.5551449687322343 0.02336448598130847 0.03126776577600909
1 0.7161214953271029 0.5665150653780557 0.02258566978193144 0.028993746446844826
1 0.8753894080996885 0.07362137578169414 0.02336448598130847 0.03922683342808414
1 0.8753894080996885 0.22683342808413873 0.02024922118380057 0.03297328027288232
1 0.7601246105919003 0.5642410460488914 0.02024922118380057 0.03354178510517347
1 0.7893302180685358 0.5528709494030699 0.0210280373831776 0.026719727117680447
1 0.7877725856697819 0.5704945992040933 0.01791277258566981 0.021034678794769834
1 0.8045171339563864 0.48834565093803295 0.02024922118380068 0.027288231949971598
1 0.5677570093457944 0.7342239909039228 0.028037383177570097 0.04377487208641273
1 0.30140186915887845 0.6017623649801023 0.026479750778816202 0.028993746446844715
1 0.5794392523364487 0.545480386583286 0.02024922118380068 0.021034678794769834
1 0.8403426791277259 0.6165434906196703 0.02336448598130847 0.028993746446844826
4 0.6460280373831776 0.9226833428084138 0.07398753894081 0.145537237066515
1 0.7904984423676013 0.5832859579306424 0.02024922118380057 0.025014212620807275
1 0.7753115264797508 0.5204661739624787 0.02102803738317749 0.028993746446844715
1 0.7753115264797508 0.5028425241614554 0.02102803738317749 0.026719727117680447
1 0.8905763239875389 0.7944855031267766 0.02102803738317749 0.03126776577600909
