4 0.471183800623053 0.8996588971006254 0.08411214953271023 0.058555997725980746
4 0.5841121495327103 0.9675952245594088 0.0389408099688473 0.05230244457077882
4 0.13239875389408098 0.6975554292211483 0.051401869158878497 0.07504263786242193
4 0.08138629283489096 0.6995451961341671 0.04127725856697819 0.06651506537805574
4 0.017523364485981307 0.7080727686185333 0.03348909657320872 0.06651506537805574
1 0.4961059190031153 0.7413303013075612 0.040498442367601195 0.03752131893121091
1 0.3259345794392523 0.5497441728254691 0.041277258566978225 0.04206935758953956
1 0.4182242990654206 0.5142126208072769 0.02959501557632399 0.033541785105173416
1 0.5969626168224299 0.5540079590676521 0.030373831775700966 0.046048891415577
1 0.7095015576323987 0.5892552586696986 0.024922118380062308 0.03354178510517347
1 0.8746105919003115 0.055713473564525294 0.032710280373831724 0.06253553155201819
1 0.8796728971962617 0.2038089823763502 0.0210280373831776 0.04604889141557705
1 0.10046728971962617 0.4633314383172257 0.04049844236760125 0.039795338260375235
1 0.5996884735202492 0.5412166003411029 0.024922118380062308 0.03752131893121091
1 0.7823208722741433 0.5642410460488914 0.0210280373831776 0.03354178510517347
1 0.8142523364485981 0.5559977259806708 0.0210280373831776 0.02956225127913592
1 0.8126947040498442 0.5704945992040933 0.014797507788161912 0.021034678794769834
1 0.7885514018691588 0.4758385446276293 0.02258566978193144 0.027288231949971598
1 0.5560747663551402 0.7373507674815236 0.026479750778816147 0.03752131893121091
4 0.639797507788162 0.9289368959636157 0.08021806853582558 0.13303013075611136
1 0.8111370716510904 0.584138715179079 0.0210280373831776 0.023308698123934102
1 0.7542834890965733 0.5224559408754974 0.0179127725856697 0.025014212620807275
1 0.7542834890965733 0.5059693007390562 0.0179127725856697 0.02046617396247863
1 0.8851246105919003 0.7987492893689596 0.02414330218068539 0.035247299602046644
