4 0.04349662162162162 0.8507674815235929 0.059966216216216214 0.06424104604889136
4 0.08994932432432433 0.9519613416714042 0.0633445945945946 0.07902217168845938
4 0.03673986486486487 0.9590676520750426 0.04307432432432433 0.06480955088118256
4 0.006756756756756757 0.9570778851620239 0.013513513513513514 0.060830017055145014
1 0.6984797297297297 0.51847640704946 0.038851351351351315 0.03752131893121097
1 0.3741554054054054 0.49971574758385445 0.040540540540540515 0.032973280272882266
1 0.2014358108108108 0.525866969869244 0.05152027027027026 0.035247299602046644
1 0.012246621621621621 0.5184764070494599 0.024493243243243243 0.02956225127913592
1 0.7495777027027027 0.43718021603183627 0.036317567567567544 0.04206935758953956
1 0.5206925675675675 0.4289368959636157 0.036317567567567544 0.04150085275724841
1 0.5810810810810811 0.3069926094371802 0.03209459459459463 0.035247299602046644
1 0.6503378378378378 0.3476407049459921 0.03209459459459452 0.033541785105173416
1 0.6558277027027026 0.35901080159181353 0.029560810810810856 0.03126776577600909
4 0.2858952702702703 0.9798180784536668 0.08361486486486486 0.03126776577600909
4 0.28969594594594594 0.9329164297896532 0.06418918918918914 0.03752131893121091
1 0.7516891891891891 0.595793064241046 0.028716216216216228 0.03752131893121091
1 0.7280405405405406 0.47043774872086414 0.03209459459459463 0.04150085275724846
4 0.010135135135135136 0.6978396816372939 0.02027027027027027 0.07902217168845938
4 0.11951013513513513 0.6904491188175099 0.043074324324324315 0.07674815235929511
4 0.1701858108108108 0.6935758953951109 0.049831081081081086 0.07504263786242182
4 0.2521114864864865 0.6873223422399091 0.049831081081081086 0.07049459920409329
4 0.37457770270270274 0.6819215463331438 0.05489864864864863 0.06878908470722
4 0.42947635135135137 0.6861853325753269 0.048141891891891886 0.08072768618533255
4 0.5147804054054054 0.6884593519044913 0.049831081081081086 0.07276861853325756
4 0.5679898648648649 0.6893121091529277 0.051520270270270285 0.07447413303013073
4 0.7119932432432432 0.6810687890847072 0.04391891891891897 0.06253553155201819
4 0.8019425675675675 0.6810687890847072 0.04307432432432434 0.08300170551449693
4 0.8576858108108107 0.6748152359295054 0.044763513513513487 0.08754974417282546
4 0.38429054054054057 0.8456509380329733 0.05574324324324326 0.07902217168845938
