4 0.04054054054054054 0.8527572484366117 0.05912162162162163 0.06480955088118256
4 0.08868243243243243 0.9528140989198408 0.0641891891891892 0.0773166571915862
4 0.033361486486486486 0.9590676520750426 0.04307432432432433 0.06480955088118256
4 0.0059121621621621625 0.9602046617396247 0.011824324324324325 0.05798749289368954
1 0.7331081081081081 0.51847640704946 0.038851351351351315 0.03752131893121097
1 0.3445945945945946 0.49971574758385445 0.040540540540540515 0.032973280272882266
1 0.16680743243243243 0.5278567367822626 0.051520270270270285 0.03581580443433774
1 0.7495777027027027 0.453951108584423 0.036317567567567544 0.04150085275724841
1 0.5536317567567568 0.4289368959636157 0.036317567567567544 0.04150085275724841
1 0.5633445945945946 0.3069926094371802 0.03378378378378377 0.035247299602046644
1 0.6516047297297297 0.3476407049459921 0.03125 0.033541785105173416
1 0.6558277027027026 0.3567367822626492 0.029560810810810856 0.03126776577600909
4 0.29265202702702703 0.9809550881182489 0.08361486486486491 0.028993746446844715
4 0.2998310810810811 0.9351904491188175 0.06418918918918914 0.03752131893121091
1 0.7407094594594594 0.5810119386014782 0.028716216216216228 0.03752131893121091
1 0.7183277027027027 0.4852188743604321 0.03125 0.04150085275724846
4 0.012246621621621623 0.7018192154633315 0.01942567567567568 0.07902217168845938
4 0.11528716216216216 0.6904491188175099 0.043074324324324315 0.07674815235929511
4 0.16596283783783783 0.6935758953951109 0.049831081081081086 0.07504263786242182
4 0.24957770270270271 0.6873223422399091 0.049831081081081086 0.07049459920409329
4 0.37331081081081086 0.6861853325753269 0.05574324324324326 0.06822057987492891
4 0.42820945945945943 0.6861853325753269 0.04898648648648646 0.08072768618533255
4 0.5135135135135135 0.6884593519044913 0.05067567567567566 0.07276861853325756
4 0.5671452702702702 0.6893121091529277 0.051520270270270285 0.07447413303013073
4 0.7119932432432432 0.6810687890847072 0.04391891891891897 0.06253553155201819
4 0.8070101351351351 0.6850483229107447 0.04307432432432423 0.08300170551449682
4 0.8576858108108107 0.6768050028425241 0.044763513513513487 0.08698123934053437
4 0.39104729729729726 0.847640704945992 0.05574324324324326 0.07959067652075047
