4 0.036317567567567564 0.8550312677657761 0.059121621621621614 0.06480955088118245
4 0.08572635135135134 0.9550881182490052 0.06334459459459459 0.07731665719158609
4 0.0308277027027027 0.9590676520750426 0.04307432432432432 0.06480955088118256
4 0.005489864864864865 0.9621944286526436 0.01097972972972973 0.058555997725980746
1 0.7694256756756757 0.5162023877202956 0.038851351351351315 0.037521318931210856
1 0.3141891891891892 0.49971574758385445 0.04054054054054057 0.032973280272882266
1 0.12795608108108109 0.5216031836270608 0.051520270270270285 0.03581580443433774
1 0.7512668918918919 0.47043774872086414 0.036317567567567544 0.04150085275724846
1 0.5912162162162162 0.4289368959636157 0.03547297297297303 0.04150085275724841
1 0.5447635135135136 0.30301307561114266 0.03209459459459463 0.03524729960204659
1 0.6528716216216217 0.3476407049459921 0.03209459459459463 0.033541785105173416
1 0.6558277027027026 0.355031267765776 0.029560810810810856 0.03126776577600915
4 0.30109797297297297 0.9820920977828311 0.08361486486486491 0.026719727117680447
4 0.3091216216216216 0.9374644684479818 0.0641891891891892 0.03752131893121091
1 0.7293074324324325 0.5662308129619101 0.029560810810810856 0.03752131893121091
1 0.7043918918918919 0.49772598067083573 0.03209459459459452 0.04150085275724846
4 0.013091216216216216 0.7057987492893689 0.019425675675675675 0.07902217168845938
4 0.11021959459459459 0.6924388857305287 0.043074324324324315 0.0773166571915862
4 0.16216216216216217 0.6935758953951109 0.050675675675675685 0.07504263786242182
4 0.24704391891891891 0.6873223422399091 0.04983108108108111 0.07049459920409329
4 0.3703547297297297 0.6881750994883457 0.05489864864864863 0.06878908470722012
4 0.4252533783783784 0.6881750994883457 0.048141891891891886 0.08129619101762375
4 0.5105574324324325 0.6884593519044913 0.04983108108108114 0.07276861853325756
4 0.5641891891891891 0.6873223422399091 0.05067567567567566 0.07504263786242182
4 0.7107263513513513 0.6810687890847072 0.044763513513513487 0.06253553155201819
4 0.8129222972972973 0.6873223422399091 0.04307432432432434 0.08300170551449693
4 0.8576858108108107 0.678794769755543 0.044763513513513487 0.08754974417282557
4 0.3982263513513513 0.8496304718590109 0.05489864864864863 0.07902217168845926
