4 0.029560810810810814 0.8570210346787948 0.057432432432432436 0.06424104604889136
4 0.08150337837837837 0.9562251279135873 0.0633445945945946 0.07504263786242182
4 0.02491554054054054 0.9590676520750426 0.04307432432432432 0.06480955088118256
4 0.003800675675675676 0.9664582148948266 0.007601351351351352 0.05798749289368954
1 0.839527027027027 0.51847640704946 0.038851351351351426 0.03752131893121097
1 0.25 0.5039795338260376 0.04054054054054054 0.033541785105173416
1 0.04054054054054054 0.5278567367822626 0.05067567567567567 0.03581580443433774
1 0.7799831081081081 0.5039795338260376 0.036317567567567544 0.04150085275724846
1 0.6456925675675675 0.4226833428084139 0.036317567567567544 0.04150085275724841
1 0.511402027027027 0.27174530983513356 0.031249999999999944 0.03524729960204659
1 0.6558277027027027 0.3476407049459921 0.03125 0.033541785105173416
1 0.6558277027027026 0.3504832291074474 0.029560810810810856 0.03126776577600909
0 0.9349662162162162 0.49658897100625354 0.03209459459459452 0.039226833428084085
4 0.31630067567567566 0.9829448550312677 0.08361486486486486 0.025014212620807275
4 0.3272804054054054 0.939169982944855 0.06334459459459457 0.03752131893121091
1 0.698902027027027 0.5395110858442297 0.029560810810810856 0.03752131893121091
1 0.6486486486486487 0.51847640704946 0.03209459459459463 0.0420693575895395
4 0.016891891891891893 0.7143263217737351 0.02027027027027027 0.07902217168845938
4 0.10008445945945946 0.6924388857305287 0.04307432432432433 0.0773166571915862
4 0.15244932432432431 0.6935758953951109 0.049831081081081086 0.07504263786242182
4 0.24113175675675677 0.6873223422399091 0.049831081081081086 0.07049459920409329
4 0.3648648648648649 0.6924388857305287 0.05574324324324326 0.06822057987492891
4 0.42229729729729726 0.6881750994883457 0.04898648648648646 0.08129619101762375
4 0.5050675675675675 0.6884593519044913 0.05067567567567566 0.07276861853325756
4 0.5612331081081081 0.6873223422399091 0.051520270270270174 0.07504263786242182
4 0.7107263513513513 0.6810687890847072 0.044763513513513487 0.06253553155201819
4 0.8222128378378378 0.6935758953951109 0.04307432432432434 0.08300170551449693
4 0.8576858108108107 0.6810687890847072 0.044763513513513487 0.08754974417282546
4 0.41131756756756754 0.8527572484366117 0.05405405405405406 0.0773166571915862
