4 0.1085304054054054 0.8632745878339966 0.05658783783783783 0.06424104604889136
4 0.049831081081081086 0.8749289368959636 0.0472972972972973 0.06253553155201819
4 0.013091216216216216 0.8726549175667992 0.026182432432432432 0.06708357021034683
4 0.17609797297297297 0.9602046617396247 0.06334459459459457 0.07049459920409318
4 0.11528716216216216 0.9664582148948266 0.043074324324324315 0.05798749289368954
4 0.06925675675675676 0.9727117680500283 0.0304054054054054 0.0454803865832859
1 0.9037162162162162 0.5247299602046618 0.038851351351351315 0.03752131893121091
1 0.2170608108108108 0.5142126208072769 0.04054054054054054 0.033541785105173416
1 0.02322635135135135 0.542353610005685 0.041385135135135136 0.03524729960204653
1 0.8302364864864865 0.5247299602046618 0.03547297297297303 0.04206935758953956
1 0.6659628378378378 0.43092666287663445 0.036317567567567544 0.04206935758953956
1 0.49746621621621623 0.24673109721432632 0.03209459459459457 0.03524729960204659
0 0.8918918918918919 0.511085844229676 0.03209459459459452 0.039795338260375235
1 0.033361486486486486 0.446560545764639 0.034628378378378386 0.03922683342808414
4 0.359375 0.9872086412734509 0.08361486486486491 0.021034678794769834
4 0.3673986486486487 0.9374644684479818 0.0641891891891892 0.03752131893121091
1 0.7212837837837838 0.534963047185901 0.028716216216216228 0.03752131893121091
1 0.6528716216216217 0.5434906196702671 0.03209459459459463 0.04206935758953956
4 0.01984797297297297 0.7183058555997726 0.021114864864864864 0.07902217168845938
4 0.15160472972972971 0.7131893121091529 0.043074324324324315 0.076748152359295
4 0.20903716216216217 0.710062535531552 0.049831081081081086 0.07504263786242193
4 0.2901182432432432 0.7163160886867539 0.049831081081081086 0.07049459920409318
4 0.4054054054054054 0.7069357589539511 0.05574324324324326 0.06878908470722012
4 0.47255067567567566 0.7092097782831155 0.048141891891891886 0.08129619101762364
4 0.5595439189189189 0.7009664582148949 0.04983108108108103 0.07276861853325756
4 0.6072635135135135 0.6975554292211483 0.05067567567567566 0.07504263786242193
4 0.7495777027027026 0.6893121091529277 0.044763513513513487 0.06196702671972709
4 0.8475506756756757 0.6975554292211483 0.04307432432432434 0.08300170551449682
4 0.8982263513513513 0.6913018760659466 0.044763513513513487 0.08754974417282557
4 0.4391891891891892 0.8612848209209778 0.05405405405405406 0.07731665719158609
