4 0.24451013513513514 0.8675383740761797 0.05658783783783783 0.06480955088118245
4 0.1908783783783784 0.8749289368959636 0.047297297297297286 0.06253553155201819
4 0.1402027027027027 0.870380898237635 0.03885135135135134 0.06253553155201819
4 0.31207770270270274 0.9602046617396247 0.06334459459459457 0.05798749289368954
4 0.26140202702702703 0.9664582148948266 0.04307432432432434 0.054576463899943195
4 0.23986486486486486 0.9664582148948266 0.030405405405405372 0.04206935758953956
4 0.17736486486486486 0.9684479818078453 0.05574324324324323 0.04604889141557711
1 0.9721283783783784 0.534963047185901 0.038851351351351315 0.03752131893121091
1 0.2516891891891892 0.5329732802728824 0.04054054054054057 0.03354178510517347
1 0.030827702702702707 0.5633882888004549 0.03969594594594595 0.035247299602046644
1 0.9066722972972973 0.5329732802728824 0.036317567567567544 0.04150085275724835
1 0.4890202702702703 0.2529846503695281 0.03209459459459457 0.03524729960204659
0 0.8462837837837838 0.5298465036952814 0.03209459459459452 0.03979533826037529
1 0.16258445945945946 0.4610574189880614 0.0346283783783784 0.03979533826037518
4 0.5173141891891891 0.9707220011370097 0.0819256756756756 0.03354178510517336
4 0.5038006756756757 0.9289368959636157 0.06334459459459463 0.03752131893121091
4 0.0941722972972973 0.8737919272313814 0.044763513513513514 0.06480955088118245
4 0.03547297297297297 0.7382035247299602 0.0608108108108108 0.06424104604889136
1 0.7407094594594594 0.5372370665150654 0.028716216216216228 0.03752131893121091
1 0.6807432432432432 0.5622512791358727 0.03209459459459463 0.04206935758953956
4 0.11993243243243243 0.732802728823195 0.0625 0.07504263786242182
4 0.2546452702702703 0.7214326321773735 0.04307432432432434 0.0773166571915862
4 0.3078547297297297 0.7185901080159182 0.049831081081081086 0.07504263786242182
4 0.3885135135135135 0.7163160886867539 0.05067567567567571 0.07049459920409318
4 0.5067567567567568 0.7131893121091529 0.05574324324324326 0.06878908470722012
4 0.5629222972972973 0.7109152927799887 0.048141891891891886 0.08129619101762364
4 0.6423141891891893 0.7069357589539511 0.04983108108108103 0.07333712336554865
4 0.6946790540540541 0.7038089823763503 0.051520270270270174 0.07504263786242193
4 0.7951858108108107 0.6975554292211483 0.044763513513513487 0.0625355315520183
4 0.890625 0.6955656623081297 0.04307432432432434 0.08357021034678802
4 0.9497466216216217 0.6893121091529277 0.044763513513513487 0.08698123934053437
4 0.5625 0.8507674815235929 0.054054054054053946 0.076748152359295
