4 0.33065878378378377 0.8675383740761797 0.05658783783783783 0.06480955088118245
4 0.28293918918918914 0.8686753837407618 0.047297297297297314 0.06253553155201819
4 0.23733108108108109 0.870380898237635 0.03885135135135134 0.06253553155201819
4 0.4286317567567568 0.943433769187038 0.06334459459459457 0.058555997725980746
4 0.3779560810810811 0.9519613416714042 0.04307432432432434 0.0540079590676521
4 0.33445945945945943 0.953951108584423 0.030405405405405428 0.04206935758953956
4 0.2533783783783784 0.9579306424104604 0.047297297297297286 0.05002842524161455
4 0.30067567567567566 0.9559408754974417 0.05574324324324326 0.04604889141557711
1 0.2567567567567568 0.5372370665150654 0.03885135135135137 0.032973280272882266
1 0.018581081081081082 0.5653780557134735 0.037162162162162164 0.03581580443433774
1 0.9704391891891893 0.5392268334280841 0.035472972972972916 0.04150085275724835
1 0.4847972972972973 0.23621375781694143 0.03209459459459463 0.03581580443433771
0 0.8015202702702703 0.5446276293348493 0.03209459459459452 0.03979533826037518
1 0.28758445945945943 0.45707788516202386 0.034628378378378344 0.039795338260375235
4 0.5933277027027027 0.9602046617396247 0.08192567567567566 0.032973280272882266
4 0.5886824324324325 0.9226833428084139 0.06418918918918914 0.03752131893121091
4 0.19256756756756757 0.8715179079022172 0.043918918918918914 0.06480955088118256
4 0.041385135135135136 0.7288231949971575 0.02533783783783784 0.0625355315520183
1 0.7474662162162162 0.5372370665150654 0.028716216216216228 0.03752131893121091
1 0.6866554054054055 0.5727686185332576 0.03209459459459463 0.04150085275724846
1 0.40625 0.20267197271176804 0.038851351351351315 0.03126776577600909
4 0.08530405405405406 0.7310972143263218 0.0625 0.07504263786242182
4 0.16934121621621623 0.7299602046617396 0.043074324324324315 0.0773166571915862
4 0.3091216216216216 0.7237066515065378 0.047297297297297314 0.07276861853325756
4 0.3606418918918919 0.7205798749289369 0.05067567567567566 0.07106310403638438
4 0.43581081081081086 0.7109152927799887 0.05574324324324326 0.06878908470722
4 0.5515202702702702 0.7154633314383172 0.048986486486486513 0.08129619101762364
4 0.6085304054054055 0.710062535531552 0.05658783783783783 0.07049459920409318
4 0.6929898648648649 0.710062535531552 0.051520270270270285 0.07504263786242193
4 0.7428209459459459 0.7060830017055145 0.0447635135135136 0.06253553155201819
4 0.8711993243243243 0.6975554292211483 0.04307432432432434 0.08300170551449682
4 0.9522804054054055 0.6975554292211483 0.044763513513513487 0.08754974417282557
4 0.6309121621621621 0.8487777146105742 0.05405405405405406 0.07731665719158609
