4 0.33488175675675674 0.8675383740761797 0.05658783783783783 0.06480955088118245
4 0.27871621621621623 0.870380898237635 0.047297297297297314 0.06253553155201819
4 0.23733108108108109 0.8766344513928368 0.03885135135135134 0.06253553155201819
4 0.4328547297297297 0.9476975554292211 0.06334459459459457 0.05798749289368954
4 0.38217905405405406 0.958214894826606 0.04307432432432434 0.0540079590676521
4 0.33572635135135137 0.9621944286526436 0.03125 0.04150085275724835
4 0.2609797297297297 0.9613416714042069 0.047297297297297314 0.04775440591245028
4 0.3023648648648649 0.9621944286526436 0.05574324324324326 0.04604889141557711
1 0.23395270270270271 0.5372370665150654 0.03885135135135137 0.032973280272882266
1 0.017736486486486486 0.5716316088686754 0.03547297297297297 0.03581580443433774
1 0.9788851351351351 0.5392268334280841 0.03378378378378377 0.04150085275724835
1 0.4670608108108108 0.22569641841955657 0.03209459459459463 0.035247299602046644
0 0.7305743243243243 0.5528709494030699 0.03209459459459463 0.039226833428084085
1 0.3796452702702703 0.4528140989198408 0.0346283783783784 0.03922683342808414
4 0.5975506756756757 0.9684479818078453 0.08192567567567566 0.03354178510517347
4 0.5886824324324325 0.9226833428084139 0.06418918918918914 0.03752131893121091
4 0.19130067567567566 0.877771461057419 0.044763513513513514 0.06480955088118256
4 0.0633445945945946 0.7350767481523592 0.025337837837837836 0.0625355315520183
1 0.7250844594594594 0.5372370665150654 0.029560810810810856 0.03752131893121091
1 0.6722972972972974 0.576748152359295 0.03209459459459463 0.04150085275724835
1 0.4341216216216216 0.21318931210915293 0.021959459459459485 0.05230244457077887
1 0.4206081081081081 0.21517907902217168 0.038851351351351315 0.03126776577600909
4 0.11570945945945946 0.7390562819783968 0.0625 0.07504263786242182
4 0.18876689189189189 0.7339397384877772 0.043074324324324315 0.0773166571915862
4 0.32432432432432434 0.7237066515065378 0.047297297297297314 0.07276861853325756
4 0.37204391891891897 0.7268334280841386 0.049831081081081086 0.07106310403638438
4 0.45354729729729726 0.7194428652643547 0.05574324324324326 0.06878908470722012
4 0.5612331081081081 0.7171688459351904 0.048141891891891886 0.08129619101762364
4 0.6195101351351351 0.7120523024445709 0.05658783783783783 0.07106310403638438
4 0.6929898648648649 0.7123365548607163 0.051520270270270285 0.07504263786242182
4 0.7428209459459459 0.7077885162023877 0.0447635135135136 0.06253553155201819
4 0.8779560810810811 0.6975554292211483 0.04307432432432423 0.08300170551449682
4 0.9594594594594594 0.6998294485503127 0.04391891891891897 0.08754974417282546
4 0.6283783783783783 0.8550312677657761 0.05405405405405406 0.07731665719158609
