4 0.2989864864864865 0.877771461057419 0.0574324324324324 0.06480955088118256
4 0.24662162162162163 0.8789084707220012 0.047297297297297314 0.06253553155201819
4 0.20523648648648649 0.8914155770324048 0.03885135135135137 0.06253553155201819
4 0.40667229729729726 0.9644684479818079 0.06334459459459457 0.058555997725980635
4 0.35684121621621623 0.9715747583854463 0.04307432432432434 0.04775440591245017
4 0.3078547297297297 0.9758385446276293 0.03125 0.039226833428084085
4 0.2221283783783784 0.9758385446276293 0.047297297297297286 0.039226833428084085
4 0.2660472972972973 0.9778283115406481 0.05574324324324323 0.03979533826037529
1 0.16891891891891891 0.5415008527572485 0.03885135135135134 0.03354178510517336
1 0.4611486486486487 0.2069357589539511 0.03209459459459457 0.03524729960204662
0 0.6558277027027027 0.5508811824900512 0.03125 0.03979533826037518
1 0.4586148648648649 0.44229675952245595 0.03547297297297297 0.03979533826037518
4 0.5992398648648649 0.9747015349630472 0.08192567567567577 0.03354178510517347
4 0.5886824324324325 0.9226833428084139 0.06418918918918914 0.03752131893121091
4 0.15371621621621623 0.892552586696987 0.04391891891891894 0.06480955088118245
4 0.04265202702702703 0.7561114269471291 0.024493243243243243 0.06253553155201819
1 0.6976351351351351 0.5372370665150654 0.028716216216216228 0.03752131893121091
1 0.6461148648648649 0.5852757248436612 0.03209459459459463 0.04150085275724846
1 0.44679054054054057 0.22171688459351904 0.021959459459459485 0.05230244457077887
1 0.43581081081081086 0.22996020466173964 0.03885135135135137 0.03126776577600909
4 0.09628378378378377 0.7515633882888004 0.062499999999999986 0.07504263786242182
4 0.16005067567567566 0.744457077885162 0.043074324324324315 0.076748152359295
4 0.30067567567567566 0.7319499715747584 0.047297297297297314 0.07333712336554865
4 0.35515202702702703 0.7413303013075612 0.04983108108108103 0.07049459920409318
4 0.44130067567567566 0.7194428652643547 0.05489864864864863 0.06878908470722012
4 0.5502533783783784 0.7171688459351904 0.048141891891891886 0.08129619101762364
4 0.6140202702702703 0.7183058555997726 0.057432432432432456 0.07106310403638438
4 0.6921452702702702 0.7140420693575895 0.051520270270270285 0.07504263786242182
4 0.7440878378378378 0.7123365548607163 0.04391891891891886 0.06253553155201819
4 0.8796452702702703 0.6975554292211483 0.04307432432432434 0.08300170551449682
4 0.9619932432432432 0.7018192154633314 0.04391891891891897 0.08698123934053437
4 0.6241554054054055 0.8612848209209778 0.05405405405405406 0.07731665719158609
