4 0.29771959459459457 0.8902785673678226 0.05658783783783783 0.06480955088118256
4 0.23986486486486486 0.8891415577032404 0.04729729729729726 0.06253553155201819
4 0.1908783783783784 0.8936895963615691 0.03885135135135134 0.06253553155201819
4 0.3940033783783784 0.9644684479818079 0.06334459459459457 0.058555997725980635
4 0.3391047297297297 0.9727117680500283 0.04307432432432434 0.0454803865832859
4 0.28969594594594594 0.9766913018760659 0.030405405405405372 0.03752131893121091
4 0.2035472972972973 0.9789653212052303 0.047297297297297286 0.032973280272882266
4 0.24831081081081083 0.9809550881182489 0.05574324324324326 0.028993746446844715
1 0.12837837837837837 0.545480386583286 0.03885135135135136 0.03354178510517347
1 0.4375 0.19442865264354747 0.03209459459459463 0.03524729960204662
0 0.558277027027027 0.5486071631608869 0.03209459459459463 0.03979533826037529
1 0.5502533783783783 0.4528140989198408 0.0346283783783784 0.03922683342808414
4 0.5933277027027027 0.9789653212052303 0.08192567567567566 0.02956225127913592
4 0.5772804054054055 0.9289368959636157 0.06334459459459463 0.03752131893121091
4 0.14738175675675674 0.8999431495167709 0.043074324324324315 0.06253553155201819
4 0.024493243243243243 0.7578169414440022 0.02533783783783784 0.06253553155201819
1 0.6655405405405406 0.5372370665150654 0.028716216216216228 0.03752131893121091
1 0.6169763513513513 0.591529277998863 0.03125 0.04150085275724846
1 0.46368243243243246 0.23194997157475838 0.021959459459459485 0.052302444570778844
1 0.4510135135135135 0.2464468447981808 0.03885135135135137 0.03126776577600912
4 0.07939189189189189 0.7561114269471291 0.06249999999999999 0.07504263786242182
4 0.14315878378378377 0.744457077885162 0.043074324324324315 0.076748152359295
4 0.28547297297297297 0.7362137578169414 0.04729729729729726 0.07276861853325756
4 0.34417229729729726 0.7413303013075612 0.049831081081081086 0.07049459920409318
4 0.43581081081081086 0.7234223990903923 0.05574324324324326 0.06878908470722
4 0.5489864864864864 0.7256964184195566 0.048986486486486513 0.08129619101762375
4 0.6085304054054055 0.7183058555997726 0.05658783783783783 0.07106310403638438
4 0.6891891891891891 0.7140420693575895 0.05067567567567566 0.07504263786242182
4 0.7440878378378378 0.7140420693575895 0.04391891891891886 0.06253553155201819
4 0.8804898648648649 0.6975554292211483 0.04307432432432423 0.08300170551449682
4 0.9649493243243243 0.7038089823763503 0.044763513513513487 0.08754974417282557
4 0.620777027027027 0.8675383740761797 0.05405405405405406 0.07731665719158609
