4 0.2639358108108108 0.8902785673678226 0.05658783783783783 0.06480955088118256
4 0.21368243243243243 0.8976691301876066 0.047297297297297314 0.06253553155201819
4 0.1596283783783784 0.9016486640136441 0.03885135135135134 0.06253553155201819
4 0.34543918918918914 0.9695849914724275 0.0641891891891892 0.05173393973848772
4 0.28758445945945943 0.9789653212052303 0.04307432432432429 0.03752131893121091
4 0.23564189189189189 0.9832291074474133 0.030405405405405372 0.028993746446844826
4 0.1440033783783784 0.9852188743604321 0.046452702702702714 0.025014212620807275
4 0.1883445945945946 0.985218874360432 0.05236486486486486 0.02046617396247863
1 0.04391891891891892 0.5477544059124503 0.03885135135135136 0.03354178510517336
1 0.40033783783783783 0.17566799317794202 0.03209459459459463 0.03524729960204662
0 0.35557432432432434 0.5548607163160887 0.03209459459459457 0.03979533826037529
1 0.7157939189189189 0.4528140989198408 0.0346283783783784 0.03922683342808414
4 0.5527871621621622 0.9840818646958499 0.08192567567567566 0.022740193291642896
4 0.546875 0.9437180216031836 0.06334459459459452 0.03752131893121091
4 0.1085304054054054 0.9101762364980103 0.04307432432432433 0.06253553155201819
1 0.5988175675675675 0.5372370665150654 0.028716216216216228 0.03752131893121091
1 0.5515202702702703 0.5997725980670836 0.03209459459459452 0.04206935758953956
1 0.4923986486486487 0.2674815235929505 0.021959459459459485 0.05173393973848778
1 0.48395270270270274 0.2779988629903354 0.03885135135135137 0.03524729960204659
4 0.03842905405405406 0.7623649801023309 0.06165540540540541 0.07504263786242182
4 0.11866554054054054 0.7507106310403638 0.04307432432432434 0.076748152359295
4 0.27195945945945943 0.7424673109721434 0.047297297297297314 0.07276861853325756
4 0.3272804054054054 0.7455940875497442 0.049831081081081086 0.07106310403638438
4 0.41469594594594594 0.729675952245594 0.0557432432432432 0.06878908470722
4 0.5350506756756757 0.7217168845935191 0.048141891891891886 0.08129619101762364
4 0.5962837837837838 0.7183058555997726 0.057432432432432456 0.07106310403638438
4 0.6777871621621621 0.7202956225127913 0.051520270270270285 0.07504263786242182
4 0.7326858108108107 0.710062535531552 0.044763513513513487 0.0625355315520183
4 0.8559966216216216 0.6955656623081297 0.04307432432432434 0.08357021034678802
4 0.9396114864864864 0.6913018760659466 0.044763513513513487 0.08754974417282557
4 0.5861486486486487 0.8652643547470154 0.05405405405405406 0.0773166571915862
