4 0.27111486486486486 0.8902785673678226 0.05743243243243243 0.06480955088118256
4 0.21072635135135137 0.9016486640136441 0.046452702702702714 0.06253553155201819
4 0.15540540540540543 0.9061967026719727 0.03885135135135134 0.06253553155201819
4 0.32854729729729726 0.9715747583854463 0.0641891891891892 0.04775440591245017
4 0.27111486486486486 0.9809550881182489 0.042229729729729715 0.03354178510517347
4 0.22297297297297297 0.9832291074474133 0.030405405405405428 0.028993746446844826
4 0.12753378378378377 0.9852188743604321 0.0472972972972973 0.025014212620807275
4 0.17440878378378377 0.9872086412734509 0.05320945945945946 0.016486640136441078
1 0.01984797297297297 0.5497441728254691 0.03800675675675676 0.032973280272882266
1 0.38091216216216217 0.17566799317794202 0.03209459459459463 0.03524729960204662
0 0.25 0.5633882888004549 0.0320945945945946 0.03979533826037518
4 0.5646114864864864 0.9883456509380331 0.08023648648648651 0.018760659465605456
4 0.5481418918918919 0.9499715747583855 0.06418918918918926 0.03752131893121091
4 0.09923986486486486 0.9164297896532121 0.04307432432432433 0.06253553155201819
1 0.5654560810810811 0.534963047185901 0.029560810810810856 0.03752131893121091
1 0.515625 0.6017623649801023 0.03125 0.04150085275724835
1 0.5147804054054055 0.2842524161455372 0.022804054054054057 0.05230244457077887
1 0.49619932432432434 0.29334849346219444 0.0380067567567568 0.03752131893121091
4 0.030827702702702707 0.7561114269471291 0.05996621621621622 0.07504263786242182
4 0.11275337837837837 0.7507106310403638 0.04307432432432433 0.076748152359295
4 0.2690033783783784 0.740193291642979 0.046452702702702686 0.07276861853325756
4 0.3247466216216216 0.7370665150653781 0.049831081081081086 0.07106310403638438
4 0.40793918918918914 0.7342239909039228 0.05574324324324326 0.06878908470722
4 0.5320945945945945 0.7171688459351904 0.048986486486486513 0.08129619101762364
4 0.5988175675675675 0.7205798749289369 0.057432432432432456 0.07106310403638438
4 0.6849662162162162 0.7185901080159182 0.05067567567567566 0.07504263786242182
4 0.7398648648648649 0.7140420693575895 0.04391891891891897 0.06253553155201819
4 0.8737331081081081 0.6975554292211483 0.04307432432432434 0.08300170551449682
4 0.9565033783783783 0.6975554292211483 0.044763513513513487 0.08754974417282557
4 0.6072635135135136 0.8675383740761797 0.05405405405405406 0.07731665719158609
