4 0.23353040540540543 0.888288800454804 0.05658783783783786 0.06878908470722
4 0.17694256756756757 0.8985218874360432 0.051520270270270285 0.06878908470722
4 0.1258445945945946 0.8996588971006254 0.04222972972972973 0.07106310403638438
5 0.078125 0.8999431495167709 0.051520270270270264 0.11256395679363274
5 0.5346283783783784 0.9758385446276294 0.07770270270270269 0.04377487208641273
4 0.31165540540540543 0.9727117680500283 0.0625 0.0454803865832859
4 0.2563344594594595 0.9798180784536668 0.044763513513513514 0.03126776577600909
4 0.20903716216216217 0.9809550881182489 0.03631756756756757 0.03354178510517347
4 0.10641891891891891 0.9832291074474133 0.05236486486486486 0.028993746446844826
4 0.15920608108108109 0.985218874360432 0.049831081081081086 0.02046617396247863
1 0.36993243243243246 0.17168845935190447 0.03209459459459457 0.03524729960204662
0 0.140625 0.5611142694712905 0.03125 0.03979533826037529
4 0.5228040540540541 0.9852188743604321 0.07939189189189189 0.025014212620807275
4 0.5135135135135135 0.9499715747583855 0.0641891891891892 0.03752131893121091
4 0.07643581081081081 0.9039226833428085 0.04307432432432432 0.06253553155201819
2 0.14020270270270271 0.5642410460488914 0.05405405405405407 0.04604889141557711
1 0.5266047297297297 0.5341102899374645 0.03125 0.039226833428084085
1 0.47043918918918914 0.6051733939738488 0.03885135135135137 0.04377487208641273
1 0.5287162162162162 0.2893689596361569 0.02533783783783783 0.05002842524161455
1 0.5147804054054054 0.30301307561114266 0.036317567567567544 0.03524729960204659
1 0.46494932432432434 0.2060830017055145 0.024493243243243257 0.04604889141557705
4 0.02702702702702703 0.7561114269471291 0.05405405405405406 0.07504263786242182
4 0.09755067567567569 0.744457077885162 0.05152027027027027 0.08584422967595229
4 0.24324324324324326 0.737066515065378 0.05405405405405406 0.07902217168845938
4 0.3002533783783784 0.7339397384877772 0.05152027027027023 0.0773166571915862
4 0.38555743243243246 0.7256964184195566 0.06165540540540543 0.076748152359295
4 0.5038006756756757 0.7163160886867539 0.05489864864864863 0.08754974417282557
4 0.5764358108108107 0.7194428652643547 0.05658783783783783 0.076748152359295
4 0.6608952702702703 0.7183058555997726 0.05320945945945943 0.08357021034678802
4 0.7128378378378378 0.7109152927799887 0.0489864864864864 0.06878908470722
4 0.8500844594594594 0.7018192154633314 0.051520270270270285 0.08698123934053437
4 0.9358108108108107 0.6975554292211483 0.04729729729729726 0.08754974417282557
4 0.9839527027027026 0.6935758953951109 0.023648648648648574 0.08754974417282546
4 0.5692567567567568 0.8695281409891984 0.060810810810810856 0.076748152359295
