4 0.2039695945945946 0.877771461057419 0.05827702702702703 0.0773166571915862
4 0.14738175675675677 0.8862990335417851 0.05658783783783784 0.0852757248436612
4 0.10346283783783783 0.8936895963615691 0.04983108108108107 0.08754974417282546
5 0.04603040540540541 0.8936895963615691 0.05152027027027027 0.11256395679363274
5 0.49831081081081086 0.9809550881182489 0.07770270270270269 0.03354178510517347
4 0.2956081081081081 0.9727117680500283 0.0557432432432432 0.0454803865832859
4 0.24239864864864866 0.9778283115406481 0.047297297297297314 0.03524729960204653
4 0.19003378378378377 0.9769755542922115 0.047297297297297286 0.04150085275724846
4 0.07939189189189189 0.9758385446276294 0.06587837837837839 0.04377487208641273
4 0.1397804054054054 0.9789653212052303 0.04476351351351353 0.032973280272882266
1 0.48141891891891897 0.5352472996020466 0.03885135135135137 0.046048891415577
1 0.41680743243243246 0.6114269471290505 0.056587837837837884 0.04377487208641273
1 0.5477195945945945 0.2924957362137578 0.029560810810810856 0.04377487208641273
1 0.5367398648648649 0.3101193860147811 0.0346283783783784 0.028993746446844826
1 0.4552364864864865 0.21006253553155202 0.025337837837837884 0.04604889141557705
1 0.9476351351351351 0.4610574189880614 0.03716216216216217 0.027288231949971542
4 0.022804054054054054 0.7612279704377487 0.04560810810810811 0.07731665719158609
4 0.09079391891891891 0.7455940875497442 0.07347972972972971 0.10403638430926665
4 0.22212837837837837 0.7268334280841388 0.06925675675675674 0.09152927799886301
4 0.28842905405405406 0.7342239909039228 0.054898648648648685 0.09380329732802728
4 0.36951013513513514 0.7234223990903923 0.07347972972972971 0.09380329732802728
4 0.4780405405405405 0.7163160886867539 0.07094594594594594 0.10005685048322921
4 0.5578547297297297 0.7194428652643547 0.054898648648648685 0.09835133598635593
4 0.6435810810810811 0.7183058555997726 0.05405405405405406 0.10403638430926665
4 0.6951013513513513 0.7069357589539511 0.05574324324324331 0.08925525866969863
4 0.8357263513513513 0.7038089823763503 0.07179054054054057 0.09550881182490045
4 0.921875 0.6975554292211483 0.05320945945945943 0.08754974417282557
4 0.9733952702702703 0.6924388857305288 0.032939189189189255 0.0852757248436612
4 0.5472972972972973 0.8715179079022172 0.07939189189189189 0.0773166571915862
