1 0.9804658151765591 0.5611620795107033 0.019534184823441048 0.03567787971457703
1 0.05672426746806912 0.4882772680937818 0.024793388429752067 0.03160040774719669
1 0.07325319308790383 0.5028032619775739 0.024793388429752067 0.03516819571865443
1 0.25619834710743805 0.6151885830784913 0.0375657400450789 0.051987767584097844
1 0.6953418482344103 0.636085626911315 0.04132231404958675 0.051987767584097844
1 0.6975957926371149 0.6569826707441386 0.026296018031555235 0.03567787971457692
1 0.5743801652892562 0.6424566768603466 0.030803906836964656 0.04332313965341483
1 0.9864763335837716 0.5351681957186545 0.021036814425244188 0.033639143730886834
1 0.9552967693463561 0.6121304791029561 0.04733283245679942 0.041794087665647295
1 0.9594290007513148 0.6391437308868502 0.05259203606311047 0.041794087665647295
