1 0.05785123966942149 0.5976044852191641 0.03606311044327573 0.02905198776758411
1 0.28136739293764085 0.5507135575942915 0.050338091660405704 0.03924566768603466
1 0.4635612321562735 0.5739041794087666 0.05259203606311047 0.051987767584097844
1 0.8189331329827197 0.6788990825688073 0.016528925619834656 0.03771661569826701
1 0.8369646882043575 0.6809378185524975 0.02253944402704733 0.033639143730886834
1 0.0507137490608565 0.5654943934760448 0.027798647633358382 0.02701325178389402
1 0.05033809166040571 0.5777268093781855 0.03155522163786627 0.02701325178389402
1 0.046205860255447026 0.5965851172273191 0.03230653643876784 0.022935779816513846
1 0.08903080390683696 0.6266564729867483 0.02629601803155522 0.020897043832823647
1 0.08302028549962434 0.6332823649337411 0.030803906836964684 0.020897043832823647
1 0.8031555221637867 0.6799184505606524 0.015026296018031515 0.03975535168195721
