1 0.1005050505050505 0.17429094236047576 0.026262626262626265 0.050320219579139985
0 0.7179292929292929 0.22689844464775846 0.046969696969696995 0.04574565416285453
0 0.6997474747474748 0.12351326623970722 0.04999999999999993 0.05123513266239707
0 0.41085858585858587 0.11802378774016467 0.04191919191919191 0.04574565416285452
1 0.39343434343434347 0.3577310155535224 0.026262626262626265 0.04208600182982619
1 0.43333333333333335 0.3357731015553522 0.033333333333333326 0.04391582799634036
0 0.3977272727272727 0.21591948764867336 0.054040404040404055 0.06221408966148215
1 0.12196969696969698 0.19030192131747484 0.024747474747474754 0.04391582799634036
1 0.7441919191919192 0.7053979871912168 0.02474747474747474 0.04574565416285448
1 0.11641414141414141 0.21225983531564502 0.0308080808080808 0.03293687099725526
