1 0.5015026296018031 0.6664118246687054 0.062359128474830994 0.06676860346585123
1 0.9196093163035312 0.6320081549439348 0.018031555221637907 0.031600407747196746
1 0.9259954921111946 0.5996432212028542 0.01728024042073628 0.024974515800203823
1 0.9038317054845981 0.6121304791029561 0.019534184823441048 0.03771661569826712
1 0.5995492111194591 0.5591233435270133 0.02554470323065361 0.04791029561671756
1 0.4954921111945905 0.5007645259938838 0.024793388429752095 0.03516819571865443
1 0.7009767092411721 0.6154434250764527 0.016528925619834656 0.03516819571865437
1 0.6912096168294515 0.621559633027523 0.02554470323065361 0.031090723751274196
1 0.9090909090909092 0.5945463812436289 0.016528925619834767 0.03924566768603466
1 0.941397445529677 0.5935270132517839 0.016528925619834767 0.033129459734964284
1 0.9293764087152516 0.621559633027523 0.015026296018031515 0.031090723751274196
1 0.18181818181818182 0.7663098878695209 0.03906836964688204 0.03720693170234457
1 0.1960931630353118 0.7466870540265036 0.03155522163786628 0.03975535168195721
1 0.8268219383921863 0.8144750254841998 0.026296018031555235 0.041794087665647295
