1 0.4526671675432006 0.6083078491335372 0.027798647633358375 0.024974515800203934
1 0.4564237415477085 0.5756880733944953 0.027798647633358375 0.02701325178389402
1 0.44815927873779116 0.5874108053007135 0.02479338842975204 0.024974515800203934
1 0.697595792637115 0.5922528032619776 0.03230653643876791 0.04383282364933738
1 0.4218632607062359 0.5807849133537206 0.024793388429752095 0.024974515800203823
1 0.06348610067618332 0.4956676860346585 0.033809166040571 0.033129459734964284
1 0.03831705484598047 0.5800203873598369 0.03606311044327573 0.03975535168195721
1 0.08640120210368143 0.56855249745158 0.03456048084147258 0.033129459734964284
1 0.0845229151014275 0.5914882772680938 0.030803906836964684 0.02905198776758411
1 0.4274981217129977 0.5614169215086646 0.025544703230653665 0.02701325178389391
1 0.425244177310293 0.554026503567788 0.02404207362885047 0.04587155963302758
1 0.4530428249436514 0.5644750254841998 0.02854996243426 0.024974515800203934
