1 0.8377160030052592 0.6569826707441386 0.02404207362885047 0.031600407747196746
1 0.8418482344102178 0.6266564729867482 0.023290758827948843 0.02905198776758411
1 0.061607813673929375 0.6269113149847094 0.018031555221637866 0.03771661569826701
1 0.06686701728024042 0.6373598369011213 0.018031555221637866 0.02905198776758411
1 0.21337340345604808 0.5581039755351682 0.02253944402704733 0.03771661569826712
1 0.9628099173553719 0.6539245667686036 0.023290758827948954 0.02956167176350666
1 0.9151014274981217 0.6246177370030581 0.02253944402704733 0.02905198776758411
1 0.1322314049586777 0.5652395514780836 0.021036814425244188 0.039755351681957096
1 0.06461307287753569 0.6185015290519877 0.019534184823441027 0.02905198776758411
1 0.05597295266716754 0.6049949031600408 0.02629601803155522 0.031600407747196746
1 0.23102930127723514 0.5530071355759429 0.029301277235161544 0.04383282364933738
1 0.7483095416979715 0.6174821610601426 0.02554470323065361 0.05657492354740057
1 0.9068369646882044 0.6123853211009175 0.019534184823441048 0.02905198776758411
