1 0.39166666666666666 0.35864592863677947 0.03888888888888886 0.02744739249771272
1 0.376010101010101 0.41948764867337607 0.02777777777777779 0.04849039341262579
1 0.7484848484848485 0.570448307410796 0.025252525252525193 0.07959743824336685
1 0.746969696969697 0.7140896614821592 0.019191919191919204 0.05397987191216835
1 0.24015151515151517 0.28636779505946935 0.02777777777777779 0.06038426349496795
1 0.13308080808080808 0.24107959743824336 0.02474747474747474 0.06312900274473923
1 0.13737373737373737 0.3037511436413541 0.030303030303030318 0.05489478499542544
1 0.571969696969697 0.09972552607502287 0.03080808080808073 0.04574565416285453
1 0.36010101010101014 0.4204025617566331 0.04040404040404039 0.05397987191216835
1 0.37272727272727274 0.9071363220494053 0.03232323232323231 0.03568161024702654
