1 0.7344514325646401 0.6141692150866462 0.02515723270440251 0.041794087665647295
1 0.5164220824598184 0.5466360856269112 0.02515723270440251 0.031090723751274196
1 0.1439552760307477 0.5652395514780836 0.02795248078266946 0.039755351681957096
1 0.1530398322851153 0.5851172273190621 0.0209643605870021 0.03771661569826701
1 0.03494060097833683 0.5736493374108054 0.02655485674353599 0.03516819571865437
1 0.03424178895877009 0.6006625891946993 0.027952480782669462 0.031090723751274307
1 0.33438155136268344 0.5851172273190621 0.04122990915443747 0.04587155963302758
1 0.5164220824598182 0.5695718654434251 0.030747728860936463 0.02701325178389391
1 0.013626834381551363 0.5310907237512742 0.027253668763102725 0.041794087665647295
1 0.14325646401118097 0.5517329255861366 0.032145352900069896 0.033129459734964284
