1 0.7767295597484276 0.5361875637104996 0.03703703703703709 0.060142711518858305
1 0.6677148846960168 0.6330275229357798 0.024458420684835835 0.03771661569826712
1 0.6733053808525507 0.6060142711518859 0.030048916841369677 0.03771661569826701
1 0.9566736547868624 0.5728848114169216 0.039133473095737226 0.049949031600407756
1 0.019566736547868623 0.5718654434250765 0.03773584905660377 0.04791029561671756
1 0.5758211041229909 0.581039755351682 0.02795248078266943 0.04587155963302747
1 0.596785464709993 0.583078491335372 0.033542976939203384 0.020387359836901098
1 0.5925925925925926 0.5433231396534148 0.030747728860936463 0.05402650356778793
1 0.019566736547868627 0.530835881753313 0.02655485674353599 0.02905198776758411
5 0.052410901467505246 0.6549439347604485 0.06988120195667366 0.03567787971457692
