1 0.5415793151642209 0.4673802242609582 0.02515723270440251 0.03567787971457692
1 0.11146051712089447 0.63710499490316 0.020265548567435357 0.03771661569826701
1 0.15723270440251572 0.6330275229357798 0.02375960866526905 0.041794087665647295
1 0.39552760307477286 0.5632008154943935 0.019566736547868613 0.03567787971457692
1 0.4081062194269741 0.5547910295616718 0.022361984626135534 0.031090723751274196
0 0.5017470300489169 0.5986238532110092 0.03214535290006992 0.03516819571865448
1 0.6247379454926625 0.5728848114169215 0.036338225017470305 0.04587155963302747
1 0.350104821802935 0.5654943934760448 0.03214535290006992 0.031090723751274196
1 0.2508735150244584 0.5976044852191641 0.02515723270440251 0.02905198776758411
1 0.2662473794549266 0.5874108053007137 0.033542976939203356 0.020897043832823647
1 0.2620545073375262 0.5654943934760448 0.02795248078266946 0.02701325178389402
1 0.03214535290006988 0.5226809378185525 0.026554856743535988 0.02905198776758411
0 0.3829489867225716 0.740316004077472 0.036338225017470305 0.03924566768603466
5 0.052410901467505246 0.6549439347604485 0.06988120195667366 0.03567787971457692
