1 0.37323232323232325 0.42360475754803295 0.0222222222222222 0.0475754803293687
1 0.7484848484848485 0.7159194876486734 0.019191919191919204 0.05032021957914001
1 0.627020202020202 0.07044830741079597 0.023737373737373724 0.045745654162854525
1 0.704040404040404 0.5054894784995425 0.022222222222222254 0.037511436413540655
0 0.3608585858585859 0.3838060384263495 0.03585858585858587 0.039341262580054936
1 0.40126262626262627 0.687099725526075 0.019696969696969657 0.04574565416285448
0 0.09166666666666667 0.19670631290027446 0.027777777777777776 0.06038426349496798
1 0.7679292929292929 0.8755718206770357 0.02474747474747474 0.034766697163769456
0 0.34090909090909094 0.3247941445562672 0.029292929292929315 0.04574565416285453
0 0.3386363636363636 0.36505032021957917 0.03585858585858587 0.0347666971637694
