1 0.25157232704402516 0.5874108053007135 0.02375960866526905 0.02905198776758411
1 0.3794549266247379 0.7477064220183487 0.03214535290006987 0.03771661569826701
1 0.023060796645702306 0.5247196738022426 0.01397624039133473 0.02905198776758411
5 0.0517120894479385 0.6559633027522935 0.07686932215234102 0.049949031600407756
1 0.5779175401816912 0.6964831804281346 0.02655485674353597 0.02701325178389402
1 0.04053109713487072 0.5374617737003058 0.0209643605870021 0.024974515800203934
1 0.23235499650593988 0.5914882772680938 0.02026554856743537 0.02905198776758411
1 0.2445842068483578 0.5705912334352701 0.026554856743536 0.029051987767583998
2 0.37945492662473795 0.7507645259938838 0.02655485674353597 0.04383282364933738
1 0.376659678546471 0.9686544342507646 0.03214535290006987 0.029051987767583998
