1 0.8483577917540182 0.5925076452599389 0.01956673654786867 0.02701325178389402
0 0.80083857442348 0.6174821610601428 0.033542976939203384 0.03924566768603466
0 0.8969252271139063 0.6330275229357798 0.04122990915443747 0.05402650356778793
1 0.6415094339622641 0.5547910295616718 0.02515723270440251 0.031090723751274196
1 0.1212438853948288 0.5654943934760448 0.025856044723969254 0.022935779816513846
1 0.12054507337526205 0.5756880733944953 0.030048916841369663 0.01885830784913345
1 0.34486373165618445 0.6279306829765545 0.02585604472396924 0.03975535168195721
1 0.259958071278826 0.6164627930682977 0.023759608665269022 0.024974515800203934
1 0.24109014675052412 0.6444954128440367 0.027952480782669487 0.022935779816513735
1 0.7921034241788959 0.5739041794087665 0.03703703703703698 0.04383282364933738
1 0.5524109014675053 0.4278797145769623 0.024458420684835724 0.04332313965341489
1 0.5635918937805731 0.44036697247706424 0.018867924528301883 0.03160040774719669
1 0.6401118099231307 0.1684505606523955 0.016771488469601747 0.03720693170234454
1 0.2246680642907058 0.5537716615698267 0.030048916841369677 0.033129459734964284
1 0.8155136268343816 0.5591233435270133 0.018169112508735097 0.03567787971457703
1 0.8001397624039134 0.5519877675840978 0.03214535290006992 0.041794087665647295
1 0.8427672955974843 0.5756880733944953 0.019566736547868557 0.022935779816513846
1 0.246680642907058 0.6320081549439347 0.02795248078266943 0.01834862385321101
1 0.8371767994409505 0.5644750254841998 0.011180992313067795 0.024974515800203934
