1 0.6114605171208944 0.5874108053007135 0.018169112508735208 0.024974515800203934
1 0.3969252271139064 0.49668705402650354 0.02515723270440251 0.031090723751274196
1 0.26275331935709295 0.5155453618756372 0.026554856743536 0.022935779816513846
1 0.28581411600279527 0.5099388379204892 0.027952480782669487 0.024974515800203823
1 0.018169112508735152 0.5925076452599388 0.018169112508735152 0.022935779816513735
1 0.020964360587002098 0.5800203873598369 0.02655485674353599 0.03975535168195721
1 0.48287910552061497 0.7120285423037717 0.03354297693920333 0.04587155963302747
1 0.4612159329140461 0.8121814475025484 0.02375960866526905 0.024974515800203823
1 0.4440950384346611 0.8361365953109072 0.027253668763102756 0.022935779816513735
1 0.5296995108315863 0.6100917431192661 0.018169112508735097 0.041794087665647295
1 0.9699510831586303 0.5581039755351682 0.02655485674353608 0.041794087665647295
1 0.5559049615653389 0.5395005096839959 0.020265548567435343 0.02905198776758411
1 0.6457023060796646 0.26325178389398574 0.02515723270440251 0.04332313965341486
1 0.6607267645003494 0.2716615698267074 0.018867924528301883 0.03160040774719669
1 0.8294898672257163 0.3391946992864424 0.02375960866526905 0.02905198776758411
0 0.7672955974842768 0.2851681957186544 0.02096436058700213 0.041284403669724745
0 0.7938504542278126 0.28211009174311924 0.013976240391334716 0.03924566768603466
0 0.8092243186582809 0.2798165137614679 0.02236198462613559 0.051987767584097844
5 0.05241090146750524 0.6569826707441386 0.06429070580013976 0.031600407747196746
1 0.8273934311670161 0.3549949031600408 0.016771488469601636 0.03516819571865443
1 0.4157931516422082 0.6822120285423037 0.020964360587002073 0.031090723751274196
1 0.5649895178197065 0.5611620795107034 0.021663172606568804 0.031600407747196746
1 0.5793151642208246 0.5558103975535168 0.015373864430468176 0.02905198776758411
1 0.6093640810621943 0.567533129459735 0.019566736547868557 0.022935779816513735
1 0.4482879105520615 0.8236493374108053 0.0272536687631027 0.031600407747196746
1 0.6058700209643606 0.5547910295616718 0.015373864430468176 0.022935779816513846
