1 0.36198462613556953 0.5716106014271152 0.02236198462613559 0.022935779816513735
1 0.6079664570230607 0.963302752293578 0.013976240391334716 0.02752293577981657
1 0.8721174004192872 0.6205402650356779 0.02515723270440251 0.024974515800203823
1 0.8574423480083857 0.5382262996941896 0.02096436058700213 0.03567787971457703
1 0.3172606568832984 0.5364424057084607 0.020964360587002073 0.022935779816513846
1 0.6526904262753319 0.06116207951070336 0.02236198462613559 0.03567787971457697
1 0.6705101327742837 0.05581039755351682 0.01327742837176804 0.029051987767584095
0 0.7672955974842768 0.2851681957186544 0.02096436058700213 0.041284403669724745
0 0.7938504542278126 0.28211009174311924 0.013976240391334716 0.03924566768603466
0 0.8092243186582809 0.2798165137614679 0.02236198462613559 0.051987767584097844
5 0.05241090146750524 0.6569826707441386 0.06429070580013976 0.031600407747196746
1 0.045422781271837874 0.541539245667686 0.016771488469601678 0.033129459734964395
1 0.4346610761705101 0.6414373088685015 0.019566736547868613 0.029051987767583998
1 0.3221523410202656 0.5614169215086646 0.016771488469601692 0.02701325178389391
1 0.3392732354996506 0.5374617737003058 0.020265548567435343 0.024974515800203934
1 0.3640810621942697 0.5601427115188583 0.015373864430468231 0.029561671763506547
1 0.23829489867225717 0.622579001019368 0.02795248078266946 0.033129459734964284
1 0.36617749825296997 0.5486748216106014 0.016771488469601692 0.031090723751274196
