1 0.11006289308176101 0.5756880733944953 0.01747030048916841 0.02701325178389402
1 0.058700209643605866 0.567533129459735 0.020964360587002094 0.03924566768603466
1 0.060796645702306085 0.5395005096839959 0.01956673654786862 0.02905198776758411
1 0.11285814116002794 0.5665137614678899 0.02865129280223619 0.020897043832823647
1 0.11495457721872816 0.5581039755351682 0.013277428371767985 0.02956167176350666
1 0.6614255765199162 0.644750254841998 0.025856044723969185 0.04791029561671767
1 0.16561844863731656 0.5621814475025484 0.02375960866526905 0.049949031600407756
0 0.3116701607267645 0.6340468909276249 0.02096436058700213 0.031600407747196746
1 0.5373864430468204 0.46839959225280325 0.01956673654786867 0.049949031600407756
1 0.5863032844164919 0.6205402650356779 0.02655485674353597 0.041284403669724745
1 0.0957372466806429 0.5456167176350663 0.025157232704402524 0.02905198776758411
