1 0.39217171717171717 0.3641354071363221 0.026767676767676774 0.02561756633119855
1 0.3762626262626263 0.4025617566331199 0.03030303030303033 0.04025617566331202
1 0.7477272727272728 0.7076852698993596 0.023737373737373724 0.05397987191216835
0 0.3601010101010101 0.38426349496797807 0.03737373737373739 0.03110704483074106
1 0.706060606060606 0.545288197621226 0.02929292929292937 0.04574565416285459
1 0.8151515151515152 0.10795974382433668 0.04141414141414146 0.029277218664226903
1 0.8330808080808081 0.20539798719121682 0.02777777777777779 0.03751143641354071
1 0.7684343434343435 0.89935956084172 0.023737373737373724 0.04208600182982625
0 0.6338383838383839 0.08462946020128087 0.048484848484848464 0.037511436413540725
0 0.3373737373737374 0.32159194876486735 0.030303030303030276 0.05215004574565418
0 0.3351010101010101 0.36505032021957917 0.03484848484848485 0.0347666971637694
