1 0.050314465408805034 0.5840978593272171 0.034940600978336823 0.03567787971457692
1 0.04262753319357093 0.6121304791029561 0.027952480782669462 0.04587155963302747
1 0.5178197064989518 0.8623853211009174 0.030747728860936463 0.049949031600407756
1 0.9217330538085255 0.6144240570846076 0.02515723270440251 0.03720693170234457
1 0.32669461914744935 0.6498470948012233 0.03144654088050314 0.041794087665647295
1 0.2302585604472397 0.621559633027523 0.02445842068483578 0.031090723751274196
1 0.6698113207547169 0.29561671763506625 0.025856044723969185 0.041794087665647295
1 0.9210342417889588 0.6363404689092762 0.020964360587002018 0.031090723751274196
1 0.9182389937106918 0.6205402650356779 0.02375960866526905 0.03720693170234457
1 0.061495457721872815 0.530835881753313 0.02655485674353599 0.02905198776758411
