1 0.4371069182389937 0.5830784913353722 0.030048916841369677 0.02956167176350666
1 0.4346610761705101 0.6047400611620795 0.019566736547868613 0.02701325178389402
1 0.8630328441649195 0.5665137614678899 0.02375960866526905 0.02905198776758411
0 0.28162124388539483 0.6664118246687054 0.036338225017470305 0.041284403669724856
1 0.29350104821802936 0.6600407747196737 0.02655485674353597 0.049949031600407756
1 0.5489168413696716 0.5665137614678899 0.023060796645702375 0.024974515800203934
1 0.3829489867225716 0.5621814475025484 0.027952480782669487 0.03771661569826712
1 0.612858141160028 0.5581039755351682 0.03214535290006981 0.041794087665647295
1 0.8560447239692524 0.5486748216106014 0.02375960866526905 0.022935779816513735
4 0.048218029350104816 0.6549439347604484 0.06988120195667365 0.060142711518858305
1 0.5593990216631726 0.5790010193679918 0.024458420684835835 0.033639143730886834
