1 0.2912827781715096 0.5393939393939393 0.025513819985825636 0.033333333333333326
0 0.42664776754075123 0.5247474747474747 0.0453579021970234 0.05454545454545451
1 0.8143160878809355 0.47575757575757577 0.015591778880226781 0.03131313131313129
1 0.16265060240963855 0.557070707070707 0.02338766832034017 0.03535353535353536
4 0.013111268603827072 0.6487373737373737 0.026222537207654145 0.07323232323232332
4 0.07689581856839121 0.6414141414141414 0.040396881644223954 0.09999999999999998
4 0.12012756909992914 0.6517676767676768 0.034727143869596036 0.0792929292929293
1 0.4510985116938342 0.7507575757575757 0.02197023387668323 0.03989898989898988
1 0.576541459957477 0.7873737373737373 0.023387668320340227 0.02929292929292926
1 0.9815733522324592 0.8487373737373738 0.0226789510985117 0.0479797979797979
