1 0.6077250177179305 0.5454545454545454 0.024805102763997167 0.033333333333333326
0 0.9252303330970942 0.3558080808080808 0.04606661941885193 0.04999999999999999
1 0.9564138908575479 0.06641414141414141 0.019135364989369186 0.0207070707070707
1 0.9394046775336641 0.06237373737373737 0.017717930545712246 0.0207070707070707
1 0.5088589652728561 0.47777777777777775 0.015591778880226781 0.03131313131313135
1 0.41424521615875265 0.557070707070707 0.02338766832034017 0.03535353535353536
4 0.013111268603827072 0.6487373737373737 0.026222537207654145 0.07323232323232332
4 0.07689581856839121 0.6414141414141414 0.040396881644223954 0.09999999999999998
4 0.12012756909992914 0.6517676767676768 0.034727143869596036 0.0792929292929293
1 0.4592487597448618 0.7154040404040404 0.0226789510985117 0.03989898989898988
1 0.576541459957477 0.7873737373737373 0.023387668320340227 0.02929292929292926
1 0.8664068036853296 0.7547979797979798 0.019135364989369186 0.04797979797979801
