1 0.9004252303330971 0.5391414141414141 0.03472714386959608 0.050000000000000044
1 0.8288447909284196 0.533080808080808 0.0389794472005669 0.04999999999999993
0 0.8982990786676116 0.3704545454545455 0.0616583982990786 0.04999999999999999
1 0.46314670446491846 0.7217171717171718 0.03472714386959602 0.0565656565656566
1 0.9663359319631467 0.25176767676767675 0.027639971651311157 0.05000000000000002
1 0.9461374911410347 0.24444444444444444 0.024096385542168752 0.06060606060606061
1 0.20021261516654854 0.4851010101010101 0.03189227498228206 0.04999999999999993
1 0.679305457122608 0.5520202020202021 0.03472714386959608 0.0626262626262627
4 0.013819985825655563 0.6497474747474747 0.027639971651311126 0.0792929292929293
4 0.07335223245924875 0.6454545454545455 0.0446491849751949 0.09595959595959591
4 0.11871013465627214 0.6517676767676768 0.03472714386959602 0.08333333333333326
