1 0.8600283486888731 0.4904040404040404 0.026222537207654106 0.019191919191919204
1 0.9727143869596031 0.49646464646464644 0.026222537207654106 0.03131313131313129
1 0.16406803685329552 0.4797979797979798 0.026222537207654134 0.03535353535353536
1 0.9454287739192062 0.36338383838383836 0.0226789510985117 0.039898989898989934
1 0.4709425939050319 0.7166666666666666 0.02338766832034017 0.033333333333333326
1 0.8621545003543586 0.5111111111111111 0.021970233876683176 0.03535353535353536
1 0.8593196314670446 0.39646464646464646 0.016300496102055306 0.03131313131313129
1 0.8571934798015592 0.3747474747474747 0.023387668320340116 0.03333333333333338
1 0.9386959603118357 0.5676767676767678 0.03330970942593903 0.03535353535353536
1 0.9518072289156627 0.038131313131313134 0.015591778880226781 0.018686868686868686
1 0.04606661941885187 0.557070707070707 0.01842664776754075 0.027272727272727337
1 0.04606661941885187 0.5527777777777778 0.015591778880226788 0.022727272727272707
4 0.013111268603827072 0.6487373737373738 0.026222537207654145 0.07727272727272727
4 0.07193479801559177 0.6477272727272727 0.047484053862508854 0.08737373737373733
4 0.11871013465627214 0.6507575757575758 0.03472714386959602 0.08131313131313123
