1 0.5892983699503898 0.49469696969696975 0.026222537207654217 0.018686868686868696
1 0.7345854004252304 0.4580808080808081 0.03614457831325302 0.033333333333333326
1 0.4184975194897236 0.4767676767676768 0.026222537207654162 0.033333333333333326
1 0.29340892983699507 0.4883838383838384 0.03260099220411056 0.039393939393939426
1 0.9518072289156626 0.18838383838383838 0.02693125442948263 0.027272727272727282
1 0.9518072289156626 0.15707070707070708 0.02693125442948263 0.03535353535353533
1 0.47236002834868884 0.7176767676767677 0.02338766832034017 0.03131313131313129
1 0.5676824946846208 0.7808080808080808 0.0226789510985117 0.033333333333333326
1 0.5850460666194188 0.5131313131313131 0.023387668320340227 0.03535353535353536
1 0.7725017717930546 0.5333333333333334 0.01842664776754077 0.033333333333333326
1 0.7530120481927711 0.5297979797979797 0.023387668320340116 0.03535353535353536
0 0.291991495393338 0.48434343434343435 0.03685329553508149 0.03535353535353536
1 0.9337349397590362 0.18207070707070708 0.014883061658398256 0.018686868686868696
1 0.3330970942593905 0.5507575757575758 0.01984408221119771 0.026767676767676774
1 0.330970942593905 0.5654040404040404 0.021261516654854706 0.022727272727272818
4 0.00956768249468462 0.6454545454545455 0.01913536498936924 0.0626262626262627
4 0.07406094968107725 0.6436868686868686 0.04323175053153792 0.08333333333333337
4 0.11800141743444365 0.6454545454545455 0.036144578313253004 0.07070707070707072
