1 0.04358610914245216 0.4830808080808081 0.029057406094968107 0.0378787878787879
1 0.039333805811481215 0.5040404040404041 0.023387668320340182 0.033333333333333326
1 0.46987951807228917 0.6987373737373738 0.015591778880226781 0.03585858585858581
1 0.4801559177888023 0.6904040404040404 0.01913536498936924 0.03131313131313129
1 0.8036853295535081 0.7330808080808081 0.01700921332388372 0.037878787878787845
1 0.7891566265060241 0.7454545454545454 0.020552799433026236 0.03737373737373739
1 0.816442239546421 0.42500000000000004 0.04677533664068034 0.04999999999999999
4 0.010985116938341602 0.6454545454545455 0.021970233876683204 0.0626262626262627
4 0.07547838412473423 0.6434343434343435 0.03472714386959603 0.07474747474747478
4 0.11800141743444365 0.6477272727272727 0.036144578313253004 0.08333333333333337
