4 0.11622962437987244 0.7507575757575757 0.09213323883770376 0.07727272727272727
1 0.7136782423812899 0.5477272727272727 0.04961020552799433 0.04595959595959598
1 0.9865343727852587 0.8987373737373737 0.024096385542168752 0.03585858585858581
4 0.6289865343727852 0.9737373737373738 0.04181431608788089 0.04343434343434349
4 0.6144578313253013 0.5654040404040404 0.056697377746279254 0.0479797979797979
1 0.940822111977321 0.30833333333333335 0.026222537207654106 0.04999999999999999
1 0.023033309709425936 0.5540404040404041 0.024805102763997163 0.02929292929292926
1 0.021261516654854713 0.564141414141414 0.024096385542168672 0.033333333333333326
1 0.9301913536498937 0.25707070707070706 0.030474840538625037 0.060606060606060635
4 0.013819985825655563 0.6487373737373737 0.027639971651311126 0.06919191919191925
4 0.07547838412473423 0.6434343434343435 0.03756201275690999 0.07070707070707072
4 0.11941885187810064 0.6497474747474747 0.03614457831325302 0.08737373737373733
