1 0.20800850460666193 0.47878787878787876 0.044649184975194905 0.03333333333333338
1 0.5652019844082211 0.782070707070707 0.030474840538625037 0.043939393939393945
1 0.2767540751240255 0.553030303030303 0.020552799433026236 0.03131313131313129
1 0.26824946846208364 0.5696969696969697 0.017717930545712246 0.031313131313131404
2 0.4163713678242381 0.5373737373737373 0.03897944720056695 0.033333333333333326
1 0.46987951807228917 0.7186868686868686 0.015591778880226781 0.02929292929292926
1 0.4592487597448618 0.7174242424242424 0.014174344436569841 0.022727272727272707
1 0.47519489723600283 0.7080808080808081 0.017717930545712246 0.021212121212121238
1 0.5070871722182849 0.7101010101010101 0.023387668320340227 0.02929292929292926
1 0.7650602409638554 0.47575757575757577 0.03897944720056701 0.03131313131313129
4 0.014528703047484054 0.6517676767676768 0.029057406094968107 0.07525252525252535
4 0.07547838412473423 0.6404040404040404 0.0517363571934798 0.07676767676767682
4 0.11906449326718639 0.6487373737373738 0.041105598866052445 0.08131313131313134
