1 0.4829907866761163 0.48333333333333334 0.04464918497519493 0.033333333333333326
1 0.799078667611623 0.5007575757575757 0.029057406094968097 0.043939393939393945
1 0.5357902197023388 0.7737373737373737 0.031183557760453562 0.04343434343434338
1 0.5425230333097094 0.5434343434343434 0.019135364989369297 0.02929292929292926
1 0.5315379163713678 0.5601010101010101 0.019844082211197822 0.02929292929292937
2 0.11233167965981573 0.5454545454545454 0.03897944720056698 0.033333333333333326
1 0.46987951807228917 0.7186868686868686 0.015591778880226781 0.02929292929292926
1 0.4592487597448618 0.7174242424242424 0.014174344436569841 0.022727272727272707
1 0.47519489723600283 0.7080808080808081 0.017717930545712246 0.021212121212121238
1 0.5070871722182849 0.7101010101010101 0.023387668320340227 0.02929292929292926
1 0.7274982282069454 0.42474747474747476 0.041814316087881 0.029292929292929315
4 0.00885896527285613 0.6497474747474747 0.01771793054571226 0.07121212121212128
4 0.07476966690290573 0.6424242424242425 0.041814316087880936 0.07272727272727275
4 0.11374911410347271 0.6424242424242425 0.04181431608788094 0.07676767676767682
