3 0.12331679659815734 0.6457070707070707 0.05527994330262226 0.08333333333333337
3 0.0705173635719348 0.6351010101010102 0.05031892274982282 0.08737373737373744
3 0.015237420269312544 0.6414141414141414 0.03047484053862509 0.09191919191919196
1 0.48157335223245923 0.7603535353535353 0.047484053862508924 0.050000000000000044
2 0.5163004961020553 0.5267676767676768 0.04748405386250881 0.02929292929292937
2 0.5233876683203402 0.5060606060606061 0.04748405386250887 0.02929292929292926
1 0.6318214032600993 0.4207070707070707 0.04181431608788089 0.033333333333333326
1 0.4475549255846917 0.7351010101010101 0.03472714386959602 0.04595959595959598
1 0.5552799433026223 0.4840909090909091 0.03330970942593903 0.043939393939394
1 0.4829907866761162 0.7790404040404041 0.021970233876683176 0.04191919191919191
1 0.9542877391920623 0.47904040404040404 0.03756201275690996 0.050000000000000044
1 0.8054571226080793 0.5446969696969697 0.027639971651311046 0.04797979797979801
1 0.7997873848334515 0.577020202020202 0.041814316087881 0.050000000000000044
