1 0.3093550673281361 0.7601010101010102 0.0276399716513111 0.02929292929292926
1 0.296243798724309 0.4916666666666667 0.05102763997165127 0.050000000000000044
1 0.2941176470588235 0.7580808080808081 0.028348688873139627 0.02929292929292926
1 0.5935506732813607 0.7840909090909091 0.03472714386959608 0.04797979797979801
4 0.07122608079376329 0.6393939393939394 0.048901488306165836 0.10000000000000009
4 0.11906449326718639 0.6414141414141414 0.052445074415308296 0.09999999999999998
4 0.014528703047484054 0.6434343434343435 0.029057406094968107 0.09999999999999998
4 0.4766123316796598 0.908080808080808 0.10418143160878807 0.07070707070707072
4 0.2551381998582566 0.8757575757575757 0.08929836995038981 0.08989898989898992
1 0.7282069454287738 0.4558080808080808 0.03472714386959608 0.04999999999999999
