1 0.42345854004252304 0.7247474747474747 0.027639971651311157 0.04141414141414146
1 0.9893692416725727 0.5560606060606061 0.01842664776754077 0.04141414141414146
1 0.4404677533664068 0.7237373737373738 0.026222537207654106 0.03535353535353536
1 0.5031892274982281 0.7101010101010101 0.018426647767540716 0.025252525252525304
1 0.4911410347271439 0.7143939393939394 0.017009213323883776 0.028787878787878807
1 0.5956768249468463 0.7893939393939393 0.027639971651311046 0.025252525252525193
1 0.5733522324592488 0.7851010101010101 0.01984408221119771 0.02474747474747474
4 0.07264351523742027 0.6426767676767677 0.04323175053153792 0.08131313131313134
4 0.11871013465627214 0.6446969696969698 0.03756201275691 0.07727272727272727
4 0.010985116938341602 0.6383838383838384 0.021970233876683204 0.07676767676767682
1 0.945074415308292 0.278030303030303 0.03472714386959608 0.043939393939393945
1 0.24131821403260098 0.4977272727272727 0.030474840538625092 0.041919191919191856
