1 0.4149539333805812 0.7320707070707071 0.03614457831325296 0.03080808080808084
1 0.595322466335932 0.7851010101010101 0.01700921332388383 0.02474747474747474
1 0.5719347980155918 0.7840909090909091 0.0226789510985117 0.026767676767676774
4 0.06980864635010631 0.6426767676767677 0.048901488306165836 0.08131313131313134
4 0.11906449326718639 0.6416666666666666 0.041105598866052445 0.08333333333333337
1 0.6045357902197024 0.9747474747474747 0.02693125442948263 0.02929292929292926
4 0.011693834160170093 0.6404040404040404 0.023387668320340185 0.07272727272727275
1 0.4744861800141743 0.8664141414141414 0.0276399716513111 0.05404040404040411
4 0.42062367115520904 0.9007575757575758 0.09709425939050315 0.056060606060606144
1 0.45960311835577605 0.5643939393939394 0.027639971651311157 0.04595959595959587
4 0.6304039688164422 0.9664141414141414 0.03330970942593914 0.058080808080808066
