1 0.4227498228206945 0.7353535353535354 0.03189227498228203 0.03737373737373739
1 0.5974486180014174 0.7853535353535354 0.021261516654854762 0.02929292929292937
1 0.5705173635719347 0.7833333333333334 0.025513819985825692 0.033333333333333326
4 0.06909992912827781 0.6444444444444444 0.05598866052445074 0.09393939393939388
4 0.12048192771084337 0.6424242424242425 0.04961020552799433 0.08989898989898992
1 0.6424521615875266 0.9404040404040404 0.027639971651311157 0.039393939393939426
1 0.4425939050318923 0.7310606060606061 0.024805102763997167 0.04191919191919191
4 0.012402551381998583 0.6467171717171718 0.024805102763997167 0.07727272727272727
1 0.29730687455705174 0.7300505050505051 0.04323175053153794 0.05202020202020208
4 0.5545712260807938 0.9464646464646465 0.05740609496810767 0.09797979797979806
1 0.6764705882352942 0.656060606060606 0.03189227498228209 0.03737373737373739
4 0.6289865343727853 0.9674242424242425 0.03614457831325302 0.05606060606060603
