1 0.4025252525252525 0.7868252516010978 0.03030303030303033 0.04574565416285459
1 0.3878787878787879 0.3618481244281793 0.02626262626262621 0.03751143641354071
1 0.37196969696969695 0.4217749313815188 0.030808080808080784 0.03110704483074106
1 0.7469696969696971 0.7067703568161026 0.022222222222222254 0.055809698078682524
1 0.20530303030303032 0.01738334858188472 0.027777777777777762 0.03476669716376944
1 0.3595959595959596 0.247483989021043 0.03030303030303033 0.04666056724611162
1 0.7234848484848485 0.36505032021957917 0.04191919191919191 0.0475754803293687
0 0.33813131313131317 0.3110704483074108 0.03484848484848485 0.060384263494968005
0 0.33106060606060606 0.3568161024702653 0.04292929292929293 0.0347666971637694
0 0.36035353535353537 0.3764867337602928 0.04292929292929293 0.03751143641354071
