1 0.4691708008504607 0.7196969696969697 0.025513819985825636 0.039393939393939426
1 0.23139617292700213 0.5320707070707071 0.04181431608788094 0.05606060606060603
1 0.6034727143869596 0.7851010101010101 0.03330970942593914 0.04191919191919191
1 0.5705173635719347 0.7851010101010101 0.025513819985825692 0.04191919191919191
4 0.07264351523742027 0.6444444444444444 0.0517363571934798 0.09393939393939388
4 0.11977321048901488 0.6477272727272727 0.04535790219702339 0.0792929292929293
1 0.6828490432317506 0.7707070707070707 0.027639971651311157 0.03737373737373739
1 0.4454287739192062 0.7207070707070706 0.024805102763997167 0.04141414141414146
4 0.012402551381998583 0.6497474747474747 0.024805102763997167 0.08333333333333326
1 0.13430191353649895 0.5643939393939394 0.05031892274982283 0.04999999999999993
4 0.10914245216158752 0.7467171717171717 0.0807937632884479 0.07727272727272727
1 0.8635719347980155 0.7737373737373738 0.030474840538625148 0.03535353535353536
4 0.6268603827072998 0.9727272727272727 0.04039688164422395 0.045454545454545525
