1 0.7455705173635719 0.1383838383838384 0.019844082211197822 0.056565656565656555
1 0.7126151665485472 0.7851010101010101 0.023387668320340116 0.04595959595959598
0 0.9642097802976612 0.49873737373737376 0.017717930545712246 0.0601010101010101
1 0.6871013465627215 0.628030303030303 0.03614457831325302 0.04797979797979801
4 0.0705173635719348 0.634090909090909 0.047484053862508854 0.09343434343434354
4 0.11800141743444365 0.6464646464646464 0.036144578313253004 0.0686868686868688
4 0.014883061658398299 0.6467171717171718 0.028348688873139617 0.0732323232323232
1 0.8734939759036144 0.7840909090909091 0.030474840538625037 0.03989898989898988
1 0.5712260807937632 0.6851010101010101 0.021261516654854762 0.04191919191919191
1 0.44472005669737774 0.8237373737373737 0.026222537207654106 0.027272727272727226
