1 0.7204110559886605 0.4101010101010101 0.027639971651311157 0.033333333333333326
1 0.43692416725726435 0.453030303030303 0.024805102763997167 0.027272727272727282
0 0.8125442948263644 0.5080808080808081 0.029057406094968097 0.02929292929292926
4 0.07122608079376329 0.634090909090909 0.03756201275690999 0.0732323232323232
4 0.11729270021261516 0.6517676767676768 0.03189227498228206 0.05808080808080818
4 0.012756909992912829 0.6457070707070707 0.024096385542168676 0.058080808080808066
1 0.9433026222537207 0.2133838383838384 0.02126151665485465 0.026767676767676746
1 0.722537207654146 0.6050505050505051 0.026222537207654106 0.027272727272727337
1 0.3143160878809355 0.5186868686868686 0.03756201275690996 0.03737373737373739
1 0.36428065201984405 0.6363636363636365 0.029766123316796567 0.03535353535353536
1 0.47590361445783136 0.7247474747474747 0.01630049610205525 0.025252525252525193
1 0.4670446491849752 0.7080808080808081 0.01842664776754077 0.025252525252525304
