1 0.7360028348688873 0.48434343434343435 0.03614457831325302 0.03535353535353536
1 0.38873139617292696 0.5436868686868687 0.01913536498936924 0.020707070707070674
1 0.10737065910701629 0.5404040404040404 0.01771793054571226 0.027272727272727226
4 0.12331679659815734 0.6530303030303031 0.04110559886605243 0.06060606060606066
4 0.07689581856839121 0.6444444444444445 0.03472714386959603 0.06868686868686869
4 0.006732813607370659 0.6424242424242423 0.013465627214741318 0.06060606060606066
1 0.43975903614457834 0.4904040404040404 0.0276399716513111 0.027272727272727282
1 0.38837703756201275 0.532070707070707 0.014174344436569841 0.022727272727272707
1 0.47377746279234584 0.7154040404040404 0.017717930545712246 0.01868686868686864
1 0.47129695251594617 0.7070707070707071 0.021261516654854706 0.02323232323232327
