1 0.46420978029766125 0.48838383838383836 0.03685329553508149 0.035353535353535415
1 0.6119773210489015 0.49570707070707076 0.021970233876683176 0.02070707070707073
1 0.3766832034018427 0.5507575757575758 0.02055279943302618 0.026767676767676774
4 0.12331679659815734 0.6530303030303031 0.04110559886605243 0.06060606060606066
4 0.07689581856839121 0.6444444444444445 0.03472714386959603 0.06868686868686869
4 0.006732813607370659 0.6424242424242423 0.013465627214741318 0.06060606060606066
1 0.8267186392629341 0.7457070707070708 0.04039688164422395 0.04999999999999993
1 0.22997873848334516 0.49671717171717167 0.02763997165131113 0.026767676767676718
1 0.6017009213323884 0.4871212121212121 0.01275690999291279 0.020707070707070674
1 0.46279234585400425 0.6717171717171717 0.01842664776754077 0.02323232323232327
1 0.4907866761162296 0.681060606060606 0.017717930545712246 0.037878787878787845
1 0.257264351523742 0.5520202020202021 0.018426647767540744 0.02929292929292926
