1 0.4714646464646465 0.22781335773101555 0.03484848484848485 0.02744739249771272
1 0.5088383838383839 0.41079597438243365 0.026767676767676774 0.0475754803293687
1 0.3886363636363636 0.36505032021957917 0.02474747474747474 0.04025617566331202
1 0.3755050505050505 0.4057639524245197 0.020707070707070674 0.04117108874656905
1 0.7492424242424243 0.7150045745654163 0.020707070707070674 0.03934126258005488
1 0.014898989898989898 0.09835315645013723 0.016666666666666666 0.022872827081427252
1 0.018686868686868686 0.06587374199451052 0.01818181818181818 0.029277218664226903
1 0.08181818181818182 0.29963403476669714 0.02525252525252525 0.03751143641354071
1 0.7505050505050506 0.06541628545288197 0.02929292929292926 0.039341262580054895
1 0.14217171717171717 0.4515096065873742 0.02070707070707073 0.03385178408051237
0 0.7227272727272728 0.3847209515096066 0.03434343434343434 0.024702653247941464
1 0.5171717171717172 0.8696248856358646 0.02323232323232327 0.03568161024702654
0 0.3398989898989899 0.31793229643183896 0.033333333333333326 0.03751143641354071
0 0.33106060606060606 0.3618481244281793 0.028787878787878807 0.02470265324794141
0 0.3608585858585859 0.38609332113449224 0.02777777777777779 0.03110704483074106
