1 0.18851878100637848 0.4840909090909091 0.052445074415308296 0.043939393939394
1 0.6615875265768958 0.406060606060606 0.03472714386959608 0.0414141414141414
1 0.628632175761871 0.5444444444444445 0.05244507441530821 0.03131313131313129
4 0.03437278525868179 0.8946969696969698 0.06874557051736357 0.05606060606060603
4 0.11977321048901488 0.6444444444444444 0.039688164422395464 0.09797979797979794
4 0.07547838412473423 0.6467171717171717 0.04890148830616584 0.08939393939393936
4 0.015946137491141033 0.6434343434343435 0.031892274982282066 0.09595959595959591
1 0.6984408221119773 0.6184343434343434 0.03614457831325302 0.04595959595959598
1 0.013819985825655563 0.48510101010101014 0.027639971651311126 0.02070707070707073
4 0.5414599574769667 0.9290404040404041 0.0552799433026222 0.12474747474747472
1 0.42062367115520904 0.5154040404040404 0.04464918497519493 0.03989898989898988
1 0.44968107725017714 0.5558080808080808 0.04181431608788094 0.04999999999999993
