1 0.9011339475549256 0.5487373737373737 0.04748405386250887 0.03585858585858581
4 0.4411764705882353 0.9040404040404041 0.08858965272856129 0.07070707070707072
4 0.11835577604535791 0.6434343434343435 0.042523033309709427 0.09191919191919196
4 0.07406094968107725 0.6446969696969698 0.04323175053153792 0.08131313131313134
4 0.014528703047484054 0.6436868686868686 0.029057406094968107 0.08333333333333337
1 0.5269312544294826 0.507070707070707 0.03472714386959597 0.027272727272727226
1 0.22927002126151666 0.4444444444444444 0.026222537207654162 0.03939393939393937
1 0.20304748405386253 0.454040404040404 0.03189227498228206 0.033333333333333326
1 0.6091424521615876 0.5227272727272727 0.027639971651311046 0.025252525252525304
1 0.013111268603827072 0.454040404040404 0.026222537207654145 0.029292929292929315
