4 0.11658398299078668 0.6517676767676768 0.04181431608788094 0.08333333333333326
4 0.07476966690290573 0.6457070707070707 0.04748405386250886 0.08333333333333337
4 0.012402551381998583 0.6487373737373738 0.024805102763997167 0.07727272727272727
4 0.06874557051736357 0.7164141414141414 0.06945428773919206 0.07121212121212117
1 0.43975903614457834 0.8154040404040404 0.030474840538625092 0.043939393939393945
1 0.42062367115520904 0.8320707070707071 0.030474840538625092 0.03585858585858581
1 0.2204110559886605 0.6361111111111111 0.041105598866052445 0.05202020202020197
1 0.04535790219702339 0.4727272727272728 0.052445074415308296 0.0414141414141414
1 0.4482636428065202 0.5467171717171717 0.05598866052445073 0.056060606060606144
1 0.45322466335931966 0.477020202020202 0.04323175053153788 0.04595959595959598
3 0.3982990786676116 0.5007575757575757 0.06378454996456412 0.05202020202020202
