1 0.3416385135135135 0.5832859579306424 0.019425675675675713 0.025014212620807275
1 0.19805743243243243 0.5341102899374646 0.019425675675675658 0.03126776577600909
1 0.7356418918918919 0.507959067652075 0.013513513513513598 0.016486640136441133
1 0.7373310810810811 0.5278567367822626 0.02195945945945954 0.018760659465605456
1 0.7732263513513513 0.5446276293348493 0.010979729729729715 0.022740193291643007
1 0.7706925675675675 0.5611142694712905 0.010979729729729715 0.022740193291642896
1 0.16976351351351351 0.9007959067652075 0.028716216216216228 0.026719727117680447
1 0.0620777027027027 0.5352472996020466 0.02280405405405405 0.028993746446844826
1 0.0633445945945946 0.5113700966458214 0.021959459459459464 0.03126776577600909
1 0.7660472972972973 0.4985787379192723 0.016891891891891886 0.03524729960204659
1 0.8112331081081081 0.5611142694712905 0.017736486486486402 0.022740193291642896
1 0.875 0.542353610005685 0.023648648648648685 0.027288231949971653
1 0.016891891891891893 0.0557134735645253 0.015202702702702702 0.03752131893121092
1 0.5105574324324325 0.5176236498010234 0.014358108108108114 0.018760659465605456
1 0.5126689189189189 0.542353610005685 0.020270270270270285 0.027288231949971653
1 0.6178209459459459 0.5017055144968732 0.02787162162162171 0.04150085275724841
