1 0.3914695945945946 0.5895395110858442 0.019425675675675713 0.025014212620807275
1 0.24113175675675674 0.5341102899374646 0.019425675675675658 0.03126776577600909
1 0.5342060810810811 0.4840818646958499 0.0278716216216216 0.03126776577600909
1 0.8002533783783784 0.5017055144968732 0.021114864864864913 0.02899374644684477
1 0.8036317567567568 0.5318362706083002 0.022804054054054057 0.018760659465605456
1 0.839527027027027 0.5540079590676521 0.023648648648648574 0.028993746446844826
1 0.8298141891891893 0.5716316088686754 0.010979729729729715 0.023308698123934102
1 0.14738175675675674 0.9007959067652075 0.029560810810810828 0.026719727117680447
1 0.04265202702702703 0.5309835133598635 0.022804054054054057 0.02956225127913592
1 0.05109797297297297 0.5113700966458214 0.022804054054054057 0.03126776577600909
1 0.8665540540540541 0.4985787379192723 0.016891891891891886 0.03524729960204659
1 0.9282094594594594 0.5696418419556566 0.01858108108108103 0.022740193291643007
1 0.9518581081081081 0.542353610005685 0.023648648648648685 0.027288231949971653
0 0.049831081081081086 0.8456509380329733 0.025337837837837836 0.028993746446844826
1 0.04560810810810811 0.8570210346787948 0.025337837837837843 0.03126776577600909
1 0.8445945945945946 0.6674246731097214 0.028716216216216228 0.03979533826037529
1 0.022804054054054057 0.08072768618533258 0.015202702702702704 0.03752131893121091
1 0.5358952702702703 0.5207504263786242 0.019425675675675658 0.025014212620807275
1 0.5363175675675675 0.5403638430926663 0.020270270270270285 0.026719727117680447
1 0.6524493243243243 0.5059693007390563 0.0278716216216216 0.0420693575895395
