1 0.42863175675675674 0.5935190449118818 0.019425675675675658 0.025014212620807275
1 0.27153716216216217 0.5318362706083002 0.019425675675675658 0.03126776577600909
1 0.9742398648648649 0.5685048322910744 0.01942567567567577 0.02956225127913592
1 0.5443412162162162 0.469300739056282 0.0278716216216216 0.03126776577600909
1 0.8488175675675675 0.5048322910744741 0.023648648648648685 0.03524729960204659
1 0.8496621621621622 0.5341102899374646 0.02195945945945943 0.018760659465605456
1 0.8657094594594594 0.5602615122228539 0.028716216216216228 0.03354178510517336
1 0.8572635135135135 0.5778851620238772 0.010135135135135087 0.023308698123934102
1 0.1085304054054054 0.882035247299602 0.029560810810810814 0.026719727117680447
1 0.9662162162162162 0.5017055144968733 0.016891891891891886 0.033541785105173416
0 0.10092905405405406 0.8956793632745879 0.024493243243243243 0.028993746446844826
1 0.0620777027027027 0.8780557134735645 0.02449324324324325 0.03126776577600909
1 0.9113175675675675 0.652927799886299 0.028716216216216228 0.039226833428084085
1 0.02702702702702703 0.10574189880613985 0.015202702702702704 0.03752131893121091
1 0.5481418918918919 0.5204661739624787 0.02195945945945943 0.028993746446844715
1 0.5489864864864864 0.542353610005685 0.020270270270270285 0.027288231949971653
1 0.6617398648648649 0.507959067652075 0.0278716216216216 0.04150085275724841
1 0.8488175675675675 0.5204661739624787 0.020270270270270285 0.016486640136441078
