1 0.4548141891891892 0.5974985787379192 0.019425675675675658 0.025014212620807275
1 0.29940878378378377 0.530130756111427 0.019425675675675658 0.03126776577600909
1 0.9742398648648649 0.5579874928936897 0.01942567567567577 0.028993746446844715
1 0.5291385135135135 0.4548038658328596 0.026182432432432456 0.027288231949971542
1 0.8420608108108107 0.5048322910744741 0.023648648648648574 0.03524729960204659
1 0.8412162162162162 0.5341102899374646 0.02195945945945943 0.018760659465605456
1 0.8614864864864865 0.5602615122228539 0.028716216216216228 0.03354178510517336
1 0.8572635135135135 0.5787379192723138 0.010135135135135087 0.025014212620807275
1 0.06841216216216217 0.8570210346787948 0.028716216216216214 0.026719727117680447
1 0.9907094594594594 0.5051165434906197 0.015202702702702742 0.03126776577600909
0 0.1579391891891892 0.9371802160318363 0.025337837837837857 0.028993746446844715
1 0.08868243243243243 0.8860147811256396 0.025337837837837843 0.03126776577600909
1 0.22170608108108109 0.5122228538942581 0.02787162162162163 0.032973280272882266
1 0.9320101351351351 0.6384309266628767 0.029560810810810856 0.03979533826037518
1 0.02787162162162162 0.13303013075611142 0.0152027027027027 0.03752131893121091
1 0.5274493243243243 0.5204661739624787 0.022804054054054057 0.028993746446844715
1 0.5282939189189189 0.5383740761796476 0.021114864864864802 0.027288231949971542
1 0.6507601351351351 0.507959067652075 0.0278716216216216 0.04150085275724841
1 0.8420608108108107 0.5204661739624787 0.020270270270270285 0.021034678794769834
