1 0.2893939393939394 0.7419945105215004 0.023232323232323215 0.06038426349496806
0 0.08661616161616162 0.18801463860933212 0.045959595959595964 0.055809698078682524
1 0.3893939393939394 0.36596523330283626 0.026262626262626265 0.04208600182982619
1 0.3727272727272727 0.4016468435498628 0.026262626262626265 0.04574565416285453
1 0.7497474747474747 0.7150045745654163 0.03080808080808084 0.04849039341262584
1 0.32121212121212117 0.17337602927721868 0.026262626262626265 0.048490393412625815
1 0.3234848484848485 0.13494967978042086 0.02474747474747474 0.04117108874656909
0 0.3378787878787879 0.3151875571820677 0.04040404040404039 0.05215004574565418
0 0.3303030303030303 0.36093321134492223 0.04444444444444445 0.03568161024702654
0 0.35883838383838385 0.3815187557182068 0.03181818181818186 0.04391582799634036
