1 0.5097128378378378 0.5912450255827174 0.019425675675675658 0.025014212620807275
1 0.049831081081081086 0.5622512791358727 0.021959459459459464 0.02046617396247863
1 0.35092905405405406 0.5318362706083002 0.019425675675675658 0.03126776577600909
1 0.08361486486486486 0.5622512791358727 0.032094594594594586 0.02956225127913592
1 0.9429898648648649 0.5392268334280841 0.01942567567567577 0.028993746446844715
1 0.4252533783783784 0.9707220011370097 0.0295608108108108 0.03354178510517336
1 0.4835304054054054 0.42581011938601476 0.0261824324324324 0.027288231949971598
1 0.8251689189189189 0.5028425241614554 0.023648648648648574 0.035815804434337684
1 0.8217905405405406 0.5341102899374646 0.02195945945945943 0.018760659465605456
1 0.05320945945945946 0.5704945992040933 0.02871621621621622 0.021034678794769834
1 0.07939189189189189 0.579874928936896 0.032094594594594586 0.022740193291642896
1 0.8184121621621622 0.5559977259806708 0.028716216216216228 0.032973280272882266
1 0.8112331081081081 0.5747583854462763 0.021114864864864913 0.025014212620807275
1 0.16089527027027029 0.9798180784536668 0.019425675675675685 0.018760659465605456
1 0.23944256756756757 0.6924388857305287 0.021114864864864857 0.03524729960204653
1 0.13006756756756757 0.9093234792495737 0.025337837837837843 0.03126776577600909
1 0.11570945945945946 0.9164297896532121 0.023648648648648643 0.02956225127913592
1 0.1701858108108108 0.5142126208072769 0.02787162162162163 0.033541785105173416
1 0.9459459459459459 0.6048891415577032 0.028716216216216228 0.03979533826037529
1 0.0308277027027027 0.17680500284252415 0.016047297297297296 0.03752131893121091
1 0.4814189189189189 0.5164866401364412 0.02195945945945943 0.028993746446844826
1 0.48944256756756754 0.5341102899374645 0.021114864864864857 0.026719727117680447
1 0.5954391891891893 0.5039795338260376 0.027027027027027084 0.04150085275724846
1 0.8226351351351351 0.5216031836270608 0.020270270270270285 0.026719727117680447
