1 0.5342060810810811 0.58726549175668 0.01942567567567577 0.025014212620807275
1 0.0772804054054054 0.5602615122228539 0.022804054054054057 0.021034678794769723
1 0.3762668918918919 0.5341102899374646 0.019425675675675658 0.03126776577600909
1 0.1097972972972973 0.5622512791358727 0.0320945945945946 0.02956225127913592
1 0.9235641891891891 0.5392268334280841 0.019425675675675658 0.028993746446844715
1 0.40878378378378377 0.9707220011370097 0.028716216216216228 0.03354178510517336
1 0.45988175675675674 0.41102899374644686 0.026182432432432456 0.027288231949971598
1 0.816722972972973 0.5008527572484367 0.023648648648648574 0.035247299602046644
1 0.8133445945945946 0.5341102899374646 0.02195945945945943 0.018760659465605456
1 0.07939189189189189 0.5685048322910744 0.028716216216216214 0.02046617396247863
1 0.10557432432432433 0.579874928936896 0.0320945945945946 0.022740193291642896
1 0.7977195945945945 0.5579874928936897 0.029560810810810856 0.03354178510517347
1 0.7905405405405406 0.5747583854462763 0.020270270270270285 0.025014212620807275
1 0.16173986486486486 0.9820920977828311 0.019425675675675685 0.018760659465605456
1 0.25717905405405406 0.6986924388857305 0.021114864864864885 0.03524729960204653
1 0.14695945945945946 0.9218305855599773 0.02533783783783783 0.03126776577600909
1 0.13640202702702703 0.9332006822057988 0.022804054054054057 0.028993746446844826
1 0.1440033783783784 0.5122228538942581 0.02787162162162163 0.032973280272882266
1 0.9641047297297297 0.5884025014212622 0.026182432432432456 0.03979533826037518
1 0.03209459459459459 0.1955656623081296 0.0152027027027027 0.03752131893121094
1 0.4552364864864865 0.5164866401364412 0.021959459459459485 0.028993746446844826
1 0.4670608108108108 0.5298465036952814 0.020270270270270285 0.027288231949971653
1 0.5730574324324325 0.5017055144968732 0.0278716216216216 0.04150085275724841
1 0.8137668918918919 0.5216031836270609 0.019425675675675658 0.03126776577600909
