1 0.5578547297297297 0.5849914724275156 0.019425675675675658 0.025014212620807275
1 0.10388513513513514 0.5602615122228539 0.02195945945945947 0.021034678794769723
1 0.40076013513513514 0.5380898237635019 0.019425675675675658 0.03126776577600909
1 0.13640202702702703 0.5602615122228539 0.03125 0.028993746446844826
1 0.9024493243243243 0.5392268334280841 0.019425675675675658 0.028993746446844715
1 0.3973817567567568 0.9801023308698125 0.0295608108108108 0.027288231949971542
1 0.43792229729729726 0.39653212052302445 0.0261824324324324 0.026719727117680447
1 0.8074324324324325 0.4985787379192723 0.023648648648648685 0.03524729960204659
1 0.8023648648648649 0.5341102899374646 0.02195945945945954 0.018760659465605456
1 0.10726351351351351 0.5685048322910744 0.028716216216216228 0.02046617396247863
1 0.13344594594594594 0.579874928936896 0.032094594594594614 0.022740193291642896
1 0.7753378378378378 0.5579874928936897 0.028716216216216228 0.03354178510517347
1 0.7681587837837838 0.572484366117112 0.021114864864864913 0.025014212620807275
1 0.16342905405405406 0.9843661171119955 0.019425675675675658 0.018760659465605456
1 0.26984797297297297 0.7049459920409324 0.021114864864864913 0.035247299602046644
1 0.16891891891891891 0.9320636725412166 0.02533783783783783 0.03126776577600909
1 0.15709459459459457 0.943433769187038 0.023648648648648657 0.028993746446844715
1 0.11782094594594594 0.5102330869812394 0.027871621621621614 0.033541785105173416
1 0.03209459459459459 0.21432632177373506 0.0152027027027027 0.03752131893121094
1 0.44003378378378377 0.5017055144968732 0.02195945945945943 0.02899374644684477
1 0.44341216216216217 0.5235929505400796 0.020270270270270285 0.027288231949971653
1 0.5494087837837838 0.4997157475838545 0.0278716216216216 0.0420693575895395
1 0.8023648648648649 0.5204661739624787 0.020270270270270285 0.03354178510517347
