1 0.5747466216216216 0.5849914724275156 0.019425675675675658 0.025014212620807275
1 0.13006756756756757 0.5579874928936897 0.021959459459459443 0.021034678794769834
1 0.4235641891891892 0.5380898237635019 0.019425675675675658 0.03126776577600909
1 0.16300675675675674 0.5602615122228539 0.0320945945945946 0.028993746446844826
1 0.8703547297297297 0.5392268334280841 0.019425675675675658 0.028993746446844715
1 0.3796452702702703 0.9801023308698125 0.0295608108108108 0.027288231949971542
1 0.41258445945945943 0.38203524729960203 0.0261824324324324 0.027288231949971598
1 0.7880067567567568 0.4985787379192723 0.023648648648648574 0.03524729960204659
1 0.7842060810810811 0.5318362706083002 0.022804054054054057 0.018760659465605456
1 0.13344594594594594 0.5665150653780557 0.028716216216216214 0.021034678794769723
1 0.16005067567567569 0.579874928936896 0.03125 0.022740193291642896
1 0.7529560810810811 0.5540079590676521 0.029560810810810856 0.028993746446844826
1 0.7364864864864864 0.572484366117112 0.020270270270270285 0.025014212620807275
1 0.16511824324324326 0.985218874360432 0.019425675675675685 0.017055144968732283
1 0.26984797297297297 0.7049459920409324 0.021114864864864913 0.035247299602046644
1 0.1883445945945946 0.9468447981807846 0.02533783783783783 0.03126776577600909
1 0.17652027027027029 0.9559408754974417 0.023648648648648657 0.028993746446844715
1 0.09248310810810811 0.5079590676520751 0.027871621621621614 0.033541785105173416
1 0.033783783783783786 0.23308698123934052 0.015202702702702704 0.037521318931210884
1 0.41047297297297297 0.507959067652075 0.02195945945945943 0.02899374644684477
1 0.4142736486486487 0.5216031836270608 0.021114864864864857 0.026719727117680447
1 0.5206925675675675 0.4997157475838545 0.0278716216216216 0.0420693575895395
1 0.7867398648648649 0.5184764070494599 0.01942567567567577 0.032973280272882266
