1 0.5916385135135135 0.58726549175668 0.019425675675675658 0.025014212620807275
1 0.1579391891891892 0.5559977259806708 0.021959459459459457 0.02046617396247863
1 0.44721283783783783 0.5380898237635019 0.019425675675675658 0.03126776577600909
1 0.1908783783783784 0.5602615122228539 0.0320945945945946 0.028993746446844826
1 0.8374155405405406 0.5392268334280841 0.019425675675675658 0.028993746446844715
1 0.3576858108108108 0.9747015349630472 0.0278716216216216 0.03354178510517347
1 0.3796452702702703 0.3695281409891984 0.026182432432432456 0.027288231949971598
1 0.7685810810810811 0.4985787379192723 0.023648648648648574 0.03524729960204659
1 0.7647804054054055 0.530130756111427 0.022804054054054057 0.018760659465605456
1 0.16005067567567566 0.5642410460488914 0.029560810810810828 0.021034678794769834
1 0.18665540540540543 0.579874928936896 0.0320945945945946 0.022740193291642896
1 0.7132601351351351 0.5548607163160887 0.0278716216216216 0.027288231949971653
1 0.7043918918918919 0.5747583854462763 0.020270270270270174 0.025014212620807275
1 0.16596283783783783 0.9872086412734509 0.019425675675675685 0.016486640136441078
1 0.26984797297297297 0.7049459920409324 0.021114864864864913 0.035247299602046644
1 0.060388513513513514 0.5039795338260376 0.02787162162162163 0.033541785105173416
1 0.033783783783783786 0.251847640704946 0.015202702702702704 0.037521318931210884
1 0.3817567567567568 0.507959067652075 0.021959459459459485 0.02899374644684477
1 0.38640202702702703 0.5173393973848778 0.021114864864864913 0.027288231949971653
1 0.49113175675675674 0.4997157475838545 0.0278716216216216 0.0420693575895395
1 0.7706925675675675 0.5142126208072769 0.019425675675675658 0.033541785105173416
