1 0.6478040540540541 0.5778851620238772 0.023648648648648685 0.026719727117680447
1 0.1841216216216216 0.5540079590676521 0.021959459459459457 0.021034678794769723
1 0.4864864864864865 0.5204661739624787 0.02027027027027023 0.028993746446844715
1 0.2170608108108108 0.5579874928936897 0.0320945945945946 0.028993746446844715
1 0.8576858108108109 0.5372370665150654 0.019425675675675658 0.02956225127913592
1 0.35430743243243246 0.3547470153496305 0.0261824324324324 0.027288231949971598
1 0.7888513513513513 0.49658897100625354 0.023648648648648685 0.035815804434337684
1 0.7918074324324325 0.522740193291643 0.021114864864864913 0.028993746446844826
1 0.18623310810810811 0.5642410460488914 0.0295608108108108 0.021034678794769834
1 0.21283783783783783 0.579874928936896 0.0320945945945946 0.022740193291642896
1 0.730152027027027 0.5466173962478681 0.0278716216216216 0.026719727117680447
1 0.7238175675675675 0.564525298465037 0.020270270270270285 0.025014212620807275
1 0.26984797297297297 0.7049459920409324 0.021114864864864913 0.035247299602046644
1 0.02829391891891892 0.5017055144968733 0.026182432432432432 0.033541785105173416
1 0.022804054054054057 0.8445139283683911 0.015202702702702704 0.026719727117680447
1 0.033783783783783786 0.27060830017055143 0.015202702702702704 0.03752131893121091
1 0.3703547297297297 0.4997157475838545 0.022804054054054057 0.029562251279135865
1 0.3669763513513513 0.515349630471859 0.021114864864864857 0.026719727117680447
1 0.47043918918918914 0.49772598067083573 0.02702702702702703 0.04150085275724846
1 0.792652027027027 0.5102330869812394 0.01942567567567577 0.033541785105173416
