1 0.671875 0.5832859579306424 0.019425675675675658 0.025014212620807275
1 0.21199324324324326 0.5517339397384877 0.021959459459459457 0.021034678794769834
1 0.5122466216216216 0.5216031836270609 0.019425675675675658 0.03126776577600909
1 0.24324324324324323 0.5579874928936897 0.03209459459459457 0.028993746446844715
1 0.8315033783783784 0.5392268334280841 0.019425675675675658 0.028993746446844715
1 0.3293918918918919 0.3402501421262081 0.02702702702702703 0.026719727117680503
1 0.7778716216216216 0.49658897100625354 0.023648648648648685 0.035815804434337684
1 0.7808277027027026 0.527003979533826 0.021114864864864802 0.025014212620807275
1 0.21410472972972971 0.5622512791358727 0.029560810810810828 0.02046617396247863
1 0.24070945945945946 0.579874928936896 0.03209459459459457 0.022740193291642896
1 0.7010135135135135 0.5466173962478681 0.027027027027026973 0.026719727117680447
1 0.6963682432432432 0.5662308129619101 0.021114864864864802 0.025014212620807275
1 0.26984797297297297 0.7049459920409324 0.021114864864864913 0.035247299602046644
1 0.04307432432432433 0.8675383740761797 0.015202702702702707 0.027288231949971542
1 0.033783783783783786 0.2870949403069926 0.015202702702702704 0.03752131893121091
1 0.34966216216216217 0.49772598067083573 0.02195945945945943 0.028993746446844826
1 0.3517736486486487 0.515349630471859 0.021114864864864857 0.026719727117680447
1 0.4548141891891892 0.49545196134167135 0.0278716216216216 0.04150085275724841
1 0.519847972972973 0.5048322910744741 0.021114864864864802 0.03524729960204659
1 0.7816722972972973 0.5142126208072769 0.019425675675675658 0.033541785105173416
