1 0.7166385135135135 0.5810119386014782 0.019425675675675658 0.025014212620807275
1 0.265625 0.5486071631608869 0.021114864864864913 0.022740193291642896
1 0.5620777027027026 0.5184764070494599 0.022804054054054057 0.02956225127913592
1 0.2977195945945946 0.5591245025582717 0.0295608108108108 0.026719727117680447
1 0.7749155405405406 0.5434906196702671 0.019425675675675658 0.02956225127913592
1 0.27618243243243246 0.3234792495736214 0.025337837837837884 0.03524729960204659
1 0.7533783783783784 0.49658897100625354 0.023648648648648685 0.035815804434337684
1 0.754222972972973 0.5321205230244457 0.023648648648648574 0.022740193291643007
1 0.2677364864864865 0.5622512791358727 0.025337837837837884 0.02046617396247863
1 0.2960304054054054 0.5778851620238772 0.0295608108108108 0.023308698123934102
1 0.6499155405405406 0.542353610005685 0.0278716216216216 0.027288231949971653
1 0.6389358108108107 0.564525298465037 0.021114864864864802 0.025014212620807275
1 0.26984797297297297 0.7049459920409324 0.021114864864864913 0.035247299602046644
1 0.07559121621621621 0.8922683342808413 0.019425675675675685 0.03126776577600909
1 0.028716216216216218 0.32461625923820353 0.016891891891891893 0.03752131893121091
1 0.2892736486486487 0.49545196134167135 0.021114864864864857 0.02899374644684477
1 0.29054054054054057 0.5133598635588402 0.02027027027027023 0.027288231949971598
1 0.39315878378378377 0.49658897100625354 0.026182432432432456 0.039226833428084085
1 0.5684121621621621 0.5017055144968733 0.020270270270270285 0.033541785105173416
1 0.7554898648648649 0.5204661739624787 0.01942567567567577 0.03354178510517347
0 0.03462837837837838 0.882035247299602 0.030405405405405404 0.04377487208641273
