1 0.3712121212121212 0.4030192131747484 0.02929292929292926 0.05215004574565413
1 0.7512626262626263 0.7090576395242452 0.03888888888888886 0.05672461116193961
1 0.6358585858585859 0.20265324794144557 0.033333333333333326 0.03934126258005488
1 0.6429292929292929 0.16697163769441903 0.025252525252525304 0.03568161024702654
1 0.2941919191919192 0.6184812442817932 0.030808080808080784 0.07136322049405308
1 0.752020202020202 0.056724611161939616 0.04040404040404044 0.04025617566331198
1 0.5414141414141415 0.8430924062214089 0.019191919191919204 0.06678865507776754
0 0.33459595959595956 0.312900274473925 0.04696969696969694 0.06038426349496795
0 0.33106060606060606 0.36001829826166515 0.051010101010101006 0.05032021957914001
0 0.3565656565656566 0.3764867337602928 0.033333333333333326 0.05397987191216835
