1 0.7402871621621622 0.5810119386014782 0.021114864864864913 0.025014212620807275
1 0.29434121621621623 0.5486071631608869 0.019425675675675658 0.022740193291642896
1 0.5865709459459459 0.515349630471859 0.026182432432432456 0.026719727117680447
1 0.3260135135135135 0.5599772598067083 0.02702702702702703 0.025014212620807275
1 0.7466216216216216 0.5415008527572485 0.02195945945945943 0.028993746446844826
1 0.2466216216216216 0.3092666287663445 0.0253378378378378 0.03524729960204659
1 0.7411317567567568 0.49772598067083573 0.024493243243243312 0.033541785105173416
1 0.7407094594594594 0.5332575326890279 0.023648648648648685 0.025014212620807275
1 0.2947635135135135 0.564525298465037 0.02027027027027023 0.025014212620807275
1 0.3272804054054054 0.5758953951108585 0.024493243243243257 0.022740193291643007
1 0.6203547297297298 0.5392268334280841 0.0278716216216216 0.028993746446844715
1 0.6144425675675675 0.5633882888004549 0.021114864864864913 0.027288231949971542
1 0.09755067567567569 0.9081864695849915 0.02111486486486487 0.03354178510517336
1 0.02322635135135135 0.34223990903922685 0.01942567567567567 0.03524729960204659
1 0.26309121621621623 0.4903354178510517 0.019425675675675658 0.03126776577600915
1 0.26309121621621623 0.5071063104036384 0.019425675675675658 0.027288231949971598
1 0.36359797297297297 0.4985787379192723 0.022804054054054057 0.03524729960204659
1 0.5933277027027026 0.49772598067083573 0.021114864864864802 0.033541785105173416
1 0.7432432432432432 0.5184764070494599 0.020270270270270285 0.032973280272882266
0 0.09797297297297297 0.928084138715179 0.0304054054054054 0.04377487208641273
