1 0.765625 0.5810119386014782 0.021114864864864913 0.025014212620807275
1 0.32179054054054057 0.5486071631608869 0.01689189189189194 0.022740193291642896
1 0.6157094594594594 0.5048322910744741 0.028716216216216228 0.02274019329164295
1 0.3547297297297297 0.5622512791358727 0.02364864864864863 0.02046617396247863
1 0.7183277027027026 0.5403638430926663 0.022804054054054057 0.026719727117680447
1 0.21748310810810811 0.29675952245594084 0.024493243243243257 0.03524729960204659
1 0.730152027027027 0.49971574758385445 0.024493243243243312 0.032973280272882266
1 0.7263513513513513 0.5332575326890279 0.023648648648648685 0.025014212620807275
1 0.32179054054054057 0.5653780557134735 0.01689189189189194 0.026719727117680447
1 0.3572635135135135 0.5736213757816941 0.02027027027027023 0.022740193291642896
1 0.5920608108108109 0.5363843092666287 0.028716216216216228 0.03126776577600909
1 0.5891047297297297 0.5633882888004549 0.021114864864864913 0.027288231949971542
1 0.12246621621621621 0.926947129050597 0.020270270270270258 0.03354178510517336
1 0.2377533783783784 0.4872086412734508 0.017736486486486486 0.032973280272882266
1 0.23690878378378377 0.5028425241614554 0.019425675675675685 0.026719727117680447
1 0.33403716216216217 0.5005685048322911 0.019425675675675658 0.03126776577600904
1 0.6182432432432432 0.4934621944286527 0.020270270270270285 0.029562251279135865
1 0.7322635135135136 0.5164866401364412 0.020270270270270285 0.033541785105173416
0 0.17905405405405406 0.9684479818078453 0.0304054054054054 0.04150085275724835
