1 0.7896959459459459 0.5810119386014782 0.02195945945945943 0.025014212620807275
1 0.35092905405405406 0.5446276293348493 0.01604729729729726 0.027288231949971542
1 0.6389358108108107 0.5028425241614554 0.026182432432432345 0.026719727117680447
1 0.38344594594594594 0.5579874928936897 0.023648648648648685 0.021034678794769834
1 0.6913006756756757 0.5383740761796476 0.0244932432432432 0.027288231949971542
1 0.2516891891891892 0.953951108584423 0.03209459459459463 0.032973280272882266
1 0.19552364864864863 0.28823194997157475 0.02449324324324323 0.035247299602046644
1 0.7183277027027027 0.5005685048322911 0.026182432432432456 0.03126776577600904
1 0.7136824324324325 0.5341102899374645 0.02533783783783783 0.026719727117680447
1 0.35304054054054057 0.5611142694712905 0.015202702702702686 0.027288231949971653
1 0.38766891891891897 0.5736213757816941 0.018581081081081086 0.022740193291642896
1 0.5629222972972974 0.5318362706083002 0.029560810810810856 0.03126776577600909
1 0.5641891891891893 0.5622512791358727 0.020270270270270285 0.02956225127913592
1 0.14611486486486486 0.9457077885162024 0.020270270270270258 0.03354178510517336
1 0.21283783783783783 0.4872086412734508 0.018581081081081086 0.032973280272882266
1 0.21494932432432434 0.5071063104036384 0.019425675675675685 0.027288231949971598
1 0.3015202702702703 0.5008527572484366 0.018581081081081086 0.027288231949971598
1 0.6431587837837838 0.4903354178510517 0.021114864864864913 0.026719727117680447
1 0.7212837837837838 0.5142126208072769 0.023648648648648685 0.033541785105173416
