1 0.8150337837837838 0.5810119386014782 0.02195945945945943 0.025014212620807275
1 0.3796452702702703 0.5363843092666287 0.017736486486486458 0.03126776577600909
1 0.6727195945945946 0.5028425241614554 0.026182432432432456 0.026719727117680447
1 0.41131756756756754 0.5517339397384877 0.02364864864864863 0.021034678794769834
1 0.6625844594594594 0.5383740761796476 0.026182432432432456 0.027288231949971542
1 0.23648648648648649 0.94968732234224 0.03209459459459457 0.03354178510517347
1 0.16638513513513514 0.2757248436611711 0.02533783783783783 0.035247299602046644
1 0.707347972972973 0.5017055144968732 0.026182432432432345 0.02899374644684477
1 0.6997466216216216 0.5341102899374645 0.0244932432432432 0.026719727117680447
1 0.3826013513513513 0.5548607163160887 0.015202702702702686 0.027288231949971653
1 0.4142736486486487 0.5778851620238772 0.017736486486486458 0.023308698123934102
1 0.5350506756756757 0.530130756111427 0.029560810810810745 0.03126776577600909
1 0.5392736486486487 0.5622512791358727 0.021114864864864802 0.02956225127913592
1 0.16849662162162163 0.9644684479818079 0.021114864864864857 0.03354178510517336
1 0.18623310810810811 0.4872086412734508 0.017736486486486486 0.032973280272882266
1 0.19130067567567566 0.511085844229676 0.019425675675675685 0.027288231949971598
1 0.2639358108108108 0.4985787379192723 0.017736486486486513 0.027288231949971598
1 0.667652027027027 0.4872086412734508 0.022804054054054057 0.025014212620807275
1 0.7103040540540541 0.5142126208072769 0.023648648648648685 0.033541785105173416
