1 0.7601351351351351 0.5707788516202388 0.023648648648648574 0.025014212620807275
1 0.8851351351351351 0.5289937464468448 0.015202702702702742 0.04150085275724846
1 0.8859797297297297 0.5517339397384877 0.016891891891891886 0.04150085275724835
1 0.8606418918918919 0.5090960773166572 0.016891891891891886 0.039226833428084085
1 0.3796452702702703 0.5443433769187038 0.017736486486486458 0.03126776577600909
1 0.6516047297297297 0.5008527572484366 0.026182432432432456 0.027288231949971598
1 0.40456081081081086 0.5559977259806708 0.02364864864864863 0.02046617396247863
1 0.5836148648648649 0.5341102899374645 0.027027027027027084 0.026719727117680447
1 0.19467905405405406 0.9184195565662308 0.03125 0.03354178510517347
1 0.13429054054054054 0.25696418419556566 0.02533783783783783 0.03524729960204662
1 0.7538006756756757 0.5329732802728824 0.022804054054054057 0.04604889141557711
1 0.6321790540540541 0.507959067652075 0.026182432432432456 0.02899374644684477
1 0.6342905405405406 0.5329732802728824 0.02533783783783783 0.028993746446844715
1 0.38091216216216217 0.5633882888004549 0.015202702702702686 0.027288231949971542
1 0.40456081081081086 0.5778851620238772 0.018581081081081086 0.023308698123934102
1 0.4670608108108108 0.530130756111427 0.028716216216216228 0.03126776577600909
1 0.47381756756756754 0.5602615122228539 0.02027027027027023 0.028993746446844826
1 0.16976351351351351 0.94968732234224 0.020270270270270285 0.03354178510517347
1 0.14907094594594594 0.4914724275156339 0.017736486486486486 0.033541785105173416
1 0.15498310810810811 0.515349630471859 0.019425675675675685 0.026719727117680447
1 0.22381756756756757 0.4985787379192723 0.018581081081081086 0.027288231949971598
1 0.6452702702702703 0.4872086412734508 0.02195945945945943 0.025014212620807275
1 0.636402027027027 0.5142126208072769 0.022804054054054057 0.033541785105173416
1 0.8458614864864865 0.46532120523024445 0.021114864864864913 0.04377487208641273
