1 0.7027027027027026 0.572484366117112 0.023648648648648574 0.025014212620807275
1 0.7820945945945945 0.5289937464468448 0.015202702702702742 0.04150085275724846
1 0.7850506756756757 0.5508811824900512 0.012668918918918859 0.03979533826037518
1 0.7592905405405406 0.5090960773166572 0.016891891891891886 0.039226833428084085
1 0.36570945945945943 0.5488914155770324 0.018581081081081086 0.03126776577600909
1 0.6182432432432432 0.5008527572484366 0.027027027027027084 0.027288231949971598
1 0.38344594594594594 0.5579874928936897 0.023648648648648685 0.021034678794769834
1 0.5071790540540541 0.5341102899374645 0.026182432432432456 0.026719727117680447
1 0.14442567567567566 0.8808982376350198 0.0320945945945946 0.03354178510517347
1 0.109375 0.25071063104036384 0.024493243243243257 0.03524729960204662
1 0.6410472972972973 0.5267197271176804 0.02195945945945943 0.04604889141557711
1 0.5671452702702703 0.5122228538942581 0.026182432432432456 0.029562251279135865
1 0.5608108108108107 0.5415008527572485 0.02533783783783783 0.028993746446844826
1 0.3669763513513513 0.5673678226264923 0.016047297297297314 0.027288231949971653
1 0.3859797297297297 0.5736213757816941 0.016891891891891886 0.022740193291642896
1 0.4045608108108108 0.530130756111427 0.028716216216216228 0.03126776577600909
1 0.4142736486486487 0.5579874928936897 0.021114864864864857 0.028993746446844715
1 0.1558277027027027 0.926947129050597 0.021114864864864885 0.03354178510517336
1 0.11275337837837837 0.49545196134167147 0.0177364864864865 0.033541785105173416
1 0.11613175675675676 0.519613416714042 0.019425675675675685 0.027288231949971542
1 0.18201013513513514 0.5008527572484366 0.017736486486486486 0.027288231949971598
1 0.6161317567567568 0.4872086412734508 0.022804054054054057 0.025014212620807275
1 0.5701013513513513 0.522740193291643 0.023648648648648685 0.03354178510517336
1 0.7639358108108107 0.46532120523024445 0.021114864864864802 0.04377487208641273
