1 0.7850506756756757 0.542353610005685 0.0346283783783784 0.03979533826037529
1 0.6756756756756757 0.5770324047754406 0.023648648648648685 0.025014212620807275
1 0.6875 0.5329732802728824 0.01520270270270263 0.04150085275724835
1 0.6849662162162162 0.5486071631608869 0.011824324324324342 0.03979533826037529
1 0.6511824324324325 0.5133598635588402 0.016891891891891886 0.039795338260375235
1 0.3779560810810811 0.5631040363843092 0.017736486486486513 0.03126776577600909
1 0.5891047297297297 0.49658897100625354 0.026182432432432456 0.026719727117680447
1 0.39020270270270274 0.5579874928936897 0.02364864864864863 0.021034678794769834
1 0.42778716216216217 0.5341102899374645 0.026182432432432456 0.026719727117680447
1 0.022381756756756754 0.37151790790221717 0.03462837837837837 0.04377487208641273
1 0.0945945945945946 0.8413871517907903 0.032094594594594586 0.032973280272882266
1 0.05827702702702703 0.21546333143831725 0.023648648648648657 0.02274019329164298
1 0.5536317567567568 0.5477544059124503 0.022804054054054057 0.046048891415577
1 0.49619932432432434 0.507959067652075 0.026182432432432456 0.02899374644684477
1 0.484375 0.5352472996020466 0.0244932432432432 0.028993746446844826
1 0.37668918918918914 0.5758953951108585 0.015202702702702686 0.027288231949971542
1 0.38766891891891897 0.5758953951108585 0.018581081081081086 0.022740193291643007
1 0.32390202702702703 0.5380898237635019 0.029560810810810856 0.03126776577600909
1 0.3205236486486487 0.5579874928936897 0.024493243243243257 0.028993746446844715
1 0.15329391891891891 0.9184195565662308 0.021114864864864857 0.03354178510517347
1 0.05701013513513513 0.5039795338260376 0.01773648648648648 0.033541785105173416
1 0.05363175675675676 0.5298465036952814 0.01942567567567568 0.027288231949971653
1 0.10726351351351351 0.5008527572484366 0.018581081081081086 0.027288231949971598
1 0.6000844594594594 0.4872086412734508 0.021114864864864913 0.025014212620807275
1 0.49493243243243246 0.5184764070494599 0.023648648648648685 0.032973280272882266
1 0.7195945945945945 0.4630471859010802 0.020270270270270285 0.04377487208641273
