1 0.7242398648648649 0.542353610005685 0.0346283783783784 0.03979533826037529
1 0.6756756756756757 0.5707788516202388 0.023648648648648685 0.025014212620807275
1 0.6613175675675675 0.5289937464468448 0.015202702702702742 0.04150085275724846
1 0.6583614864864864 0.5477544059124503 0.01266891891891897 0.04150085275724846
1 0.6148648648648649 0.5133598635588402 0.016891891891891886 0.039795338260375235
1 0.3889358108108108 0.5528709494030699 0.017736486486486513 0.03126776577600909
1 0.5755912162162162 0.4903354178510517 0.026182432432432456 0.026719727117680447
1 0.40456081081081086 0.5559977259806708 0.02364864864864863 0.02046617396247863
1 0.40033783783783783 0.5321205230244457 0.02702702702702703 0.027288231949971542
1 0.02660472972972973 0.35076748152359294 0.03462837837837838 0.043206367254121636
1 0.09628378378378379 0.8351335986355883 0.0320945945945946 0.032973280272882266
1 0.048986486486486486 0.19670267197271177 0.02364864864864865 0.02274019329164295
1 0.5160472972972973 0.5392268334280841 0.02195945945945943 0.04604889141557711
1 0.47804054054054057 0.5059693007390563 0.02702702702702703 0.029562251279135865
1 0.46621621621621623 0.5309835133598635 0.02533783783783783 0.02956225127913592
1 0.39569256756756754 0.5696418419556566 0.019425675675675713 0.027288231949971542
1 0.40456081081081086 0.5716316088686754 0.018581081081081086 0.023308698123934102
1 0.2934966216216216 0.5363843092666287 0.0295608108108108 0.03126776577600909
1 0.2939189189189189 0.5559977259806708 0.02533783783783783 0.02956225127913592
1 0.17398648648648649 0.9289368959636157 0.020270270270270285 0.032973280272882266
1 0.03631756756756757 0.5017055144968733 0.01858108108108108 0.033541785105173416
1 0.03589527027027027 0.5298465036952814 0.019425675675675675 0.027288231949971653
1 0.08361486486486486 0.5008527572484366 0.01858108108108107 0.027288231949971598
1 0.6085304054054055 0.4872086412734508 0.021114864864864802 0.025014212620807275
1 0.4755067567567568 0.5142126208072769 0.02364864864864863 0.033541785105173416
1 0.7014358108108107 0.4630471859010802 0.021114864864864802 0.04377487208641273
