1 0.7293074324324325 0.557134735645253 0.0346283783783784 0.03979533826037518
1 0.6765202702702703 0.5633882888004549 0.023648648648648685 0.027288231949971542
1 0.6309121621621622 0.5204661739624786 0.01520270270270263 0.04150085275724841
1 0.6279560810810811 0.545480386583286 0.01266891891891897 0.04150085275724835
1 0.5815033783783783 0.511085844229676 0.01604729729729726 0.039795338260375235
1 0.4016047297297297 0.5380898237635019 0.017736486486486458 0.03126776577600909
1 0.5519425675675675 0.48209209778283113 0.026182432432432456 0.027288231949971598
1 0.4197635135135135 0.5517339397384877 0.02364864864864863 0.021034678794769834
1 0.36951013513513514 0.5298465036952814 0.026182432432432456 0.027288231949971653
1 0.032516891891891886 0.32774303581580444 0.03462837837837837 0.04377487208641273
1 0.09881756756756757 0.8308698123934053 0.0320945945945946 0.03354178510517347
1 0.03885135135135136 0.17794201250710628 0.02364864864864865 0.02274019329164298
1 0.4856418918918919 0.5434906196702671 0.02195945945945943 0.0454803865832859
1 0.46157094594594594 0.5017055144968732 0.026182432432432456 0.02899374644684477
1 0.44679054054054057 0.5267197271176804 0.025337837837837884 0.028993746446844715
1 0.3994932432432432 0.5653780557134735 0.021959459459459485 0.026719727117680447
1 0.4210304054054054 0.5673678226264923 0.017736486486486458 0.022740193291642896
1 0.26815878378378377 0.5309835133598635 0.0295608108108108 0.02956225127913592
1 0.27111486486486486 0.5528709494030699 0.020270270270270285 0.026719727117680447
1 0.19467905405405406 0.9371802160318363 0.021114864864864857 0.03354178510517347
1 0.016891891891891893 0.49971574758385445 0.01858108108108108 0.032973280272882266
1 0.016469594594594593 0.5298465036952814 0.019425675675675675 0.027288231949971653
1 0.05869932432432433 0.5008527572484366 0.017736486486486493 0.027288231949971598
1 0.6152871621621622 0.4872086412734508 0.021114864864864913 0.025014212620807275
1 0.4560810810810811 0.5102330869812394 0.023648648648648685 0.033541785105173416
1 0.6836993243243243 0.46134167140420695 0.021114864864864913 0.04377487208641273
