1 0.7157939189189189 0.5633882888004549 0.0346283783783784 0.03979533826037518
1 0.6836993243243243 0.5528709494030699 0.021114864864864913 0.03581580443433774
1 0.6013513513513513 0.5142126208072768 0.015202702702702742 0.04150085275724841
1 0.5988175675675675 0.5434906196702671 0.011824324324324342 0.04206935758953956
1 0.5540540540540541 0.5071063104036384 0.016891891891891886 0.039795338260375235
1 0.41680743243243246 0.5466173962478682 0.017736486486486458 0.03126776577600909
1 0.5211148648648649 0.47981807845366686 0.027027027027027084 0.027288231949971542
1 0.4366554054054054 0.5477544059124503 0.02364864864864863 0.021034678794769723
1 0.34881756756756754 0.5278567367822626 0.02702702702702703 0.026719727117680447
1 0.030827702702702704 0.308982376350199 0.03462837837837838 0.04377487208641273
1 0.09037162162162163 0.820636725412166 0.032094594594594586 0.03354178510517336
1 0.03631756756756757 0.15491756679931779 0.02364864864864865 0.023308698123934046
1 0.4619932432432432 0.5466173962478681 0.021959459459459485 0.048322910744741376
1 0.44890202702702703 0.5017055144968732 0.026182432432432456 0.02899374644684477
1 0.4358108108108108 0.5267197271176804 0.02533783783783783 0.028993746446844715
1 0.41554054054054057 0.5633882888004549 0.015202702702702686 0.027288231949971542
1 0.43918918918918914 0.5673678226264923 0.018581081081081086 0.022740193291642896
1 0.2516891891891892 0.5403638430926663 0.028716216216216228 0.03126776577600909
1 0.24873310810810811 0.5508811824900512 0.02111486486486483 0.027288231949971542
1 0.6266891891891893 0.4872086412734508 0.020270270270270285 0.025014212620807275
1 0.4451013513513513 0.5102330869812394 0.02364864864864863 0.033541785105173416
1 0.6739864864864864 0.46134167140420695 0.020270270270270285 0.04377487208641273
