1 0.7086148648648649 0.5758953951108585 0.035472972972972916 0.03979533826037518
1 0.6921452702702703 0.5466173962478681 0.021114864864864913 0.039226833428084085
1 0.5878378378378378 0.5102330869812394 0.01858108108108114 0.04150085275724846
1 0.5869932432432432 0.5412166003411029 0.016891891891891886 0.03752131893121091
1 0.535472972972973 0.5071063104036384 0.016891891891891997 0.039795338260375235
1 0.43496621621621623 0.5380898237635019 0.018581081081081086 0.03126776577600909
1 0.5088682432432432 0.48209209778283113 0.0261824324324324 0.027288231949971598
1 0.4543918918918919 0.5415008527572485 0.023648648648648685 0.021034678794769723
1 0.33783783783783783 0.525866969869244 0.02702702702702703 0.027288231949971542
1 0.030827702702702704 0.2839681637293917 0.03462837837837838 0.04377487208641273
1 0.07685810810810811 0.8081296191017624 0.032094594594594586 0.03354178510517336
1 0.03631756756756757 0.1299033541785105 0.02364864864864865 0.023308698123934046
1 0.4421452702702703 0.5434906196702672 0.021114864864864857 0.05002842524161455
1 0.44341216216216217 0.5017055144968732 0.02702702702702703 0.02899374644684477
1 0.4328547297297297 0.5267197271176804 0.024493243243243257 0.028993746446844715
1 0.43496621621621623 0.5548607163160887 0.015202702702702686 0.027288231949971653
1 0.4586148648648649 0.5611142694712905 0.018581081081081086 0.022740193291642896
1 0.2352195945945946 0.5380898237635019 0.0295608108108108 0.03126776577600909
1 0.22930743243243243 0.5548607163160887 0.021114864864864857 0.027288231949971653
1 0.6389358108108107 0.48493462194428655 0.021114864864864802 0.025014212620807275
1 0.4375 0.5102330869812394 0.023648648648648685 0.033541785105173416
1 0.6739864864864864 0.46134167140420695 0.020270270270270285 0.04377487208641273
