1 0.6862331081081081 0.5903922683342808 0.03462837837837829 0.039226833428084085
1 0.7022804054054055 0.5466173962478681 0.022804054054054057 0.03581580443433774
1 0.5789695945945946 0.5071063104036384 0.019425675675675658 0.039795338260375235
1 0.5802364864864865 0.5403638430926663 0.02195945945945943 0.03581580443433774
1 0.5181587837837838 0.5071063104036384 0.017736486486486402 0.039795338260375235
1 0.4514358108108108 0.530130756111427 0.017736486486486513 0.03126776577600909
1 0.5059121621621622 0.4860716316088687 0.02702702702702703 0.027288231949971542
1 0.4695945945945946 0.5329732802728824 0.02364864864864863 0.021034678794769834
1 0.32390202702702703 0.5216031836270608 0.026182432432432456 0.026719727117680447
1 0.032516891891891886 0.2549744172825469 0.03462837837837837 0.0437748720864127
1 0.0625 0.7956225127913588 0.0320945945945946 0.03354178510517336
1 0.03631756756756757 0.10488914155770324 0.02364864864864865 0.02330869812393406
1 0.4227195945945946 0.5403638430926663 0.021114864864864857 0.05173393973848772
1 0.4362331081081081 0.5017055144968732 0.026182432432432456 0.02899374644684477
1 0.42989864864864863 0.5267197271176804 0.02533783783783783 0.028993746446844715
1 0.4543918918918919 0.5520181921546333 0.015202702702702742 0.025014212620807275
1 0.47508445945945943 0.5528709494030699 0.017736486486486458 0.023308698123934102
1 0.20988175675675674 0.5380898237635019 0.029560810810810828 0.03126776577600909
1 0.20988175675675674 0.5579874928936897 0.021114864864864885 0.028993746446844715
1 0.6570945945945945 0.4840818646958499 0.020270270270270285 0.026719727117680503
1 0.43243243243243246 0.5102330869812394 0.02364864864864863 0.033541785105173416
1 0.6739864864864864 0.46134167140420695 0.020270270270270285 0.04377487208641273
