1 0.7250844594594594 0.6154064809550881 0.0346283783783784 0.048322910744741376
1 0.7504222972972974 0.5508811824900512 0.0346283783783784 0.035247299602046644
1 0.5954391891891893 0.5193291642978966 0.027027027027027084 0.03126776577600909
1 0.5920608108108107 0.5352472996020466 0.023648648648648574 0.028993746446844826
1 0.5240709459459459 0.511085844229676 0.029560810810810745 0.03524729960204659
1 0.49282094594594594 0.5415008527572485 0.0329391891891892 0.028993746446844826
1 0.5177364864864865 0.4934621944286527 0.03378378378378377 0.029562251279135865
1 0.5236486486486487 0.5497441728254691 0.03209459459459463 0.0454803865832859
1 0.3044763513513513 0.5224559408754974 0.034628378378378344 0.03752131893121091
1 0.03251689189189189 0.2268334280841387 0.026182432432432432 0.04206935758953953
1 0.05236486486486487 0.7913587265491757 0.030405405405405407 0.03752131893121091
1 0.033783783783783786 0.07134735645252985 0.03209459459459459 0.04377487208641273
1 0.4206081081081081 0.545480386583286 0.02533783783783783 0.04150085275724835
1 0.4341216216216216 0.5039795338260376 0.03378378378378377 0.033541785105173416
1 0.4328547297297297 0.5216031836270608 0.036317567567567544 0.026719727117680447
1 0.4898648648648649 0.5537237066515065 0.02702702702702703 0.025014212620807275
1 0.5190033783783784 0.5568504832291075 0.0244932432432432 0.03126776577600909
1 0.19130067567567566 0.5309835133598635 0.03293918918918917 0.032973280272882266
1 0.19172297297297297 0.5551449687322343 0.02364864864864863 0.03126776577600909
1 0.6997466216216216 0.4829448550312678 0.019425675675675658 0.028993746446844826
1 0.4265202702702703 0.5102330869812394 0.02364864864864863 0.033541785105173416
1 0.6739864864864864 0.46134167140420695 0.020270270270270285 0.04377487208641273
