4 0.5640732265446224 0.7666666666666666 0.06483600305110604 0.09595959595959591
4 0.4843630816170862 0.7926767676767676 0.0778032036613272 0.11464646464646466
4 0.10030511060259345 0.645959595959596 0.07398932112890923 0.108080808080808
4 0.04080854309687262 0.6406565656565657 0.08161708619374523 0.10656565656565664
4 0.4347826086956522 0.8762626262626263 0.07932875667429445 0.0565656565656566
4 0.4229595728451564 0.9272727272727272 0.0999237223493516 0.05858585858585863
4 0.33714721586575136 0.6406565656565657 0.09153318077803202 0.10252525252525257
4 0.406559877955759 0.6323232323232323 0.061022120518687994 0.08989898989898992
4 0.4591914569031274 0.647979797979798 0.06712433257055683 0.09595959595959602
4 0.5320366132723112 0.6439393939393939 0.07093821510297477 0.09191919191919196
4 0.5869565217391304 0.646969696969697 0.06941266209000763 0.10606060606060597
4 0.660183066361556 0.6376262626262627 0.05720823798627006 0.1045454545454545
4 0.7120518688024409 0.6323232323232324 0.06636155606407323 0.09393939393939388
4 0.7883295194508009 0.6386363636363637 0.055682684973302865 0.09343434343434343
4 0.8520213577421816 0.646969696969697 0.06254767353165525 0.09797979797979806
4 0.919908466819222 0.6449494949494949 0.06254767353165525 0.09393939393939399
4 0.9725400457665905 0.6396464646464646 0.04271548436308159 0.12878787878787878
4 0.6205186880244089 0.7876262626262627 0.07551487414187641 0.0914141414141415
4 0.6762013729977117 0.7876262626262627 0.07246376811594202 0.11262626262626263
4 0.7086193745232647 0.7792929292929294 0.06254767353165513 0.10404040404040404
4 0.2135774218154081 0.7792929292929293 0.07475209763539287 0.08383838383838382
4 0.15865751334858885 0.7886363636363636 0.06559877955758961 0.0853535353535354
4 0.11289092295957284 0.7929292929292929 0.06864988558352403 0.09393939393939399
4 0.07093821510297482 0.7886363636363636 0.06559877955758962 0.08131313131313134
4 0.7543859649122807 0.7929292929292929 0.06559877955758964 0.09393939393939399
4 0.02860411899313501 0.793939393939394 0.05263157894736842 0.09191919191919196
1 0.28642257818459194 0.5520202020202021 0.034324942791762014 0.033333333333333326
1 0.4794050343249428 0.4810606060606061 0.05720823798627006 0.050000000000000044
4 0.437070938215103 0.7866161616161615 0.053394355453852016 0.0853535353535354
