4 0.5655987795575896 0.7749999999999999 0.05110602593440117 0.0792929292929293
4 0.4820747520976354 0.7919191919191919 0.06559877955758964 0.09191919191919196
4 0.09420289855072464 0.6416666666666666 0.05568268497330282 0.0914141414141415
4 0.03356216628527841 0.6449494949494949 0.06559877955758962 0.08989898989898992
4 0.43135011441647597 0.872979797979798 0.06636155606407323 0.04595959595959598
4 0.4252479023646072 0.9252525252525252 0.08771929824561403 0.054545454545454564
4 0.33714721586575136 0.6446969696969698 0.08085430968726165 0.0853535353535354
4 0.406559877955759 0.6366161616161616 0.053394355453852016 0.08131313131313134
4 0.458047292143402 0.6426767676767677 0.05568268497330281 0.0853535353535354
4 0.5324180015255531 0.6492424242424242 0.05949656750572074 0.08131313131313134
4 0.5850495804729214 0.647979797979798 0.06254767353165525 0.09595959595959602
4 0.6571319603356216 0.6376262626262627 0.05110602593440128 0.09141414141414139
4 0.7105263157894737 0.6313131313131313 0.05263157894736836 0.09191919191919184
4 0.7902364607170099 0.6406565656565657 0.04729214340198329 0.08131313131313134
4 0.8497330282227307 0.6426767676767677 0.05034324942791757 0.0853535353535354
4 0.9241037376048817 0.6416666666666666 0.05415713196033567 0.08333333333333337
4 0.973302822273074 0.643939393939394 0.041189931350114395 0.10404040404040404
4 0.6197559115179252 0.7845959595959595 0.05415713196033567 0.07727272727272727
4 0.6704805491990846 0.7853535353535354 0.054919908466819156 0.09595959595959602
4 0.7067124332570557 0.7823232323232323 0.04958047292143397 0.09797979797979806
4 0.20671243325705568 0.7866161616161615 0.0579710144927536 0.0732323232323232
4 0.15903890160183065 0.7929292929292929 0.052631578947368446 0.07676767676767682
4 0.11250953470633104 0.7886363636363636 0.054157131960335614 0.07727272727272727
4 0.07055682684973302 0.7896464646464647 0.05263157894736841 0.0792929292929293
4 0.7551487414187643 0.7906565656565656 0.05491990846681927 0.08939393939393947
4 0.02936689549961861 0.7919191919191919 0.043478260869565216 0.07474747474747478
4 0.007627765064836003 0.7969696969696969 0.015255530129672006 0.0565656565656566
1 0.5961098398169337 0.5595959595959596 0.037376048817696406 0.03131313131313129
1 0.7604881769641495 0.48838383838383836 0.0442410373760489 0.03131313131313135
