4 0.5671243325705568 0.7823232323232323 0.04347826086956519 0.06464646464646462
4 0.4832189168573608 0.793939393939394 0.055682684973302865 0.07474747474747478
4 0.09229595728451565 0.6396464646464646 0.045766590389016024 0.0792929292929293
4 0.030129672006102212 0.646969696969697 0.05263157894736842 0.07676767676767682
4 0.429443173150267 0.8689393939393939 0.05644546147978646 0.04191919191919191
4 0.4260106788710908 0.922979797979798 0.08009153318077805 0.050000000000000044
4 0.33981693363844395 0.6457070707070707 0.07246376811594202 0.0792929292929293
4 0.4073226544622426 0.6406565656565657 0.04576659038901604 0.07727272727272727
4 0.45537757437070936 0.6416666666666666 0.050343249427917625 0.0792929292929293
4 0.5320366132723112 0.6512626262626262 0.05110602593440117 0.07727272727272727
4 0.5827612509534706 0.647979797979798 0.06102212051868805 0.08787878787878789
4 0.6559877955758963 0.6396464646464646 0.048817696414950484 0.08737373737373744
4 0.7101449275362319 0.6323232323232324 0.04881769641495037 0.09393939393939388
4 0.7913806254767353 0.6416666666666666 0.045003813882532495 0.0792929292929293
4 0.8466819221967963 0.6416666666666666 0.044241037376048786 0.08333333333333337
4 0.927536231884058 0.6396464646464646 0.04729214340198329 0.07525252525252524
4 0.9729214340198322 0.646969696969697 0.0389016018306636 0.08585858585858586
4 0.6197559115179252 0.7835858585858586 0.03737604881769652 0.07525252525252524
4 0.6655225019069413 0.7845959595959596 0.04347826086956519 0.08939393939393936
4 0.7059496567505721 0.7863636363636364 0.0404271548436308 0.09797979797979806
4 0.2028985507246377 0.7929292929292929 0.0488176964149504 0.06464646464646462
4 0.16018306636155605 0.796969696969697 0.04576659038901601 0.07272727272727275
4 0.11403508771929824 0.7866161616161615 0.04347826086956523 0.06414141414141417
4 0.07017543859649122 0.7916666666666667 0.044241037376048814 0.0792929292929293
4 0.7566742944317315 0.7886363636363636 0.04729214340198329 0.09343434343434354
4 0.030129672006102212 0.7898989898989899 0.04195270785659802 0.07070707070707072
1 0.8920671243325705 0.5583333333333333 0.0404271548436308 0.050000000000000044
1 0.7501906941266209 0.5489898989898989 0.0404271548436308 0.05252525252525253
