4 0.5663615560640732 0.7803030303030303 0.05263157894736836 0.07676767676767682
4 0.4858886346300534 0.794949494949495 0.06102212051868805 0.08080808080808088
4 0.4378337147215866 0.7949494949494949 0.03813882532418006 0.05252525252525253
4 0.10030511060259344 0.6386363636363637 0.060259344012204424 0.07727272727272727
4 0.034324942791762014 0.6406565656565657 0.06102212051868802 0.08131313131313134
4 0.4302059496567506 0.8638888888888889 0.06407322654462244 0.05202020202020197
4 0.42105263157894735 0.921969696969697 0.08237986270022885 0.04797979797979801
4 0.34134248665141115 0.6396464646464647 0.07551487414187641 0.09545454545454546
4 0.4073226544622426 0.6396464646464646 0.04881769641495043 0.0792929292929293
4 0.45385202135774216 0.6446969696969698 0.0579710144927536 0.0853535353535354
4 0.5301296720061022 0.6426767676767677 0.05339435545385196 0.08939393939393947
4 0.5831426392067125 0.6457070707070707 0.06941266209000763 0.08333333333333337
4 0.6567505720823799 0.6409090909090909 0.05034324942791768 0.09797979797979794
4 0.7112890922959574 0.6353535353535353 0.06788710907704043 0.09999999999999998
4 0.7898550724637681 0.6376262626262627 0.058733790999237256 0.09141414141414139
4 0.8432494279176201 0.641919191919192 0.05720823798626995 0.09999999999999998
4 0.9260106788710908 0.6416666666666666 0.04729214340198329 0.0792929292929293
4 0.9721586575133486 0.645959595959596 0.0389016018306636 0.09595959595959602
4 0.6205186880244089 0.7856060606060606 0.045003813882532495 0.08737373737373744
4 0.6636155606407323 0.7896464646464647 0.044241037376048786 0.10858585858585867
4 0.7070938215102975 0.7906565656565656 0.04271548436308159 0.11464646464646466
4 0.20709382151029748 0.7898989898989899 0.057208237986270005 0.06666666666666665
4 0.15827612509534705 0.793939393939394 0.05415713196033564 0.07474747474747478
4 0.11594202898550723 0.7876262626262627 0.04729214340198322 0.07525252525252524
4 0.06903127383676583 0.7916666666666667 0.046529366895499615 0.08737373737373744
4 0.7574370709382151 0.7843434343434343 0.048817696414950484 0.09797979797979806
4 0.028985507246376812 0.7896464646464647 0.057971014492753624 0.08737373737373744
1 0.4206712433257056 0.5583333333333333 0.03890160183066366 0.050000000000000044
