4 0.5663615560640732 0.7866161616161615 0.04195270785659799 0.0601010101010101
4 0.48016781083142646 0.794949494949495 0.046529366895499635 0.056565656565656486
4 0.4378337147215866 0.7949494949494949 0.03813882532418006 0.05252525252525253
1 0.10373760488176964 0.47474747474747475 0.024408848207475214 0.033333333333333326
1 0.3093058733790999 0.5540404040404041 0.03279938977879482 0.03737373737373739
4 0.09191456903127383 0.6396464646464646 0.043478260869565216 0.058080808080808066
4 0.03241800152555301 0.6429292929292929 0.04042715484363081 0.06060606060606055
4 0.4302059496567506 0.8669191919191919 0.06407322654462244 0.04595959595959587
4 0.42105263157894735 0.921969696969697 0.08237986270022885 0.04797979797979801
4 0.33562166285278416 0.6396464646464646 0.061022120518687994 0.07121212121212117
4 0.4069412662090008 0.645959595959596 0.037376048817696406 0.06262626262626259
4 0.45461479786422576 0.647979797979798 0.04576659038901604 0.06262626262626259
4 0.5293668954996187 0.6419191919191919 0.04271548436308159 0.06262626262626259
4 0.5774218154080855 0.6426767676767677 0.044241037376048786 0.0732323232323232
4 0.6594202898550725 0.6429292929292929 0.045003813882532495 0.06464646464646462
4 0.7051868802440885 0.6396464646464646 0.04652936689549958 0.0671717171717171
4 0.7868039664378337 0.6373737373737374 0.0389016018306636 0.06666666666666665
4 0.8440122044241037 0.6429292929292929 0.04195270785659799 0.06464646464646462
4 0.9271548436308161 0.6386363636363637 0.0389016018306636 0.0601010101010101
4 0.9740655987795577 0.6449494949494949 0.03508771929824561 0.06060606060606055
4 0.6205186880244089 0.7825757575757575 0.03279938977879471 0.05606060606060603
4 0.6643783371472158 0.7909090909090909 0.03508771929824561 0.06060606060606055
4 0.7063310450038138 0.7929292929292929 0.033562166285278416 0.06464646464646462
4 0.20861937452326468 0.7866161616161615 0.04805491990846683 0.05606060606060603
4 0.1647597254004577 0.794949494949495 0.04118993135011442 0.056565656565656486
4 0.11670480549199085 0.795959595959596 0.04576659038901601 0.05858585858585852
4 0.07170099160945842 0.794949494949495 0.04118993135011441 0.06464646464646462
4 0.7623951182303585 0.7876262626262627 0.0389016018306636 0.07121212121212117
4 0.02974828375286041 0.7929292929292929 0.048817696414950415 0.07272727272727275
1 0.09191456903127383 0.551010101010101 0.034324942791762014 0.03131313131313129
