4 0.5667429443173151 0.7843434343434343 0.04881769641495037 0.06464646464646462
4 0.4843630816170862 0.8012626262626263 0.04424103737604884 0.05606060606060603
4 0.44050343249427915 0.795959595959596 0.04042715484363085 0.054545454545454564
4 0.3848207475209764 0.7095959595959596 0.08771929824561403 0.07272727272727275
0 0.7650648360030512 0.5356060606060606 0.04729214340198318 0.04595959595959598
1 0.43401983218916856 0.48333333333333334 0.030511060259344025 0.04141414141414146
1 0.5919145690312739 0.5553030303030303 0.03508771929824561 0.043939393939393945
1 0.8958810068649885 0.502020202020202 0.023646071700991533 0.025252525252525304
4 0.09191456903127385 0.645959595959596 0.04042715484363081 0.07474747474747478
4 0.03737604881769642 0.6499999999999999 0.04424103737604882 0.05858585858585863
4 0.43173150266971777 0.8669191919191919 0.06407322654462244 0.04191919191919202
4 0.42334096109839814 0.920959595959596 0.08085430968726165 0.04595959595959598
4 0.33867276887871856 0.647979797979798 0.0579710144927536 0.07070707070707072
4 0.41151792524790237 0.6449494949494949 0.0404271548436308 0.06464646464646462
4 0.458047292143402 0.645959595959596 0.04195270785659805 0.05858585858585852
4 0.5327993897787948 0.6449494949494949 0.04195270785659799 0.06868686868686869
4 0.5816170861937452 0.6439393939393939 0.04195270785659799 0.07070707070707072
4 0.6594202898550725 0.646969696969697 0.045003813882532495 0.06060606060606055
4 0.7070938215102975 0.6386363636363637 0.04881769641495037 0.0732323232323232
4 0.7913806254767353 0.6426767676767677 0.041952707856598104 0.0732323232323232
4 0.8470633104500381 0.6449494949494949 0.0389016018306636 0.06464646464646462
4 0.9279176201372997 0.6406565656565657 0.0404271548436308 0.0601010101010101
4 0.9759725400457666 0.6449494949494949 0.03279938977879482 0.06060606060606055
4 0.6205186880244089 0.7866161616161615 0.03585049580472932 0.0601010101010101
4 0.6670480549199085 0.7916666666666667 0.034324942791762014 0.054040404040404
4 0.7105263157894737 0.7909090909090909 0.03585049580472921 0.06868686868686869
4 0.20938215102974828 0.7886363636363636 0.04500381388253241 0.05606060606060603
4 0.1655225019069413 0.795959595959596 0.03966437833714723 0.06262626262626259
4 0.11823035850495804 0.795959595959596 0.04576659038901601 0.06262626262626259
4 0.07475209763539283 0.797979797979798 0.041189931350114416 0.06262626262626259
4 0.761632341723875 0.7886363636363636 0.0404271548436308 0.0732323232323232
4 0.03470633104500381 0.793939393939394 0.038901601830663615 0.06666666666666665
1 0.8897787948131197 0.5126262626262625 0.019069412662089946 0.02929292929292926
