4 0.26620900076277654 0.8939393939393939 0.07780320366132726 0.08383838383838382
1 0.2974828375286041 0.5166666666666666 0.02898550724637683 0.02929292929292926
1 0.2971014492753623 0.5 0.025171624713958785 0.025252525252525304
4 0.09229595728451565 0.6449494949494949 0.045766590389016024 0.06060606060606055
4 0.03356216628527841 0.646969696969697 0.06254767353165522 0.07272727272727275
4 0.4286803966437833 0.8712121212121212 0.050343249427917625 0.03333333333333344
4 0.4225781845919146 0.9282828282828284 0.06864988558352403 0.039393939393939426
4 0.3329519450800915 0.645959595959596 0.06178489702517159 0.06666666666666665
4 0.4073226544622426 0.6416666666666666 0.04881769641495043 0.0792929292929293
4 0.4565217391304348 0.6426767676767677 0.04958047292143403 0.0853535353535354
4 0.5331807780320366 0.645959595959596 0.04729214340198318 0.07474747474747478
4 0.5850495804729214 0.645959595959596 0.051868802440884876 0.07474747474747478
4 0.658276125095347 0.6416666666666666 0.04729214340198329 0.0792929292929293
4 0.7109077040427154 0.6386363636363637 0.04729214340198318 0.08131313131313134
4 0.7925247902364607 0.6416666666666666 0.0442410373760489 0.07525252525252524
4 0.84744469870328 0.6416666666666666 0.04271548436308159 0.0792929292929293
4 0.9267734553775744 0.6426767676767677 0.048817696414950484 0.0732323232323232
4 0.9717772692601068 0.6426767676767677 0.041189931350114395 0.0732323232323232
4 0.4836003051106026 0.7929292929292929 0.042715484363081646 0.06060606060606055
4 0.5709382151029748 0.7919191919191919 0.05110602593440117 0.07070707070707072
4 0.6178489702517163 0.7888888888888889 0.0442410373760489 0.06868686868686869
4 0.6678108314263921 0.793939393939394 0.04195270785659799 0.07474747474747478
4 0.7105263157894737 0.7886363636363636 0.04195270785659799 0.07727272727272727
4 0.20823798627002288 0.7919191919191919 0.04729214340198323 0.07070707070707072
4 0.16018306636155605 0.795959595959596 0.0488176964149504 0.06666666666666665
4 0.11365369946605644 0.795959595959596 0.05034324942791761 0.07070707070707072
4 0.06979405034324943 0.793939393939394 0.043478260869565216 0.07474747474747478
4 0.7574370709382151 0.7876262626262627 0.04576659038901609 0.07525252525252524
4 0.028985507246376812 0.794949494949495 0.04424103737604882 0.07272727272727275
