1 0.6655225019069413 0.2573232323232323 0.023646071700991644 0.047979797979797956
1 0.03089244851258581 0.5583333333333333 0.02974828375286041 0.037878787878787845
4 0.09534706331045004 0.646969696969697 0.04118993135011442 0.06464646464646462
4 0.039282990083905414 0.651010101010101 0.054157131960335614 0.06464646464646462
4 0.43173150266971777 0.8689393939393939 0.06102212051868805 0.037878787878787956
4 0.4271548436308162 0.921969696969697 0.0778032036613272 0.05202020202020208
4 0.33867276887871856 0.645959595959596 0.06407322654462244 0.06666666666666665
4 0.4073226544622426 0.6373737373737374 0.04881769641495043 0.06262626262626259
4 0.458047292143402 0.645959595959596 0.03890160183066366 0.06666666666666665
4 0.5308924485125859 0.6406565656565657 0.04271548436308159 0.0601010101010101
4 0.5816170861937453 0.651010101010101 0.045003813882532495 0.06464646464646462
4 0.658276125095347 0.645959595959596 0.04729214340198329 0.07070707070707072
4 0.7120518688024409 0.6376262626262627 0.045003813882532384 0.08737373737373733
4 0.7925247902364607 0.6416666666666666 0.0442410373760489 0.07525252525252524
4 0.8463005339435545 0.6429292929292929 0.04347826086956519 0.06868686868686869
4 0.9309687261632342 0.645959595959596 0.04042715484363091 0.06666666666666665
4 0.9736842105263158 0.645959595959596 0.037376048817696406 0.06262626262626259
4 0.4836003051106026 0.7929292929292929 0.042715484363081646 0.06060606060606055
4 0.5709382151029748 0.7919191919191919 0.05110602593440117 0.07070707070707072
4 0.6212814645308925 0.7909090909090909 0.034324942791762014 0.06060606060606055
4 0.6655225019069413 0.793939393939394 0.037376048817696406 0.06666666666666665
4 0.7105263157894737 0.7856060606060606 0.04195270785659799 0.09141414141414139
4 0.20823798627002288 0.7898989898989899 0.04729214340198323 0.06666666666666665
4 0.16209000762776507 0.796969696969697 0.05263157894736842 0.06464646464646462
4 0.11441647597254004 0.795959595959596 0.048817696414950415 0.07070707070707072
4 0.06903127383676583 0.793939393939394 0.04500381388253241 0.07474747474747478
4 0.7608695652173914 0.7886363636363636 0.0389016018306636 0.08131313131313134
4 0.02479023646071701 0.793939393939394 0.038901601830663615 0.07070707070707072
