4 0.43707093821510296 0.7982323232323232 0.033562166285278416 0.054040404040404
4 0.7295957284515637 0.7209595959595959 0.06483600305110604 0.04191919191919191
1 0.41800152555301295 0.5646464646464646 0.030511060259344025 0.033333333333333326
4 0.08810068649885583 0.6416666666666666 0.04042715484363081 0.054040404040404
4 0.03508771929824561 0.6499999999999999 0.04576659038901602 0.05858585858585863
4 0.43135011441647597 0.867929292929293 0.06636155606407323 0.03989898989898999
4 0.4286803966437834 0.919949494949495 0.0808543096872616 0.05202020202020208
1 0.646834477498093 0.553030303030303 0.024408848207475242 0.027272727272727226
4 0.3360030511060259 0.646969696969697 0.05568268497330281 0.06060606060606055
4 0.4107551487414187 0.6386363636363637 0.05263157894736842 0.0601010101010101
4 0.4572845156369184 0.645959595959596 0.04042715484363085 0.07070707070707072
4 0.5308924485125859 0.6449494949494949 0.0396643783371472 0.06464646464646462
4 0.5816170861937452 0.6520202020202019 0.04195270785659799 0.0626262626262627
4 0.6548436308161709 0.6439393939393939 0.03890160183066371 0.06666666666666665
4 0.7051868802440885 0.6396464646464646 0.0389016018306636 0.07121212121212117
4 0.7883295194508009 0.6429292929292929 0.04195270785659799 0.06868686868686869
4 0.8470633104500381 0.6419191919191919 0.04195270785659799 0.06262626262626259
4 0.9298245614035088 0.6449494949494949 0.030511060259343914 0.06060606060606055
4 0.973302822273074 0.6419191919191919 0.027459954233409634 0.06262626262626259
4 0.4794050343249428 0.7906565656565656 0.034324942791762014 0.05606060606060603
4 0.5655987795575896 0.7896464646464647 0.0404271548436308 0.058080808080808066
4 0.6189931350114416 0.7919191919191919 0.03279938977879482 0.05858585858585852
4 0.6628527841342486 0.795959595959596 0.03508771929824561 0.05858585858585852
4 0.7097635392829901 0.7919191919191919 0.037376048817696406 0.07474747474747478
4 0.20671243325705568 0.7919191919191919 0.04424103737604884 0.06262626262626259
4 0.16056445461479787 0.794949494949495 0.04958047292143403 0.06060606060606055
4 0.11708619374523264 0.795959595959596 0.043478260869565216 0.06262626262626259
4 0.06903127383676583 0.797979797979798 0.04195270785659802 0.06666666666666665
4 0.7578184591914569 0.7929292929292929 0.03585049580472921 0.06868686868686869
4 0.023264683447749807 0.793939393939394 0.03585049580472921 0.06262626262626259
