1 0.8066361556064073 0.5542929292929293 0.045003813882532384 0.050000000000000044
4 0.08924485125858124 0.6386363636363637 0.05186880244088482 0.06919191919191914
1 0.8070175438596492 0.2957070707070707 0.04881769641495037 0.04999999999999999
4 0.03318077803203662 0.645959595959596 0.052631578947368425 0.07070707070707072
4 0.4298245614035088 0.865909090909091 0.06941266209000763 0.03989898989898999
4 0.427536231884058 0.919949494949495 0.08619374523264683 0.04797979797979801
1 0.3157894736842105 0.5542929292929293 0.04881769641495043 0.050000000000000044
4 0.34401220442410374 0.6343434343434344 0.0808543096872616 0.12727272727272732
4 0.4107551487414188 0.6386363636363637 0.06178489702517165 0.0732323232323232
4 0.458047292143402 0.6426767676767677 0.04958047292143403 0.0853535353535354
4 0.5293668954996187 0.6426767676767677 0.04881769641495037 0.07727272727272727
4 0.5827612509534706 0.6502525252525253 0.05034324942791768 0.08333333333333337
4 0.6544622425629291 0.6406565656565657 0.048817696414950484 0.08131313131313134
4 0.7044241037376049 0.6343434343434343 0.048054919908466776 0.07272727272727275
4 0.7871853546910755 0.6416666666666666 0.05034324942791768 0.07121212121212117
4 0.8447749809305873 0.6416666666666666 0.05110602593440117 0.0792929292929293
4 0.9263920671243325 0.6406565656565657 0.037376048817696406 0.0732323232323232
4 0.9710144927536233 0.6396464646464646 0.03203661327231122 0.0792929292929293
4 0.48016781083142646 0.7876262626262627 0.04500381388253244 0.07121212121212117
4 0.5640732265446224 0.7853535353535354 0.04347826086956519 0.06666666666666665
4 0.6163234172387491 0.7898989898989899 0.04729214340198329 0.06666666666666665
4 0.6620900076277652 0.795959595959596 0.041189931350114395 0.06666666666666665
4 0.7086193745232647 0.7929292929292929 0.0396643783371472 0.07676767676767682
4 0.20709382151029748 0.7919191919191919 0.054157131960335614 0.07070707070707072
4 0.15789473684210525 0.7929292929292929 0.053394355453852016 0.07272727272727275
4 0.11708619374523264 0.793939393939394 0.043478260869565216 0.07070707070707072
4 0.06903127383676583 0.8012626262626263 0.046529366895499615 0.07727272727272727
4 0.7566742944317315 0.793939393939394 0.041189931350114506 0.06666666666666665
4 0.024027459954233412 0.7909090909090909 0.03737604881769642 0.07272727272727275
