4 0.09687261632341723 0.6396464646464646 0.06712433257055682 0.08737373737373744
4 0.006864988558352402 0.797979797979798 0.013729977116704805 0.07070707070707072
4 0.03279938977879481 0.6436868686868686 0.06407322654462243 0.08333333333333337
4 0.429443173150267 0.8636363636363636 0.07017543859649122 0.039393939393939315
4 0.4252479023646072 0.920959595959596 0.08771929824561403 0.04595959595959598
4 0.4077040427154843 0.7042929292929293 0.08619374523264683 0.04191919191919191
0 0.12318840579710146 0.5189393939393939 0.03890160183066363 0.04595959595959598
4 0.34172387490465295 0.6345959595959596 0.07627765064836001 0.11868686868686873
4 0.410373760488177 0.6386363636363637 0.06254767353165525 0.0853535353535354
4 0.46071700991609454 0.6409090909090909 0.061022120518687994 0.09797979797979794
4 0.5278413424866514 0.6396464646464646 0.0594965675057208 0.08737373737373744
4 0.5835240274599542 0.6479797979797979 0.06254767353165525 0.10404040404040404
4 0.6544622425629291 0.6386363636363637 0.06864988558352403 0.10252525252525257
4 0.7093821510297483 0.6292929292929292 0.06407322654462244 0.09191919191919184
4 0.7894736842105263 0.6386363636363637 0.06254767353165525 0.07727272727272727
4 0.8421052631578947 0.641919191919192 0.06254767353165513 0.09595959595959591
4 0.9233409610983982 0.6376262626262627 0.052631578947368474 0.08737373737373733
4 0.9687261632341724 0.6429292929292929 0.04729214340198329 0.09797979797979794
4 0.4836003051106026 0.7866161616161615 0.059496567505720854 0.08939393939393947
4 0.5663615560640732 0.7803030303030303 0.05263157894736836 0.08585858585858586
4 0.6163234172387491 0.7876262626262627 0.06407322654462244 0.0792929292929293
4 0.6628527841342486 0.7929292929292929 0.051868802440884876 0.07676767676767682
4 0.7074752097635393 0.7906565656565656 0.05110602593440117 0.08939393939393947
4 0.20938215102974828 0.7926767676767676 0.06178489702517162 0.0853535353535354
4 0.15789473684210525 0.793939393939394 0.05797101449275363 0.08787878787878789
4 0.11479786422578184 0.7916666666666667 0.04958047292143401 0.08737373737373744
4 0.06826849733028223 0.8022727272727272 0.05720823798627002 0.09545454545454546
4 0.7543859649122807 0.7919191919191919 0.051868802440884876 0.07474747474747478
4 0.02822273073989321 0.7896464646464647 0.04271548436308162 0.0914141414141415
