4 0.09229595728451565 0.651010101010101 0.045766590389016024 0.06464646464646462
4 0.006864988558352402 0.797979797979798 0.013729977116704805 0.07070707070707072
4 0.03165522501906941 0.6449494949494949 0.05263157894736842 0.06464646464646462
4 0.43592677345537756 0.8666666666666667 0.06941266209000763 0.02929292929292926
4 0.4252479023646072 0.9272727272727272 0.07398932112890921 0.033333333333333326
4 0.33867276887871856 0.7845959595959595 0.061022120518687994 0.05606060606060603
1 0.8821510297482837 0.4436868686868687 0.020594965675057253 0.020707070707070674
4 0.33562166285278416 0.6386363636363637 0.061022120518687994 0.0853535353535354
4 0.4107551487414187 0.645959595959596 0.04958047292143403 0.06262626262626259
4 0.45919145690312735 0.647979797979798 0.0579710144927536 0.08383838383838382
4 0.5274599542334096 0.646969696969697 0.05568268497330281 0.06868686868686869
4 0.5800915331807781 0.6502525252525253 0.055682684973302865 0.0792929292929293
4 0.6559877955758963 0.6416666666666666 0.059496567505720854 0.0792929292929293
4 0.7059496567505721 0.6376262626262625 0.048054919908466776 0.0792929292929293
4 0.7864225781845919 0.6386363636363637 0.04271548436308159 0.07727272727272727
4 0.8447749809305873 0.6406565656565657 0.04652936689549958 0.07727272727272727
4 0.92372234935164 0.6386363636363637 0.04271548436308159 0.06919191919191914
4 0.969488939740656 0.65 0.04576659038901609 0.06666666666666665
4 0.4801678108314264 0.793939393939394 0.04958047292143408 0.06666666666666665
4 0.5697940503432495 0.7823232323232323 0.051868802440884765 0.06060606060606055
4 0.6197559115179252 0.7876262626262627 0.0434782608695653 0.0792929292929293
4 0.6578947368421053 0.7888888888888889 0.045003813882532495 0.06464646464646462
4 0.7074752097635393 0.7909090909090909 0.05110602593440117 0.06464646464646462
4 0.21052631578947367 0.794949494949495 0.044241037376048814 0.07272727272727275
4 0.16056445461479787 0.793939393939394 0.05263157894736842 0.07070707070707072
4 0.11632341723874905 0.7919191919191919 0.04500381388253241 0.07070707070707072
4 0.07055682684973302 0.794949494949495 0.05263157894736841 0.07272727272727275
1 0.7147215865751335 0.4803030303030303 0.019832189168573655 0.03131313131313129
4 0.7543859649122807 0.796969696969697 0.051868802440884876 0.06464646464646462
4 0.03089244851258581 0.796969696969697 0.03737604881769641 0.07676767676767682
1 0.8279938977879482 0.4823232323232323 0.023646071700991533 0.02323232323232327
1 0.7730739893211289 0.4906565656565657 0.019069412662090057 0.018686868686868696
1 0.778794813119756 0.5053030303030304 0.030511060259344025 0.022727272727272763
