4 0.09534706331045004 0.646969696969697 0.050343249427917625 0.07272727272727275
4 0.834096109839817 0.8656565656565657 0.08619374523264678 0.06868686868686869
5 0.427536231884058 0.9275252525252525 0.08619374523264683 0.050000000000000044
5 0.44355453852021354 0.8638888888888889 0.08466819221967964 0.04797979797979801
5 0.03699466056445461 0.6439393939393939 0.058733790999237215 0.09191919191919196
4 0.33943554538520215 0.6426767676767677 0.06254767353165525 0.0853535353535354
4 0.41342486651411137 0.6396464646464646 0.05034324942791757 0.07525252525252524
4 0.46147978642257814 0.6492424242424242 0.05644546147978641 0.08131313131313134
4 0.5320366132723112 0.6376262626262625 0.05415713196033556 0.07525252525252524
4 0.5869565217391304 0.645959595959596 0.06636155606407323 0.09191919191919196
4 0.6559877955758963 0.6429292929292929 0.05644546147978646 0.09393939393939399
4 0.7093821510297482 0.6416666666666666 0.054919908466819156 0.08737373737373744
4 0.7879481311975591 0.6436868686868686 0.051868802440884876 0.08333333333333337
4 0.8466819221967963 0.6426767676767677 0.04729214340198318 0.08939393939393947
4 0.9195270785659801 0.6335858585858586 0.05720823798626995 0.08333333333333326
4 0.9710144927536232 0.646969696969697 0.04576659038901609 0.09797979797979806
4 0.4816933638443936 0.7906565656565656 0.058733790999237256 0.08939393939393947
4 0.570556826849733 0.7835858585858586 0.05797101449275355 0.08737373737373733
4 0.618230358504958 0.7886363636363636 0.0434782608695653 0.0853535353535354
4 0.6620900076277652 0.7886363636363636 0.044241037376048786 0.0853535353535354
4 0.707856598016781 0.7929292929292929 0.04729214340198318 0.07676767676767682
4 0.2128146453089245 0.7929292929292929 0.05491990846681921 0.07676767676767682
4 0.16285278413424867 0.794949494949495 0.054157131960335614 0.08585858585858586
4 0.11632341723874903 0.7926767676767676 0.04958047292143401 0.08131313131313134
4 0.07055682684973302 0.7936868686868688 0.05263157894736841 0.08333333333333337
1 0.42028985507246375 0.4772727272727273 0.04424103737604884 0.033333333333333326
4 0.7593440122044242 0.7929292929292929 0.052631578947368474 0.07272727272727275
4 0.028604118993135013 0.7876262626262627 0.04195270785659802 0.08333333333333337
1 0.08161708619374523 0.40505050505050505 0.024408848207475214 0.03535353535353536
1 0.5835240274599542 0.49469696969696975 0.02898550724637672 0.022727272727272763
1 0.5842868039664378 0.478030303030303 0.027459954233409523 0.026767676767676774
1 0.5404271548436308 0.5093434343434343 0.0404271548436308 0.026767676767676774
1 0.5541571319603357 0.5343434343434343 0.0389016018306636 0.03535353535353525
