4 0.09267734553775744 0.6446969696969698 0.05568268497330282 0.08131313131313134
4 0.33485888634630057 0.648989898989899 0.06559877955758958 0.09393939393939399
4 0.4107551487414187 0.6499999999999999 0.05568268497330281 0.10404040404040404
4 0.46071700991609454 0.654040404040404 0.0579710144927536 0.09999999999999998
4 0.526697177726926 0.6520202020202019 0.06483600305110598 0.10404040404040404
4 0.5835240274599542 0.6522727272727273 0.06254767353165525 0.11666666666666659
4 0.6571319603356216 0.646969696969697 0.06788710907704043 0.10202020202020212
4 0.7112890922959574 0.645959595959596 0.06483600305110604 0.10000000000000009
4 0.7906178489702518 0.6512626262626262 0.05720823798627006 0.11868686868686862
4 0.8489702517162472 0.6459595959595961 0.06559877955758964 0.10404040404040404
4 0.9260106788710908 0.6406565656565657 0.05797101449275366 0.10252525252525257
4 0.9717772692601068 0.6449494949494949 0.044241037376048786 0.08989898989898992
4 0.4801678108314264 0.7919191919191919 0.06178489702517165 0.09595959595959602
4 0.5663615560640731 0.7876262626262627 0.06636155606407323 0.08737373737373744
4 0.618230358504958 0.7886363636363636 0.05110602593440128 0.0853535353535354
4 0.6636155606407323 0.7929292929292929 0.05034324942791757 0.08989898989898992
4 0.7086193745232647 0.7926767676767676 0.051868802440884765 0.0853535353535354
4 0.20861937452326468 0.797979797979798 0.060259344012204424 0.09999999999999998
4 0.16209000762776507 0.7992424242424243 0.05263157894736842 0.0853535353535354
4 0.11403508771929824 0.794949494949495 0.054157131960335614 0.08989898989898992
4 0.07055682684973302 0.7936868686868688 0.04958047292143402 0.08333333333333337
4 0.4347826086956522 0.8732323232323231 0.07932875667429445 0.03737373737373739
4 0.4309687261632342 0.9262626262626263 0.09000762776506488 0.05252525252525253
4 0.757818459191457 0.7919191919191919 0.058733790999237256 0.09191919191919196
4 0.027459954233409613 0.7866161616161615 0.04729214340198322 0.08131313131313134
1 0.8237986270022883 0.4113636363636364 0.048817696414950484 0.05202020202020202
4 0.8363844393592678 0.8626262626262626 0.118230358504958 0.09191919191919196
1 0.08886346300533943 0.505050505050505 0.023646071700991603 0.027272727272727226
1 0.08504958047292144 0.48636363636363633 0.029748283752860413 0.027272727272727282
1 0.059877955758962625 0.5343434343434343 0.026697177726926008 0.027272727272727337
1 0.06559877955758962 0.55 0.022883295194508012 0.025252525252525193
4 0.03318077803203661 0.652020202020202 0.06636155606407322 0.07070707070707072
