4 0.09267734553775744 0.6520202020202019 0.06331045003813883 0.09595959595959591
4 0.33638443935926776 0.645959595959596 0.06864988558352403 0.08787878787878789
4 0.4077040427154843 0.645959595959596 0.05568268497330281 0.108080808080808
4 0.45842868039664375 0.647979797979798 0.06559877955758958 0.08787878787878789
4 0.5331807780320366 0.6499999999999999 0.06102212051868794 0.10404040404040404
4 0.5816170861937453 0.6492424242424243 0.07246376811594202 0.11464646464646466
4 0.6575133485888635 0.6459595959595961 0.059496567505720854 0.10404040404040404
4 0.7120518688024409 0.6449494949494949 0.06331045003813884 0.10202020202020201
4 0.7864225781845919 0.6409090909090909 0.05644546147978646 0.09797979797979794
4 0.8447749809305873 0.646969696969697 0.06178489702517154 0.10606060606060597
4 0.9248665141113654 0.6449494949494949 0.055682684973302865 0.09797979797979806
4 0.9725400457665905 0.646969696969697 0.04576659038901598 0.1272727272727272
4 0.4797864225781846 0.7876262626262627 0.06254767353165525 0.10454545454545461
4 0.5678871090770404 0.7856060606060606 0.055682684973302754 0.08333333333333337
4 0.6216628527841342 0.7896464646464647 0.05797101449275366 0.07525252525252524
4 0.6632341723874904 0.7929292929292929 0.055682684973302865 0.08989898989898992
4 0.7105263157894737 0.7906565656565656 0.055682684973302754 0.08939393939393947
4 0.20785659801678108 0.7982323232323232 0.06636155606407323 0.08737373737373744
4 0.16285278413424867 0.7982323232323232 0.057208237986270005 0.08737373737373744
4 0.11479786422578185 0.7982323232323232 0.05873379099923723 0.08737373737373744
4 0.06979405034324943 0.7936868686868688 0.060259344012204424 0.08333333333333337
4 0.43974065598779555 0.8669191919191919 0.08619374523264683 0.037878787878787956
4 0.43516399694889396 0.9262626262626262 0.11212814645308922 0.06464646464646462
4 0.7536231884057971 0.7929292929292929 0.05034324942791768 0.09797979797979806
4 0.02822273073989321 0.7896464646464647 0.05644546147978642 0.07525252525252524
1 0.9755911517925249 0.5542929292929293 0.04576659038901598 0.07525252525252524
4 0.9607170099160947 0.7386363636363636 0.07246376811594202 0.08535353535353529
4 0.030892448512585814 0.6512626262626262 0.06178489702517163 0.0853535353535354
