4 0.09420289855072464 0.6446969696969698 0.05873379099923723 0.08131313131313134
4 0.34057971014492755 0.648989898989899 0.06483600305110604 0.07676767676767682
4 0.4084668192219679 0.6457070707070707 0.05110602593440122 0.0792929292929293
4 0.4565217391304348 0.647979797979798 0.06178489702517159 0.07474747474747478
4 0.5289855072463768 0.6457070707070707 0.055682684973302754 0.08333333333333337
4 0.5835240274599542 0.647979797979798 0.059496567505720854 0.09595959595959602
4 0.6578947368421053 0.6446969696969698 0.04958047292143408 0.0853535353535354
4 0.7093821510297482 0.6426767676767677 0.054919908466819156 0.08131313131313134
4 0.7871853546910755 0.6426767676767677 0.05339435545385207 0.08131313131313134
4 0.8436308161708619 0.648989898989899 0.05949656750572074 0.08585858585858586
4 0.9241037376048817 0.6396464646464646 0.05110602593440128 0.08333333333333337
4 0.9717772692601068 0.645959595959596 0.041189931350114395 0.09191919191919196
4 0.4813119755911518 0.7926767676767676 0.06102212051868805 0.08131313131313134
4 0.5655987795575896 0.7866161616161615 0.05720823798626995 0.0732323232323232
4 0.6178489702517163 0.7876262626262627 0.05034324942791768 0.0792929292929293
4 0.662090007627765 0.794949494949495 0.05339435545385207 0.07272727272727275
4 0.7105263157894737 0.7886363636363636 0.055682684973302754 0.0853535353535354
4 0.20861937452326468 0.7896464646464647 0.05720823798627003 0.08333333333333337
4 0.16056445461479787 0.7926767676767676 0.04958047292143403 0.08131313131313134
4 0.11327231121281464 0.794949494949495 0.05263157894736842 0.08080808080808088
4 0.06598016781083142 0.7835858585858586 0.05263157894736842 0.0792929292929293
4 0.4305873379099924 0.8638888888888889 0.07093821510297482 0.043939393939393945
4 0.4290617848970252 0.920959595959596 0.08619374523264683 0.050000000000000044
4 0.7543859649122807 0.7919191919191919 0.048817696414950484 0.07474747474747478
4 0.02517162471395881 0.7929292929292929 0.04576659038901602 0.07676767676767682
4 0.3703279938977879 0.7315656565656565 0.06636155606407318 0.08333333333333337
4 0.031655225019069415 0.648989898989899 0.06331045003813883 0.06868686868686869
