4 0.09534706331045004 0.6366161616161616 0.05797101449275363 0.08535353535353529
4 0.33829138062547676 0.645959595959596 0.07246376811594202 0.09191919191919196
4 0.4080854309687262 0.6436868686868686 0.04729214340198323 0.08333333333333337
4 0.4565217391304348 0.647979797979798 0.0587337909992372 0.07878787878787885
4 0.5293668954996187 0.6449494949494949 0.051868802440884765 0.07272727272727275
4 0.5816170861937453 0.647979797979798 0.055682684973302865 0.08787878787878789
4 0.6559877955758963 0.6416666666666666 0.048817696414950484 0.07121212121212117
4 0.7097635392829901 0.6406565656565657 0.05415713196033556 0.07727272727272727
4 0.7871853546910755 0.6446969696969698 0.05339435545385207 0.07727272727272727
4 0.8432494279176201 0.647979797979798 0.05110602593440117 0.07070707070707072
4 0.9229595728451563 0.6396464646464646 0.04729214340198318 0.0792929292929293
4 0.9725400457665905 0.6426767676767677 0.038138825324180003 0.0853535353535354
4 0.4794050343249428 0.793939393939394 0.06025934401220445 0.07070707070707072
4 0.5640732265446224 0.7856060606060606 0.05415713196033556 0.07525252525252524
4 0.6186117467581999 0.7833333333333333 0.04576659038901609 0.07070707070707072
4 0.6620900076277652 0.793939393939394 0.044241037376048786 0.07474747474747478
4 0.7101449275362319 0.7866161616161615 0.04576659038901598 0.0853535353535354
4 0.20747520976353928 0.7896464646464647 0.04576659038901604 0.08333333333333337
4 0.16170861937452324 0.794949494949495 0.04576659038901601 0.07272727272727275
4 0.11403508771929824 0.7929292929292929 0.05110602593440121 0.06868686868686869
4 0.06636155606407323 0.7876262626262627 0.04424103737604882 0.0792929292929293
4 0.427536231884058 0.8669191919191919 0.07246376811594202 0.037878787878787956
4 0.4260106788710908 0.919949494949495 0.08009153318077805 0.05202020202020208
4 0.7536231884057971 0.7916666666666667 0.05034324942791768 0.0792929292929293
4 0.02631578947368421 0.793939393939394 0.038901601830663615 0.07070707070707072
4 0.34401220442410374 0.9356060606060606 0.06102212051868805 0.0792929292929293
1 0.7265446224256293 0.297979797979798 0.023646071700991533 0.029292929292929315
4 0.032036613272311214 0.6406565656565657 0.059496567505720827 0.0853535353535354
