4 0.09496567505720824 0.6356060606060606 0.05720823798627003 0.08333333333333326
4 0.33790999237223496 0.6449494949494949 0.07932875667429445 0.09797979797979806
4 0.4050343249427918 0.6426767676767677 0.04729214340198323 0.08939393939393947
4 0.4557589626239512 0.647979797979798 0.057208237986270005 0.08383838383838382
4 0.5308924485125859 0.6429292929292929 0.051868802440884765 0.06868686868686869
4 0.5816170861937453 0.647979797979798 0.055682684973302865 0.08383838383838382
4 0.6544622425629291 0.6396464646464646 0.048817696414950484 0.0671717171717171
4 0.707856598016781 0.6386363636363637 0.05034324942791757 0.07727272727272727
4 0.7860411899313502 0.6426767676767677 0.055682684973302865 0.07727272727272727
4 0.8447749809305873 0.645959595959596 0.04347826086956519 0.07070707070707072
4 0.9221967963386728 0.6426767676767677 0.04576659038901598 0.0853535353535354
4 0.973302822273074 0.6426767676767677 0.03661327231121281 0.0853535353535354
4 0.4794050343249428 0.793939393939394 0.05720823798627006 0.07070707070707072
4 0.5644546147978642 0.7856060606060606 0.04576659038901598 0.0792929292929293
4 0.6178489702517163 0.7823232323232323 0.05034324942791768 0.06868686868686869
4 0.6628527841342486 0.7916666666666667 0.04271548436308159 0.08333333333333337
4 0.7086193745232647 0.7876262626262627 0.0396643783371472 0.0914141414141415
4 0.20594965675057209 0.7896464646464647 0.04271548436308162 0.07525252525252524
4 0.16170861937452324 0.795959595959596 0.04576659038901601 0.07070707070707072
4 0.11556064073226545 0.793939393939394 0.05720823798627003 0.06666666666666665
4 0.06979405034324943 0.7929292929292929 0.043478260869565216 0.07676767676767682
4 0.4286803966437834 0.8689393939393939 0.07475209763539281 0.03383838383838389
4 0.4267734553775744 0.920959595959596 0.08161708619374525 0.05404040404040411
4 0.7536231884057971 0.794949494949495 0.05034324942791768 0.08585858585858586
4 0.028604118993135013 0.7919191919191919 0.03585049580472922 0.06666666666666665
4 0.3196033562166285 0.915909090909091 0.09305873379099922 0.07727272727272727
4 0.43668954996186116 0.797979797979798 0.037376048817696406 0.09999999999999998
1 0.6045003813882532 0.18308080808080807 0.034324942791762014 0.04191919191919194
4 0.033943554538520215 0.6353535353535353 0.05415713196033562 0.09999999999999998
