4 0.09267734553775744 0.645959595959596 0.04958047292143401 0.05858585858585852
1 0.22883295194508008 0.5343434343434343 0.04118993135011442 0.02323232323232327
4 0.34172387490465295 0.646969696969697 0.07627765064836001 0.07272727272727275
4 0.40312738367658274 0.6416666666666666 0.04805491990846683 0.07525252525252524
4 0.4557589626239512 0.6467171717171718 0.057208237986270005 0.08131313131313134
4 0.5308924485125859 0.6406565656565657 0.05949656750572074 0.05202020202020197
4 0.5835240274599542 0.647979797979798 0.05644546147978646 0.07878787878787885
4 0.6552250190694127 0.6386363636363637 0.04729214340198329 0.06919191919191914
4 0.6990846681922197 0.6345959595959596 0.0404271548436308 0.07727272727272727
4 0.7833714721586575 0.6416666666666666 0.06254767353165525 0.0792929292929293
4 0.8447749809305873 0.6436868686868686 0.04347826086956519 0.0792929292929293
4 0.9244851258581235 0.6457070707070707 0.041189931350114395 0.11262626262626263
4 0.9729214340198322 0.647979797979798 0.0389016018306636 0.07474747474747478
4 0.4836003051106026 0.794949494949495 0.04881769641495043 0.07676767676767682
4 0.5675057208237986 0.7856060606060606 0.030511060259344025 0.08333333333333337
4 0.6121281464530892 0.7876262626262627 0.06178489702517165 0.0792929292929293
4 0.6636155606407323 0.795959595959596 0.05034324942791757 0.09595959595959602
4 0.707856598016781 0.7929292929292929 0.044241037376048786 0.10606060606060597
4 0.20785659801678108 0.7896464646464647 0.05568268497330281 0.054040404040404
4 0.16056445461479787 0.7906565656565656 0.05263157894736842 0.08131313131313134
4 0.11861174675819985 0.795959595959596 0.06788710907704043 0.08787878787878789
4 0.07322654462242563 0.7896464646464647 0.053394355453852016 0.0792929292929293
4 0.43135011441647597 0.867929292929293 0.06636155606407323 0.03989898989898999
4 0.4260106788710908 0.919949494949495 0.08314263920671244 0.05202020202020208
1 0.09267734553775744 0.5583333333333333 0.038901601830663615 0.04191919191919191
1 0.21700991609458428 0.547979797979798 0.029748283752860427 0.025252525252525193
4 0.7570556826849733 0.8012626262626263 0.05110602593440128 0.0853535353535354
4 0.029366895499618614 0.7845959595959595 0.04042715484363082 0.0732323232323232
4 0.43668954996186116 0.797979797979798 0.037376048817696406 0.09999999999999998
4 0.036231884057971016 0.646969696969697 0.05415713196033563 0.07676767676767682
