0 0.5225019069412662 0.49797979797979797 0.0396643783371472 0.04141414141414135
4 0.08962623951182304 0.6429292929292929 0.055682684973302816 0.06464646464646462
1 0.4946605644546148 0.5416666666666666 0.034324942791762014 0.037878787878787845
4 0.3321891685736079 0.6439393939393939 0.07093821510297482 0.06666666666666665
4 0.40541571319603353 0.645959595959596 0.05263157894736842 0.06666666666666665
4 0.4588100686498856 0.6467171717171718 0.054157131960335614 0.08131313131313134
4 0.5335621662852784 0.6449494949494949 0.05415713196033556 0.06060606060606055
4 0.5808543096872616 0.647979797979798 0.05110602593440128 0.08787878787878789
4 0.6578947368421053 0.6396464646464646 0.052631578947368474 0.08333333333333337
4 0.7055682684973303 0.6356060606060606 0.04576659038901598 0.08333333333333326
4 0.7887109077040427 0.6416666666666666 0.04729214340198329 0.0792929292929293
4 0.8459191456903128 0.6416666666666666 0.04576659038901598 0.08737373737373744
4 0.9282990083905416 0.6396464646464646 0.048817696414950484 0.10050505050505054
4 0.9721586575133486 0.6396464646464646 0.0389016018306636 0.08333333333333337
4 0.482837528604119 0.7929292929292929 0.04729214340198323 0.08989898989898992
4 0.5682684973302823 0.7813131313131313 0.05644546147978635 0.07474747474747478
4 0.6178489702517163 0.7856060606060606 0.06102212051868805 0.07121212121212117
4 0.665903890160183 0.794949494949495 0.04576659038901598 0.07272727272727275
4 0.7086193745232647 0.795959595959596 0.04576659038901598 0.06666666666666665
4 0.20785659801678108 0.7929292929292929 0.05568268497330281 0.07676767676767682
4 0.16209000762776507 0.7896464646464647 0.04958047292143403 0.0792929292929293
4 0.11708619374523264 0.796969696969697 0.060259344012204424 0.07272727272727275
4 0.06979405034324943 0.7906565656565656 0.051106025934401215 0.0853535353535354
4 0.4252479023646072 0.8638888888888889 0.06788710907704043 0.04797979797979801
4 0.42410373760488174 0.920959595959596 0.09000762776506482 0.050000000000000044
1 0.30778032036613273 0.55 0.0389016018306636 0.045454545454545525
1 0.4767353165522502 0.5585858585858585 0.021357742181540795 0.033333333333333326
1 0.08962623951182304 0.5469696969696969 0.025171624713958812 0.03535353535353536
4 0.7570556826849733 0.7929292929292929 0.05110602593440128 0.06868686868686869
4 0.025171624713958812 0.7909090909090909 0.04271548436308162 0.06868686868686869
4 0.033562166285278416 0.648989898989899 0.059496567505720827 0.0565656565656566
