4 0.09420289855072464 0.6446969696969698 0.04958047292143403 0.07727272727272727
4 0.016399694889397406 0.7886363636363636 0.03279938977879481 0.09343434343434354
1 0.8188405797101449 0.476010101010101 0.02517162471395884 0.043939393939393945
1 0.723493516399695 0.5593434343434344 0.03890160183066371 0.026767676767676774
4 0.33714721586575136 0.6396464646464646 0.06712433257055683 0.08333333333333337
4 0.4092295957284515 0.6416666666666666 0.04958047292143403 0.0792929292929293
4 0.458047292143402 0.6406565656565657 0.04958047292143403 0.08131313131313134
4 0.5316552250190694 0.6449494949494949 0.04729214340198318 0.08989898989898992
4 0.5800915331807781 0.6449494949494949 0.04958047292143408 0.08989898989898992
4 0.6556064073226544 0.6356060606060606 0.05415713196033567 0.08333333333333326
4 0.7074752097635393 0.6345959595959596 0.05110602593440117 0.08131313131313123
4 0.7879481311975591 0.6366161616161616 0.048817696414950484 0.07727272727272727
4 0.8463005339435545 0.6386363636363637 0.05720823798626995 0.08939393939393936
4 0.9267734553775744 0.6376262626262625 0.048817696414950484 0.08333333333333337
4 0.9702517162471396 0.6376262626262625 0.0442410373760489 0.0792929292929293
4 0.4816933638443936 0.7866161616161615 0.052631578947368474 0.08131313131313134
4 0.5663615560640732 0.7772727272727272 0.055682684973302754 0.08787878787878789
4 0.6189931350114417 0.7813131313131313 0.04958047292143408 0.08787878787878789
4 0.6643783371472158 0.7856060606060606 0.04576659038901598 0.0792929292929293
4 0.707856598016781 0.7876262626262627 0.04729214340198318 0.08333333333333337
4 0.20938215102974828 0.7896464646464647 0.05263157894736842 0.08333333333333337
4 0.16399694889397406 0.7896464646464647 0.04576659038901604 0.08737373737373744
4 0.11556064073226546 0.7886363636363636 0.05415713196033563 0.07727272727272727
4 0.07093821510297482 0.7845959595959595 0.045766590389016024 0.08131313131313134
4 0.4309687261632342 0.8699494949494949 0.06559877955758964 0.03989898989898988
4 0.4244851258581236 0.922979797979798 0.08009153318077805 0.04595959595959598
1 0.7246376811594203 0.5416666666666666 0.041189931350114506 0.028787878787878807
1 0.9843630816170862 0.5489898989898989 0.02822273073989323 0.03131313131313129
1 0.6636155606407323 0.5386363636363636 0.041189931350114395 0.03989898989898999
4 0.7555301296720061 0.7876262626262627 0.05415713196033567 0.08737373737373744
4 0.025934401220442414 0.7845959595959595 0.04118993135011442 0.08131313131313134
4 0.034324942791762014 0.6446969696969698 0.06102212051868802 0.07727272727272727
1 0.9126620900076278 0.4707070707070707 0.034324942791762014 0.033333333333333326
