4 0.09839816933638444 0.6416666666666666 0.050343249427917625 0.0792929292929293
4 0.3360030511060259 0.6386363636363637 0.06941266209000768 0.0732323232323232
4 0.4115179252479023 0.6386363636363637 0.054157131960335614 0.0732323232323232
4 0.454233409610984 0.6426767676767677 0.04042715484363085 0.07727272727272727
4 0.5293668954996187 0.646969696969697 0.04881769641495037 0.08585858585858586
4 0.5789473684210527 0.6446969696969698 0.05034324942791768 0.07727272727272727
4 0.6567505720823799 0.6313131313131313 0.05034324942791768 0.07878787878787874
4 0.7074752097635393 0.6303030303030304 0.05110602593440117 0.0767676767676767
4 0.7852784134248665 0.6366161616161616 0.05415713196033567 0.0732323232323232
4 0.8470633104500381 0.6343434343434343 0.055682684973302754 0.09393939393939399
4 0.9260106788710908 0.6356060606060606 0.05034324942791768 0.08333333333333326
4 0.9683447749809306 0.6386363636363637 0.0434782608695653 0.06919191919191914
4 0.48627002288329524 0.7825757575757576 0.054157131960335614 0.08535353535353529
4 0.564836003051106 0.7803030303030303 0.05263157894736836 0.09797979797979794
4 0.6163234172387491 0.7813131313131313 0.04729214340198329 0.09191919191919196
4 0.6609458428680397 0.7825757575757576 0.0389016018306636 0.08535353535353529
4 0.7044241037376049 0.7856060606060606 0.05110602593440117 0.08737373737373744
0 0.42181540808543094 0.476010101010101 0.04118993135011445 0.05202020202020202
4 0.20976353928299007 0.7896464646464647 0.0488176964149504 0.08333333333333337
4 0.16323417238749047 0.7866161616161615 0.04424103737604884 0.08939393939393947
4 0.11632341723874903 0.7825757575757575 0.04958047292143401 0.07727272727272727
4 0.07093821510297482 0.7825757575757576 0.045766590389016024 0.08535353535353529
1 0.15446224256292906 0.49595959595959593 0.04805491990846683 0.03333333333333338
4 0.4309687261632342 0.8699494949494949 0.06559877955758964 0.043939393939393945
4 0.4252479023646072 0.920959595959596 0.07856598016781086 0.04595959595959598
1 0.9302059496567505 0.551010101010101 0.03585049580472921 0.027272727272727226
1 0.963768115942029 0.5386363636363636 0.02517162471395873 0.026767676767676662
4 0.7581998474446987 0.7843434343434343 0.06102212051868805 0.09393939393939399
4 0.02745995423340961 0.7835858585858586 0.041189931350114416 0.08333333333333337
4 0.03585049580472921 0.6396464646464646 0.06712433257055682 0.0792929292929293
