1 0.05186880244088482 0.720959595959596 0.02898550724637681 0.037878787878787956
4 0.09572845156369184 0.6386363636363637 0.05568268497330282 0.0853535353535354
4 0.33790999237223496 0.646969696969697 0.07322654462242567 0.06868686868686869
4 0.4080854309687262 0.6467171717171718 0.04729214340198323 0.08131313131313134
4 0.454233409610984 0.6457070707070707 0.054157131960335614 0.0792929292929293
4 0.5240274599542334 0.6512626262626262 0.0594965675057208 0.07727272727272727
4 0.5808543096872616 0.646969696969697 0.06025934401220445 0.07676767676767682
4 0.6544622425629291 0.6323232323232324 0.04576659038901609 0.0767676767676767
4 0.7093821510297482 0.6345959595959596 0.054919908466819156 0.08535353535353529
4 0.7879481311975591 0.6426767676767677 0.048817696414950484 0.0853535353535354
4 0.8455377574370709 0.6343434343434343 0.058733790999237145 0.09393939393939399
4 0.9260106788710908 0.6457070707070707 0.05034324942791768 0.11262626262626263
4 0.9683447749809306 0.645959595959596 0.04042715484363091 0.09595959595959602
4 0.4870327993897788 0.7825757575757576 0.06331045003813884 0.08535353535353529
4 0.562929061784897 0.7876262626262627 0.04881769641495037 0.08737373737373744
4 0.6144164759725401 0.7876262626262627 0.05415713196033567 0.07525252525252524
4 0.6620900076277652 0.7845959595959596 0.041189931350114395 0.08939393939393936
4 0.7044241037376049 0.7896464646464647 0.05110602593440117 0.08333333333333337
0 0.021739130434782608 0.4664141414141414 0.038901601830663615 0.04999999999999999
4 0.20709382151029748 0.7896464646464647 0.05110602593440122 0.08333333333333337
4 0.15713196033562166 0.7833333333333333 0.04576659038901601 0.09595959595959602
4 0.11365369946605644 0.7896464646464647 0.04424103737604883 0.08737373737373744
4 0.07093821510297482 0.7886363636363636 0.045766590389016024 0.0853535353535354
1 0.4004576659038902 0.4916666666666667 0.04881769641495043 0.050000000000000044
4 0.4309687261632342 0.865909090909091 0.06559877955758964 0.043939393939393945
4 0.4267734553775744 0.922979797979798 0.08771929824561403 0.054040404040404
4 0.7593440122044242 0.7916666666666667 0.058733790999237256 0.08333333333333337
4 0.02669717772692601 0.7845959595959595 0.04271548436308162 0.08131313131313134
4 0.03546910755148741 0.6376262626262625 0.06941266209000763 0.07525252525252524
4 0.6128909229595728 0.7146464646464646 0.09839816933638446 0.045454545454545414
