1 0.3707093821510298 0.7292929292929293 0.06407322654462239 0.045454545454545414
4 0.09572845156369184 0.6416666666666666 0.05568268497330282 0.0792929292929293
1 0.8466819221967963 0.4833333333333333 0.030511060259344025 0.02525252525252525
4 0.33981693363844395 0.647979797979798 0.07246376811594202 0.07474747474747478
4 0.4073226544622426 0.6449494949494949 0.04881769641495043 0.07272727272727275
4 0.4565217391304348 0.647979797979798 0.05568268497330281 0.07474747474747478
4 0.5259344012204424 0.648989898989899 0.05568268497330281 0.07676767676767682
4 0.5812356979405034 0.6467171717171718 0.06102212051868805 0.08131313131313134
4 0.6533180778032037 0.6386363636363637 0.05415713196033567 0.07727272727272727
4 0.7093821510297482 0.6406565656565657 0.05339435545385196 0.07727272727272727
4 0.7898550724637681 0.6426767676767677 0.04958047292143408 0.08131313131313134
4 0.8463005339435545 0.6396464646464646 0.05415713196033556 0.08333333333333337
4 0.927536231884058 0.6439393939393939 0.0442410373760489 0.09595959595959602
4 0.9698703279938978 0.646969696969697 0.0404271548436308 0.08989898989898992
4 0.4877955758962624 0.7866161616161615 0.06483600305110604 0.08131313131313134
4 0.562929061784897 0.7835858585858586 0.051868802440884765 0.08737373737373733
4 0.6170861937452327 0.7825757575757575 0.051868802440884876 0.07727272727272727
4 0.6636155606407323 0.7866161616161615 0.044241037376048786 0.08939393939393947
4 0.7070938215102975 0.7866161616161615 0.04881769641495037 0.0853535353535354
4 0.20938215102974828 0.7876262626262627 0.05873379099923723 0.0792929292929293
4 0.15789473684210525 0.7919191919191919 0.044241037376048814 0.09191919191919196
4 0.11289092295957284 0.7906565656565656 0.048817696414950415 0.08939393939393947
4 0.06903127383676583 0.7906565656565656 0.046529366895499615 0.0853535353535354
1 0.646834477498093 0.502020202020202 0.041189931350114395 0.03737373737373734
4 0.4309687261632342 0.8669191919191919 0.059496567505720854 0.04191919191919202
4 0.4279176201372997 0.921969696969697 0.09000762776506482 0.05202020202020208
3 0.2341723874904653 0.5186868686868686 0.0579710144927536 0.03737373737373739
4 0.7570556826849733 0.794949494949495 0.05110602593440128 0.08080808080808088
4 0.025553012967200608 0.7866161616161615 0.04042715484363081 0.08131313131313134
1 0.6899313501144164 0.28434343434343434 0.02822273073989312 0.03535353535353536
4 0.03508771929824561 0.6406565656565657 0.06864988558352403 0.07727272727272727
4 0.8573607932875668 0.867929292929293 0.08237986270022879 0.0853535353535354
