1 0.7189168573607932 0.7396464646464647 0.03585049580472921 0.02474747474747474
1 0.7120518688024409 0.722979797979798 0.03279938977879482 0.028787878787878807
4 0.09267734553775744 0.6436868686868686 0.05263157894736843 0.07525252525252524
1 0.6071700991609459 0.4792929292929293 0.025934401220442438 0.029292929292929315
1 0.7391304347826086 0.4686868686868687 0.025934401220442438 0.0414141414141414
1 0.8581235697940504 0.451010101010101 0.027459954233409634 0.03535353535353536
4 0.868421052631579 0.7 0.08161708619374519 0.0626262626262627
4 0.33714721586575136 0.6436868686868686 0.07170099160945848 0.0792929292929293
4 0.4084668192219679 0.6439393939393939 0.05110602593440122 0.06666666666666665
4 0.4595728451563692 0.647979797979798 0.05568268497330281 0.07474747474747478
4 0.5297482837528604 0.6467171717171718 0.05415713196033556 0.08131313131313134
4 0.5793287566742944 0.6446969696969698 0.05720823798627006 0.08131313131313134
4 0.6533180778032037 0.6386363636363637 0.05415713196033567 0.07727272727272727
4 0.7086193745232647 0.6406565656565657 0.051868802440884765 0.0732323232323232
4 0.7913806254767353 0.6416666666666666 0.04958047292143408 0.07121212121212117
4 0.8455377574370709 0.6426767676767677 0.04958047292143397 0.07727272727272727
4 0.9275362318840579 0.6406565656565657 0.041189931350114395 0.07727272727272727
4 0.9698703279938978 0.6446969696969698 0.0434782608695653 0.08131313131313134
4 0.4874141876430206 0.7909090909090909 0.061022120518687994 0.07272727272727275
4 0.564836003051106 0.7815656565656566 0.055682684973302754 0.08333333333333326
4 0.6186117467581999 0.7815656565656566 0.048817696414950484 0.0792929292929293
4 0.6651411136536995 0.7906565656565656 0.04729214340198318 0.08131313131313134
4 0.7070938215102975 0.7856060606060606 0.04576659038901598 0.08737373737373744
4 0.20938215102974828 0.7906565656565656 0.05873379099923723 0.08131313131313134
4 0.15789473684210525 0.793939393939394 0.044241037376048814 0.09191919191919196
4 0.11327231121281464 0.7916666666666667 0.05263157894736842 0.08737373737373744
4 0.06826849733028223 0.7896464646464647 0.04805491990846681 0.08737373737373744
1 0.8565980167810832 0.48964646464646466 0.033562166285278416 0.0378787878787879
4 0.4302059496567506 0.8689393939393939 0.05339435545385207 0.04191919191919191
4 0.4279176201372997 0.920959595959596 0.09000762776506482 0.050000000000000044
3 0.5789473684210527 0.5133838383838384 0.05797101449275366 0.04797979797979801
4 0.7566742944317315 0.7916666666666667 0.04729214340198329 0.0792929292929293
4 0.02402745995423341 0.7886363636363636 0.04042715484363082 0.08131313131313134
4 0.03279938977879482 0.6416666666666666 0.06102212051868803 0.0792929292929293
