1 0.7402745995423341 0.5156565656565657 0.023646071700991644 0.03131313131313129
4 0.08848207475209763 0.6439393939393939 0.04424103737604883 0.07070707070707072
1 0.36155606407322655 0.4813131313131313 0.02898550724637683 0.033333333333333326
1 0.45232646834477497 0.47474747474747475 0.030511060259344025 0.033333333333333326
1 0.5926773455377574 0.4906565656565657 0.027459954233409634 0.03585858585858587
1 0.02669717772692601 0.646969696969697 0.04881769641495042 0.06060606060606055
4 0.19069412662090007 0.7 0.08695652173913043 0.05858585858585863
4 0.3329519450800915 0.6386363636363637 0.07246376811594202 0.08131313131313134
4 0.4107551487414187 0.6449494949494949 0.04958047292143403 0.06464646464646462
4 0.4588100686498856 0.646969696969697 0.054157131960335614 0.07272727272727275
4 0.5308924485125859 0.6457070707070707 0.05644546147978635 0.0792929292929293
4 0.5766590389016018 0.6416666666666666 0.051868802440884765 0.07525252525252524
4 0.6552250190694127 0.6345959595959596 0.0442410373760489 0.08131313131313123
4 0.7063310450038138 0.6376262626262625 0.04729214340198318 0.07525252525252524
4 0.7906178489702518 0.6429292929292929 0.04805491990846689 0.06060606060606055
4 0.8428680396643784 0.6416666666666666 0.044241037376048786 0.07525252525252524
4 0.9267734553775744 0.6373737373737374 0.0396643783371472 0.06666666666666665
4 0.9683447749809306 0.6416666666666666 0.0434782608695653 0.07525252525252524
4 0.48474446987032804 0.794949494949495 0.054157131960335614 0.06464646464646462
4 0.5671243325705568 0.7835858585858586 0.05720823798626995 0.0792929292929293
4 0.6178489702517163 0.7823232323232323 0.04729214340198329 0.07272727272727275
4 0.6651411136536995 0.793939393939394 0.04729214340198318 0.07070707070707072
4 0.7059496567505721 0.7876262626262627 0.04347826086956519 0.08333333333333337
4 0.20671243325705568 0.7936868686868688 0.050343249427917625 0.08333333333333337
4 0.15942028985507245 0.7896464646464647 0.047292143401983205 0.0914141414141415
4 0.11479786422578185 0.793939393939394 0.05873379099923723 0.07878787878787885
4 0.06826849733028223 0.7906565656565656 0.04805491990846681 0.08939393939393947
1 0.021739130434782608 0.547979797979798 0.028222730739893214 0.03737373737373739
4 0.4282990083905416 0.8689393939393939 0.05110602593440122 0.04191919191919191
4 0.4282990083905416 0.919949494949495 0.08466819221967964 0.04797979797979801
3 0.935163996948894 0.498989898989899 0.06254767353165525 0.035353535353535415
4 0.7581998474446987 0.7886363636363636 0.0442410373760489 0.0732323232323232
4 0.024790236460717006 0.793939393939394 0.041952707856598014 0.07474747474747478
