1 0.43668954996186116 0.5489898989898989 0.02364607170099159 0.027272727272727226
4 0.08581235697940504 0.6457070707070707 0.038901601830663615 0.050000000000000044
1 0.11403508771929824 0.477020202020202 0.034324942791762014 0.037878787878787845
1 0.17505720823798626 0.4843434343434343 0.037376048817696406 0.023232323232323215
1 0.3016781083142639 0.5489898989898989 0.02974828375286037 0.03131313131313129
1 0.02555301296720061 0.646969696969697 0.05110602593440122 0.06060606060606055
4 0.18954996186117468 0.7103535353535353 0.08466819221967964 0.04999999999999993
4 0.3360030511060259 0.65 0.05263157894736842 0.07474747474747478
4 0.40617848970251713 0.6429292929292929 0.03737604881769646 0.06868686868686869
4 0.45919145690312735 0.6429292929292929 0.04729214340198323 0.06464646464646462
4 0.5259344012204424 0.6446969696969698 0.04958047292143397 0.07727272727272727
4 0.5766590389016018 0.647979797979798 0.04576659038901598 0.07070707070707072
4 0.6586575133485889 0.6396464646464646 0.037376048817696406 0.07121212121212117
4 0.7009916094584288 0.6396464646464646 0.03661327231121281 0.0792929292929293
4 0.7906178489702518 0.6429292929292929 0.0434782608695653 0.06060606060606055
4 0.8424866514111365 0.6409090909090909 0.04195270785659799 0.06464646464646462
4 0.9248665141113653 0.6416666666666666 0.03585049580472921 0.054040404040404
4 0.9698703279938978 0.645959595959596 0.034324942791762014 0.06262626262626259
4 0.48093058733791 0.8020202020202021 0.05415713196033567 0.06666666666666676
4 0.564836003051106 0.7876262626262627 0.0389016018306636 0.07525252525252524
4 0.6189931350114417 0.7835858585858586 0.041952707856598104 0.058080808080808066
4 0.6628527841342486 0.7896464646464647 0.03508771929824561 0.058080808080808066
4 0.7059496567505721 0.797979797979798 0.026697177726926036 0.06262626262626259
4 0.2055682684973303 0.7896464646464647 0.037376048817696406 0.054040404040404
4 0.16285278413424867 0.794949494949495 0.0404271548436308 0.06060606060606055
4 0.11823035850495806 0.8002525252525252 0.051868802440884834 0.054040404040404
4 0.06826849733028223 0.7929292929292929 0.04805491990846681 0.07272727272727275
1 0.8913043478260869 0.4717171717171717 0.02822273073989323 0.03131313131313129
1 0.36498855835240274 0.5540404040404041 0.02822273073989323 0.03737373737373739
1 0.2135774218154081 0.507070707070707 0.013729977116704817 0.03131313131313129
1 0.19069412662090007 0.6762626262626263 0.021357742181540795 0.03535353535353536
4 0.4282990083905416 0.8679292929292929 0.054157131960335614 0.043939393939393945
4 0.4252479023646072 0.919949494949495 0.07856598016781086 0.04797979797979801
4 0.9206712433257056 0.7106060606060607 0.0808543096872616 0.05858585858585863
4 0.7540045766590389 0.7992424242424243 0.03585049580472921 0.05202020202020197
4 0.02898550724637681 0.793939393939394 0.03356216628527841 0.07474747474747478
