1 0.4334586466165413 0.5236260914227016 0.026315789473684237 0.01900359527478168
1 0.44661654135338347 0.4933230611196713 0.016541353383458635 0.02927580893682591
1 0.43721804511278195 0.5300462249614792 0.02781954887218041 0.02259887005649719
1 0.6691729323308271 0.48099640472521826 0.04210526315789476 0.04571135079609656
1 0.4323308270676692 0.5559835644581408 0.0345864661654135 0.03749357986646118
1 0.4556390977443609 0.4820236260914227 0.015037593984962405 0.0313302516692347
1 0.3639097744360902 0.5154083204930662 0.034586466165413554 0.027221366204417063
1 0.36278195488721804 0.5061633281972265 0.0368421052631579 0.02927580893682591
1 0.5030075187969925 0.4892141756548536 0.02105263157894738 0.033384694401643544
1 0.218796992481203 0.45274781715459683 0.01954887218045112 0.043656908063687716
