1 0.6695488721804511 0.5416024653312789 0.026315789473684292 0.03749357986646129
1 0.6413533834586467 0.5143810991268618 0.025563909774436122 0.033384694401643544
1 0.5135338345864662 0.01335387776065742 0.03308270676691727 0.02670775552131484
1 0.6424812030075189 0.53954802259887 0.03082706766917298 0.0333846944016436
1 0.6274436090225564 0.48407806882383153 0.03383458646616544 0.035439137134052334
1 0.06315789473684211 0.5287621982537236 0.036090225563909784 0.03749357986646118
1 0.07030075187969925 0.5017976373908577 0.04135338345864662 0.028762198253723725
1 0.7552631578947369 0.5164355418592707 0.03383458646616544 0.05392912172573183
1 0.6293233082706766 0.5082177709296354 0.018045112781954864 0.03749357986646118
1 0.39699248120300756 0.4558294812532101 0.022556390977443608 0.029275808936825853
1 0.3676691729323308 0.6391884951206985 0.03007518796992481 0.04571135079609656
1 0.4018796992481203 0.4768875192604006 0.023308270676691722 0.025166923472008218
1 0.4135338345864662 0.4558294812532101 0.01954887218045115 0.029275808936825853
1 0.5135338345864662 0.03826399589111454 0.03007518796992481 0.03954802259887005
