1 0.6424812030075189 0.7362609142270159 0.03082706766917298 0.039548022598870025
1 0.5101503759398496 0.014381099126861838 0.029323308270676696 0.024653312788906007
1 0.6560150375939849 0.41859270672829996 0.02932330827067675 0.05855161787365176
1 0.37744360902255636 0.8903441191576785 0.033082706766917325 0.04776579352850541
1 0.1793233082706767 0.4987159732922445 0.023308270676691722 0.02670775552131488
0 0.40150375939849625 0.5559835644581408 0.034586466165413554 0.07036466358500248
1 0.4488721804511278 0.47380585516178736 0.03157894736842104 0.027221366204417063
1 0.1800751879699248 0.4696969696969697 0.030827067669172925 0.027221366204417008
1 0.1830827067669173 0.48099640472521826 0.030827067669172925 0.025166923472008218
1 0.512406015037594 0.037236774524910116 0.02781954887218041 0.03338469440164356
