1 0.39621212121212124 0.545288197621226 0.02373737373737378 0.05489478499542544
1 0.4462121212121212 0.4725526075022873 0.023737373737373724 0.04117108874656905
1 0.11313131313131312 0.8444647758462946 0.029292929292929287 0.04391582799634042
1 0.13863636363636364 0.6454711802378774 0.02474747474747474 0.057639524245196694
1 0.3116161616161616 0.3577310155535224 0.02323232323232327 0.03293687099725523
1 0.36843434343434345 0.1161939615736505 0.023737373737373724 0.05855443732845378
1 0.45606060606060606 0.49496797804208603 0.026262626262626265 0.04574565416285453
1 0.7267676767676767 0.15050320219579139 0.02929292929292926 0.03568161024702651
1 0.10883838383838385 0.8055809698078682 0.020707070707070716 0.05032021957914001
1 0.12601010101010102 0.8257090576395243 0.02777777777777779 0.05215004574565418
1 0.658080808080808 0.11756633119853613 0.019191919191919204 0.03568161024702653
1 0.6601010101010101 0.15187557182067704 0.015151515151515138 0.02927721866422689
1 0.7242424242424242 0.49130832570905764 0.04040404040404044 0.04940530649588293
1 0.6818181818181819 0.1537053979871912 0.022222222222222254 0.02927721866422689
1 0.6795454545454545 0.1171088746569076 0.023737373737373724 0.031107044830741087
1 0.7388888888888889 0.12763037511436415 0.022222222222222254 0.022872827081427266
