1 0.368796992481203 0.7175141242937852 0.0443609022556391 0.04827940421160759
1 0.34210526315789475 0.4768875192604006 0.04060150375939853 0.025166923472008218
1 0.6120300751879699 0.14869029275808937 0.042105263157894646 0.043656908063687716
0 0.3823308270676692 0.5611196712891628 0.023308270676691722 0.043656908063687716
1 0.8830827067669174 0.2570621468926554 0.03383458646616544 0.05187467899332304
1 0.8571428571428572 0.20929635336414998 0.0345864661654135 0.03954802259887005
1 0.8327067669172932 0.9840780688238315 0.027819548872180522 0.02259887005649719
1 0.3432330827067669 0.4476117103235747 0.04586466165413533 0.033384694401643544
1 0.34060150375939846 0.46635850025680536 0.04060150375939847 0.02465331278890598
1 0.33909774436090223 0.49357986646122237 0.03759398496240601 0.020544427324088343
1 0.6413533834586466 0.7860811504879301 0.03007518796992481 0.039548022598870025
