1 0.9878787878787878 0.2392497712717292 0.018181818181818188 0.05032021957914001
1 0.5179292929292929 0.8847209515096066 0.02777777777777779 0.029277218664226945
1 0.5184343434343435 0.9162854528819762 0.023737373737373724 0.03751143641354071
1 0.3803030303030303 0.394327538883806 0.030303030303030276 0.04025617566331202
1 0.39545454545454545 0.35864592863677947 0.033333333333333326 0.02744739249771272
1 0.7464646464646465 0.7099725526075022 0.02929292929292926 0.042086001829826136
0 0.33535353535353535 0.3151875571820677 0.04040404040404044 0.04849039341262584
0 0.3318181818181818 0.3618481244281793 0.03333333333333338 0.02470265324794141
0 0.36717171717171715 0.22461116193961572 0.043434343434343436 0.053979871912168326
1 0.3747474747474747 0.12900274473924978 0.03636363636363632 0.04574565416285453
1 0.829040404040404 0.11299176578225069 0.02474747474747474 0.03934126258005491
1 0.9893939393939394 0.27035681610247025 0.015151515151515138 0.03751143641354071
1 0.7477272727272728 0.06129917657822507 0.03181818181818186 0.031107044830741074
0 0.3603535353535353 0.3796889295516926 0.0318181818181818 0.031107044830741115
