1 0.6454887218045113 0.4224447868515665 0.027819548872180522 0.037493579866461235
1 0.42330827067669174 0.6047765793528506 0.025563909774436067 0.043656908063687716
1 0.38421052631578945 0.524653312788906 0.033082706766917325 0.0498202362609142
1 0.2161654135338346 0.4517205957883924 0.024812030075187952 0.025166923472008218
1 0.18646616541353384 0.4445300462249615 0.024060150375939837 0.027221366204417008
1 0.17481203007518797 0.4601951720595788 0.027819548872180466 0.02876219825372367
1 0.8676691729323308 0.6571648690292757 0.022556390977443552 0.035439137134052445
1 0.5616541353383459 0.17180277349768874 0.021052631578947434 0.03543913713405239
1 0.6172932330827068 0.5236260914227016 0.03759398496240607 0.031330251669234754
1 0.4575187969924812 0.49768875192604 0.04586466165413533 0.05033384694401638
1 0.6112781954887219 0.5092449922958397 0.03759398496240596 0.023112480739599428
