1 0.44974747474747473 0.7913998170173834 0.02777777777777779 0.029277218664226945
1 0.5568181818181818 0.8019213174748399 0.02474747474747474 0.03751143641354071
1 0.38181818181818183 0.4089661482159195 0.03030303030303033 0.040256175663311966
1 0.3977272727272727 0.36001829826166515 0.02878787878787875 0.02470265324794141
1 0.5664141414141415 0.484903934126258 0.03080808080808073 0.042086001829826136
1 0.7477272727272728 0.7090576395242452 0.03181818181818186 0.043915827996340306
0 0.3414141414141414 0.30649588289112534 0.03636363636363632 0.043915827996340306
0 0.3318181818181818 0.35086916742909424 0.03333333333333338 0.03934126258005488
1 0.07752525252525252 0.3952424519670631 0.030808080808080812 0.04574565416285453
1 0.5108585858585859 0.15690759377859104 0.03080808080808073 0.05215004574565418
1 0.7477272727272728 0.06129917657822507 0.03181818181818186 0.031107044830741074
0 0.3553030303030303 0.3774016468435499 0.02777777777777779 0.03568161024702654
1 0.5767676767676768 0.833028362305581 0.02929292929292926 0.03385178408051237
