1 0.5676691729323309 0.47996918335901384 0.013533834586466065 0.019003595274781737
1 0.5593984962406016 0.5112994350282486 0.019548872180451204 0.027221366204417008
1 0.5669172932330826 0.4892141756548536 0.015037593984962405 0.01694915254237289
1 0.07744360902255638 0.46558808423215203 0.03308270676691729 0.039548022598870025
1 0.40751879699248117 0.5518746789933231 0.01804511278195492 0.03338469440164349
1 0.39473684210526316 0.5529019003595275 0.024060150375939893 0.03133025166923464
1 0.418796992481203 0.5539291217257318 0.019548872180451093 0.03338469440164349
1 0.4357142857142857 0.5549563430919363 0.02781954887218041 0.03133025166923464
1 0.4390977443609022 0.47380585516178736 0.03759398496240601 0.043656908063687716
1 0.5744360902255639 0.5287621982537236 0.0390977443609023 0.04571135079609656
1 0.7045112781954888 0.524653312788906 0.02857142857142858 0.0333846944016436
1 0.4725563909774436 0.34565998972778633 0.03533834586466167 0.050333846944016436
1 0.38421052631578945 0.5267077555213149 0.033082706766917325 0.04160246533127887
