1 0.30375939849624056 0.49768875192604006 0.01954887218045115 0.024653312788906034
1 0.3075187969924812 0.4789419619928095 0.015037593984962405 0.021058038007190583
1 0.058646616541353384 0.5010272213662044 0.02406015037593985 0.035439137134052445
0 0.3966165413533834 0.5706214689265536 0.030827067669172925 0.046224961479198745
1 0.31052631578947365 0.5082177709296353 0.01954887218045115 0.029275808936825853
1 0.3093984962406015 0.4861325115562404 0.014285714285714235 0.01900359527478168
1 0.3849624060150376 0.7614278376990241 0.01804511278195492 0.035439137134052334
1 0.37481203007518793 0.7614278376990241 0.027819548872180466 0.035439137134052334
1 0.3984962406015038 0.7578325629173086 0.01954887218045115 0.03749357986646118
1 0.41466165413533834 0.7526964560862865 0.02781954887218041 0.035439137134052445
1 0.03609022556390977 0.46122239342578325 0.03609022556390977 0.0441705187467899
1 0.7417293233082707 0.5143810991268618 0.02932330827067675 0.029275808936825853
1 0.8037593984962406 0.45505906522855677 0.03308270676691727 0.06060606060606061
1 0.7176691729323308 0.5225988700564972 0.03383458646616544 0.04160246533127887
1 0.013909774436090224 0.48407806882383153 0.02631578947368421 0.039548022598870025
1 0.08157894736842106 0.4789419619928095 0.03082706766917294 0.037493579866461235
1 0.6300751879699248 0.6196712891628147 0.03007518796992481 0.035439137134052445
