1 0.06428571428571428 0.4956343091936312 0.02932330827067669 0.020544427324088343
1 0.06278195488721805 0.4768875192604006 0.02330827067669173 0.021058038007190527
1 0.41766917293233086 0.49024139702105807 0.027819548872180466 0.04365690806368777
1 0.5541353383458647 0.1997945557267591 0.03609022556390984 0.02876219825372367
1 0.06428571428571428 0.504879301489471 0.023308270676691736 0.018489984591679554
1 0.0642857142857143 0.48510529019003595 0.026315789473684216 0.021058038007190527
1 0.39398496240601505 0.9663585002568054 0.03308270676691727 0.04160246533127887
1 0.374812030075188 0.9622496147919877 0.024812030075187952 0.03749357986646129
1 0.4045112781954887 0.963276836158192 0.02706766917293235 0.039548022598870136
1 0.4285714285714286 0.9622496147919877 0.036090225563909784 0.04571135079609645
1 0.3586466165413534 0.47277863379558294 0.02857142857142858 0.04571135079609656
1 0.4387218045112782 0.4748330765279918 0.030827067669172925 0.03749357986646118
1 0.6447368421052632 0.8507960965588084 0.03533834586466167 0.039548022598870025
