4 0.18082706766917295 0.647663071391885 0.051879699248120276 0.0996404725218285
1 0.1274436090225564 0.4933230611196713 0.024812030075187952 0.037493579866461235
5 0.2642857142857143 0.5205444273240883 0.11503759398496241 0.045711350796096506
1 0.33421052631578946 0.49640472521828455 0.024812030075187952 0.031330251669234754
1 0.34285714285714286 0.4619928094504365 0.03609022556390973 0.037493579866461235
1 0.11015037593984962 0.45582948125321004 0.029323308270676696 0.04571135079609656
1 0.3676691729323308 0.5362095531587057 0.02706766917293235 0.08936825885978428
4 0.7229323308270676 0.5477657935285054 0.06390977443609025 0.0333846944016436
4 0.09473684210526315 0.6558808423215203 0.05413533834586466 0.07909604519774016
1 0.12330827067669173 0.5580380071905495 0.03007518796992481 0.05392912172573194
4 0.046240601503759395 0.6548536209553159 0.03984962406015037 0.081150487930149
4 0.32593984962406014 0.6402157164869029 0.03383458646616544 0.09809964047252184
4 0.3763157894736842 0.6466358500256806 0.047368421052631615 0.10580380071905504
4 0.05451127819548872 0.8009758602978942 0.03984962406015038 0.10220852593733942
4 0.10225563909774435 0.810220852593734 0.052631578947368404 0.0919363122752953
