4 0.175187969924812 0.6466358500256806 0.07067669172932331 0.08936825885978428
4 0.09473684210526316 0.647663071391885 0.06015037593984962 0.08731381612737543
1 0.6109022556390977 0.7516692347200822 0.047368421052631615 0.04571135079609656
5 0.7169172932330827 0.544427324088341 0.0759398496240602 0.06060606060606055
1 0.015413533834586464 0.5331278890600925 0.02932330827067669 0.05444273240883413
1 0.8578947368421053 0.43836671802773497 0.03007518796992481 0.04776579352850541
1 0.7921052631578948 0.7110939907550077 0.02932330827067675 0.039548022598870025
3 0.8146616541353384 0.5017976373908577 0.047368421052631615 0.05444273240883407
1 0.6048872180451128 0.4758602978941962 0.02781954887218041 0.043656908063687716
1 0.9593984962406015 0.5975860297894195 0.03609022556390973 0.04982023626091425
1 0.6661654135338346 0.5351823317925013 0.03308270676691727 0.05444273240883413
4 0.039473684210526314 0.6517719568567026 0.045864661654135344 0.07909604519774005
4 0.3240601503759398 0.6425269645608629 0.04812030075187973 0.07293271700051362
4 0.37406015037593987 0.6456086286594761 0.0518796992481203 0.07909604519774005
4 0.047744360902255645 0.7986646122239343 0.045864661654135344 0.08936825885978439
4 0.10300751879699248 0.7955829481253209 0.057142857142857134 0.08320493066255785
1 0.43646616541353384 0.49024139702105807 0.03233082706766921 0.027221366204417008
1 0.43796992481203006 0.5082177709296353 0.03984962406015036 0.029275808936825853
1 0.5763157894736842 0.46738572162300973 0.02781954887218041 0.05649717514124292
1 0.6492481203007519 0.450693374422188 0.02631578947368418 0.0518746789933231
1 0.5684210526315789 0.4881869542886492 0.04060150375939853 0.0518746789933231
1 0.6281954887218044 0.4830508474576271 0.023308270676691722 0.04571135079609656
1 0.6552631578947369 0.49024139702105807 0.024812030075187952 0.03954802259887008
