3 0.5584958217270195 0.21311893823379274 0.01810584958217265 0.01888718734047984
3 0.5842618384401115 0.22052067381316998 0.030640668523676973 0.033690658499234305
1 0.5640668523676879 0.3986727922409392 0.00974930362116988 0.05206738131699845
3 0.38718662952646243 0.6413986727922409 0.04178272980501391 0.03318019397651861
1 0.1901114206128134 0.2672281776416539 0.041782729805013935 0.027054619703930527
1 0.26775766016713093 0.2820316488004084 0.04387186629526463 0.027054619703930527
1 0.03551532033426184 0.2881572230729964 0.02506963788300836 0.031138335885655954
1 0.06824512534818941 0.4499744767738642 0.04317548746518106 0.02501276161306787
0 0.49895543175487467 0.42368555385400714 0.03133704735376047 0.03573251659009702
0 0.532033426183844 0.6207248596222563 0.04038997214484674 0.05002552322613585
1 0.31058495821727017 0.2932618683001531 0.022284122562674147 0.025012761613067924
1 0.4491643454038997 0.7320061255742726 0.026462395543175476 0.0316488004083717
1 0.479108635097493 0.7276671771311893 0.019498607242339816 0.027054619703930638
3 0.5334261838440111 0.9862174578866769 0.02089136490250698 0.022460438999489463
1 0.5010445682451253 0.8547728432873916 0.018802228412256206 0.027054619703930638
1 0.5146239554317549 0.6602858601327208 0.027855153203342642 0.02501276161306787
1 0.08217270194986073 0.6454823889739663 0.037604456824512536 0.029096477794793185
0 0.42479108635097496 0.3226135783563042 0.02228412256267409 0.033690658499234305
0 0.6594707520891365 0.5393057682491067 0.02228412256267409 0.03318019397651861
0 0.6183844011142061 0.5934150076569679 0.029247910863509752 0.029096477794793296
0 0.5842618384401115 0.5778458397141399 0.02506963788300831 0.04798366513527308
1 0.5710306406685237 0.6955079122001021 0.029247910863509752 0.016845329249617125
1 0.5431754874651811 0.7266462480857581 0.012534818941504211 0.029096477794793296
1 0.5222841225626741 0.7113323124042878 0.01532033426183843 0.027054619703930638
0 0.3307799442896936 0.6383358856559469 0.0348189415041783 0.0393057682491067
0 0.3398328690807799 0.4392547217968351 0.03899721448467969 0.029096477794793296
