4 0.17593984962406015 0.6466358500256806 0.07218045112781957 0.0770416024653312
1 0.3481203007518797 0.47277863379558294 0.01954887218045115 0.025166923472008218
1 0.29736842105263156 0.45582948125321004 0.023308270676691722 0.025166923472008218
1 0.7105263157894737 0.4183359013867488 0.019548872180451093 0.029275808936825853
1 0.7259398496240601 0.41628145865433996 0.021804511278195493 0.033384694401643544
1 0.9398496240601504 0.5477657935285054 0.03007518796992481 0.04571135079609656
3 0.0962406015037594 0.652799178222907 0.05714285714285715 0.07293271700051362
4 0.03609022556390978 0.652799178222907 0.05413533834586466 0.07704160246533132
4 0.3225563909774436 0.6435541859270673 0.05413533834586465 0.0626605033384694
4 0.3733082706766917 0.6445814072932717 0.05338345864661659 0.07293271700051362
4 0.04473684210526316 0.8007190549563431 0.04586466165413533 0.07293271700051362
4 0.1 0.7945557267591166 0.05413533834586466 0.07704160246533132
4 0.7150375939849625 0.5477657935285054 0.05563909774436093 0.03749357986646129
1 0.7105263157894737 0.4892141756548536 0.016541353383458635 0.025166923472008162
1 0.7135338345864661 0.5059065228556754 0.019548872180451093 0.0205444273240884
1 0.2845864661654135 0.45814072932717 0.024812030075188007 0.02465331278890598
1 0.3511278195488722 0.4601951720595788 0.022556390977443608 0.024653312788906034
1 0.3827067669172932 0.4758602978941962 0.01954887218045115 0.027221366204417063
1 0.26766917293233083 0.4707241910631741 0.025563909774436122 0.029275808936825853
1 0.3398496240601504 0.4830508474576271 0.01954887218045115 0.02927580893682591
1 0.3710526315789474 0.4809964047252183 0.01578947368421052 0.037493579866461235
