4 0.17819548872180452 0.6497175141242938 0.06766917293233082 0.07498715973292236
1 0.9477443609022556 0.9643040575243965 0.02631578947368418 0.03749357986646129
4 0.03571428571428571 0.6548536209553159 0.060902255639097735 0.07704160246533132
4 0.08984962406015037 0.6538263995891114 0.0699248120300752 0.07909604519774016
4 0.32105263157894737 0.6435541859270673 0.0541353383458647 0.0626605033384694
4 0.3736842105263158 0.647663071391885 0.0541353383458647 0.07909604519774005
4 0.04398496240601504 0.802773497688752 0.05037593984962406 0.07293271700051362
4 0.09887218045112782 0.8007190549563431 0.0518796992481203 0.07704160246533132
4 0.7131578947368421 0.5487930148947098 0.06390977443609014 0.039548022598870025
1 0.8522556390977444 0.4363122752953261 0.03082706766917287 0.03543913713405239
1 0.9274436090225564 0.4527478171545968 0.024812030075187952 0.03543913713405239
1 0.9402255639097744 0.4676425269645609 0.02781954887218041 0.0313302516692347
1 0.011654135338345865 0.5133538777606574 0.02330827067669173 0.03543913713405239
4 0.9289473684210526 0.9612223934257833 0.041353383458646586 0.047765793528505296
1 0.07669172932330827 0.4393939393939394 0.018045112781954892 0.02927580893682591
