4 0.17593984962406015 0.6517719568567026 0.07218045112781957 0.07909604519774005
1 0.21203007518796993 0.45788392398561895 0.03007518796992481 0.037493579866461235
1 0.9300751879699248 0.5277349768875192 0.03308270676691727 0.03133025166923464
1 0.9327067669172933 0.5051361068310221 0.024812030075187952 0.027221366204417063
0 0.4710526315789474 0.5071905495634309 0.03984962406015041 0.035439137134052334
1 0.9605263157894737 0.9360554699537751 0.024812030075187952 0.043656908063687716
5 0.7191729323308271 0.5529019003595275 0.06992481203007517 0.04776579352850541
4 0.033458646616541354 0.6610169491525424 0.06240601503759399 0.081150487930149
4 0.08796992481203007 0.6538263995891114 0.07067669172932331 0.07909604519774016
4 0.31954887218045114 0.6425269645608629 0.05714285714285716 0.06471494607087824
4 0.37255639097744364 0.6517719568567026 0.05488721804511282 0.08320493066255774
4 0.04135338345864662 0.7996918335901386 0.06165413533834587 0.08320493066255785
4 0.09849624060150376 0.8038007190549563 0.055639097744360905 0.08731381612737543
1 0.20413533834586467 0.5279917822290704 0.02781954887218044 0.06882383153569599
1 0.4721804511278196 0.4830508474576271 0.036090225563909784 0.03749357986646118
4 0.9293233082706767 0.9622496147919877 0.03759398496240596 0.05392912172573183
1 0.280827067669173 0.4414483821263482 0.029323308270676696 0.037493579866461235
1 0.19548872180451127 0.5100154083204931 0.036090225563909756 0.07087827426810472
1 0.5988721804511279 0.7465331278890601 0.020300751879699264 0.027221366204417063
