4 0.17330827067669172 0.6507447354904983 0.07443609022556391 0.0770416024653312
1 0.2718045112781955 0.43220338983050843 0.02781954887218041 0.0313302516692347
5 0.49624060150375937 0.4871597329224448 0.07669172932330826 0.04160246533127887
1 0.6225563909774436 0.5287621982537236 0.03157894736842104 0.029275808936825798
1 0.6259398496240601 0.5133538777606574 0.021804511278195493 0.027221366204417008
0 0.7774436090225564 0.5184899845916795 0.03609022556390973 0.0333846944016436
1 0.9733082706766918 0.6746276322547509 0.027819548872180522 0.04160246533127887
1 0.7552631578947369 0.5277349768875192 0.024812030075187952 0.043656908063687716
5 0.7218045112781954 0.5487930148947098 0.046616541353383445 0.023112480739599373
4 0.03233082706766917 0.6612737544940934 0.05714285714285714 0.08577298407806888
4 0.08571428571428572 0.6558808423215203 0.07218045112781954 0.07498715973292247
4 0.3176691729323308 0.6373908577298408 0.05789473684210522 0.06676938880328709
4 0.37255639097744364 0.6414997431946585 0.05488721804511282 0.06676938880328709
4 0.04060150375939849 0.7853107344632768 0.06766917293233082 0.07498715973292247
4 0.09285714285714286 0.802773497688752 0.06390977443609022 0.08525937339496659
