4 0.1800751879699248 0.6517719568567026 0.060902255639097735 0.07909604519774005
1 0.5556390977443608 0.5133538777606574 0.021052631578947323 0.01900359527478168
1 0.3018796992481203 0.5487930148947098 0.023308270676691722 0.027221366204417063
1 0.3097744360902256 0.5225988700564972 0.01804511278195492 0.025166923472008218
1 0.9571428571428571 0.42141756548536213 0.015037593984962405 0.03954802259887008
1 0.35789473684210527 0.4933230611196713 0.016541353383458635 0.025166923472008218
1 0.8706766917293233 0.42886492039034413 0.016541353383458635 0.024653312788906034
1 0.8221804511278196 0.5082177709296354 0.02781954887218041 0.025166923472008274
5 0.7218045112781954 0.5487930148947098 0.046616541353383445 0.023112480739599373
4 0.03571428571428571 0.6581920903954803 0.05037593984962406 0.0919363122752953
4 0.09210526315789473 0.6517719568567026 0.04887218045112782 0.08731381612737543
4 0.32067669172932334 0.6363636363636364 0.0443609022556391 0.07293271700051362
4 0.37406015037593987 0.6371340523882897 0.0518796992481203 0.09193631227529542
4 0.04548872180451127 0.8007190549563431 0.047368421052631574 0.06882383153569593
4 0.09548872180451129 0.8058551617873653 0.04661654135338346 0.06676938880328709
1 0.8240601503759399 0.4861325115562404 0.015037593984962405 0.0313302516692347
