4 0.1766917293233083 0.6548536209553159 0.07669172932330828 0.06471494607087824
1 0.893609022556391 0.5477657935285054 0.026315789473684292 0.03749357986646129
1 0.31353383458646616 0.5246533127889059 0.03308270676691727 0.03749357986646118
1 0.8537593984962406 0.43836671802773497 0.03082706766917287 0.043656908063687716
1 0.07969924812030076 0.43528505392912176 0.03458646616541353 0.037493579866461235
1 0.8052631578947368 0.49435028248587576 0.03007518796992481 0.04365690806368777
1 0.48157894736842105 0.48510529019003595 0.02781954887218041 0.02927580893682591
1 0.8033834586466165 0.4768875192604006 0.026315789473684292 0.04571135079609656
1 0.8056390977443608 0.4707241910631741 0.02631578947368418 0.041602465331278926
5 0.7154135338345865 0.546738572162301 0.06240601503759402 0.031330251669234754
4 0.031578947368421054 0.6579352850539291 0.04661654135338346 0.06676938880328709
4 0.08721804511278194 0.654853620955316 0.05864661654135338 0.08525937339496659
4 0.3191729323308271 0.6373908577298408 0.04736842105263156 0.07498715973292247
4 0.37255639097744364 0.6456086286594761 0.05488721804511282 0.07909604519774005
4 0.046992481203007516 0.7986646122239343 0.0443609022556391 0.06060606060606055
4 0.09812030075187969 0.8038007190549563 0.05037593984962406 0.07498715973292247
1 0.4928571428571429 0.4707241910631741 0.024812030075188007 0.033384694401643544
1 0.31353383458646616 0.5143810991268618 0.03007518796992481 0.037493579866461235
