5 0.18082706766917295 0.6466358500256806 0.06541353383458645 0.08936825885978428
1 0.8864661654135337 0.4342578325629173 0.03157894736842104 0.03543913713405239
0 0.6578947368421053 0.49126861838726243 0.03007518796992481 0.041602465331278926
1 0.08759398496240602 0.42809450436569085 0.02631578947368421 0.03543913713405239
1 0.35037593984962406 0.4707241910631741 0.021052631578947323 0.029275808936825853
1 0.35037593984962406 0.5082177709296354 0.021052631578947323 0.025166923472008274
1 0.6105263157894737 0.45993836671802774 0.019548872180451093 0.03749357986646118
1 0.630827067669173 0.4517205957883924 0.018045112781954864 0.033384694401643544
1 0.6406015037593985 0.4653312788906009 0.021052631578947434 0.030816640986132515
1 0.4898496240601504 0.5318438623523369 0.024812030075188007 0.035439137134052334
1 0.5954887218045113 0.5143810991268618 0.03308270676691727 0.037493579866461235
1 0.8890977443609023 0.47996918335901384 0.023308270676691722 0.03954802259887008
1 0.3537593984962406 0.48407806882383153 0.018796992481203034 0.027221366204417063
1 0.3511278195488722 0.49666153055983564 0.022556390977443608 0.02259887005649719
5 0.7176691729323308 0.5457113507960966 0.07293233082706763 0.04160246533127898
1 0.2808270676691729 0.6006676938880329 0.03233082706766921 0.039548022598870025
4 0.037218045112781956 0.6507447354904983 0.06090225563909774 0.08525937339496659
4 0.09774436090225563 0.647663071391885 0.05714285714285715 0.08320493066255774
4 0.31842105263157894 0.6363636363636364 0.059398496240601506 0.0852593733949667
4 0.37406015037593987 0.6404725218284539 0.06541353383458648 0.08936825885978428
4 0.04586466165413534 0.7925012840267078 0.05413533834586466 0.0811504879301489
4 0.10563909774436091 0.802773497688752 0.06240601503759399 0.081150487930149
1 0.8748120300751879 0.5965588084232152 0.024812030075187952 0.043656908063687716
1 0.04887218045112782 0.5436569080636877 0.03157894736842106 0.04571135079609656
