1 0.9342105263157895 0.4558294812532101 0.024812030075187952 0.029275808936825853
1 0.9469924812030075 0.4414483821263482 0.024812030075187952 0.037493579866461235
1 0.9612781954887217 0.4558294812532101 0.023308270676691722 0.033384694401643544
1 0.8357142857142857 0.5174627632254751 0.024812030075187952 0.031330251669234754
1 0.9259398496240602 0.5154083204930663 0.03082706766917287 0.03954802259887008
1 0.5578947368421052 0.49024139702105807 0.022556390977443663 0.04365690806368777
1 0.22669172932330828 0.4558294812532101 0.029323308270676696 0.0498202362609142
1 0.11917293233082707 0.4809964047252183 0.024812030075187966 0.029275808936825853
1 0.11541353383458647 0.4997431946584489 0.029323308270676696 0.038007190549563474
5 0.718421052631579 0.5467385721623009 0.06842105263157894 0.043656908063687716
1 0.4398496240601504 0.6340523882896765 0.03007518796992481 0.043656908063687716
1 0.07330827067669173 0.4291217257318952 0.021804511278195486 0.0333846944016436
4 0.03458646616541353 0.6548536209553159 0.055639097744360905 0.07704160246533132
4 0.0962406015037594 0.6497175141242938 0.05413533834586466 0.08320493066255774
4 0.31842105263157894 0.6414997431946585 0.05639097744360899 0.07498715973292247
4 0.37518796992481207 0.6414997431946585 0.05413533834586465 0.07498715973292247
4 0.0462406015037594 0.7955829481253209 0.059398496240601506 0.07498715973292247
4 0.10526315789473684 0.7996918335901386 0.06165413533834585 0.08320493066255785
1 0.6676691729323307 0.524653312788906 0.025563909774436122 0.0498202362609142
1 0.37819548872180453 0.5416024653312789 0.03759398496240601 0.03749357986646129
