3 0.5605849582172702 0.18504338948443083 0.027855153203342642 0.03318019397651861
3 0.5940111420612814 0.1934660541092394 0.03064066852367686 0.03369065849923428
1 0.5647632311977716 0.3935681470137825 0.013927576601671321 0.033690658499234305
3 0.41225626740947074 0.656967840735069 0.04178272980501396 0.03573251659009691
1 0.17896935933147634 0.26416539050535986 0.041782729805013935 0.02909647779479327
1 0.27298050139275765 0.2820316488004084 0.04456824512534818 0.027054619703930527
1 0.03551532033426184 0.2881572230729964 0.02506963788300836 0.031138335885655954
1 0.0926183844011142 0.4453802960694232 0.04178272980501392 0.02909647779479324
0 0.512883008356546 0.37570188871873406 0.03133704735376047 0.03573251659009702
0 0.5431754874651811 0.6028586013272077 0.01810584958217265 0.03164880040837159
1 0.31197771587743733 0.29785604900459417 0.02228412256267409 0.02909647779479324
1 0.4463788300835655 0.7299642674834099 0.026462395543175476 0.03164880040837159
1 0.4763231197771588 0.7276671771311893 0.019498607242339816 0.027054619703930638
3 0.5236768802228413 0.9862174578866769 0.02089136490250698 0.022460438999489463
1 0.5010445682451253 0.8466054109239408 0.018802228412256206 0.027054619703930527
1 0.5564066852367688 0.6541602858601328 0.027855153203342642 0.02501276161306787
1 0.09192200557103064 0.6434405308831036 0.03760445682451252 0.029096477794793296
0 0.4233983286908078 0.34558448187850943 0.02228412256267409 0.033690658499234305
0 0.6218662952646239 0.531138335885656 0.02228412256267409 0.03318019397651861
0 0.6183844011142061 0.579122001020929 0.029247910863509752 0.029096477794793296
0 0.5786908077994428 0.5632976008167432 0.02506963788300831 0.04747320061255744
1 0.5619777158774373 0.6965288412455335 0.02506963788300831 0.018887187340479783
1 0.5362116991643454 0.7289433384379785 0.012534818941504211 0.029606942317508933
1 0.5153203342618384 0.7133741704951506 0.01532033426183843 0.027054619703930527
0 0.3447075208913649 0.6403777437468096 0.03481894150417825 0.0393057682491067
0 0.3412256267409471 0.43721286370597245 0.03899721448467963 0.02909647779479324
