1 0.9191729323308271 0.4465844889573703 0.024812030075187952 0.027221366204417063
1 0.09022556390977443 0.5362095531587057 0.019548872180451135 0.02259887005649719
1 0.08796992481203007 0.5143810991268618 0.034586466165413526 0.029275808936825853
1 0.24548872180451126 0.48715973292244474 0.03383458646616541 0.037493579866461235
0 0.6778195488721805 0.4758602978941962 0.02631578947368418 0.039548022598870025
1 0.6947368421052631 0.4622496147919877 0.021052631578947323 0.028762198253723725
1 0.7184210526315788 0.524653312788906 0.020300751879699264 0.02927580893682591
1 0.10451127819548872 0.5457113507960966 0.03157894736842104 0.04982023626091414
1 0.9834586466165414 0.5225988700564972 0.021052631578947434 0.03749357986646129
1 0.024812030075187973 0.39368258859784283 0.02255639097744361 0.02927580893682591
1 0.9075187969924812 0.43117616846430407 0.021052631578947323 0.02927580893682591
1 0.3349624060150376 0.450693374422188 0.029323308270676696 0.031330251669234754
1 0.07255639097744361 0.42167437082691317 0.03233082706766918 0.022598870056497133
