5 0.7169172932330827 0.5539291217257318 0.0759398496240602 0.04571135079609656
1 0.7481203007518797 0.6381612737544942 0.03007518796992481 0.05187467899332299
1 0.4406015037593985 0.532100667693888 0.03157894736842104 0.02670775552131477
1 0.43796992481203006 0.5038520801232665 0.048872180451127845 0.046224961479198745
1 0.6150375939849624 0.5154083204930663 0.03308270676691727 0.04776579352850541
4 0.16766917293233083 0.6561376476630714 0.0887218045112782 0.10015408320493069
2 0.5593984962406016 0.4696969696969697 0.03609022556390984 0.04776579352850535
1 0.868421052631579 0.4322033898305085 0.04060150375939853 0.043656908063687716
1 0.29210526315789476 0.4268104776579353 0.03984962406015041 0.07498715973292247
1 0.3620300751879699 0.504879301489471 0.024812030075187952 0.0811504879301489
4 0.09548872180451126 0.7986646122239343 0.06616541353383457 0.11915767847971237
4 0.04548872180451128 0.802773497688752 0.06090225563909775 0.08525937339496659
4 0.03796992481203008 0.6507447354904982 0.062406015037593986 0.06882383153569593
4 0.0887218045112782 0.6538263995891115 0.07218045112781955 0.08731381612737543
4 0.3274436090225564 0.6456086286594761 0.0443609022556391 0.05855161787365182
4 0.3733082706766917 0.6558808423215203 0.0443609022556391 0.08320493066255785
