5 0.17368421052631577 0.6579352850539291 0.057142857142857134 0.07087827426810478
5 0.7154135338345865 0.5487930148947098 0.06842105263157894 0.035439137134052445
1 0.8026315789473684 0.768618387262455 0.03082706766917298 0.03749357986646118
1 0.5593984962406016 0.6227529532614278 0.019548872180451204 0.03749357986646118
1 0.7860902255639097 0.5092449922958397 0.027819548872180522 0.023112480739599428
1 0.7883458646616541 0.49768875192604006 0.024812030075187952 0.028762198253723725
1 0.9560150375939849 0.5559835644581408 0.023308270676691722 0.029275808936825798
1 0.7785714285714286 0.5308166409861326 0.03082706766917287 0.03338469440164349
1 0.7537593984962406 0.4578839239856189 0.024812030075187952 0.02927580893682591
1 0.4774436090225564 0.4892141756548536 0.025563909774436122 0.033384694401643544
1 0.9703007518796992 0.5287621982537236 0.024812030075187952 0.04160246533127887
1 0.04285714285714286 0.5457113507960966 0.039097744360902256 0.03749357986646129
4 0.09473684210526315 0.8048279404211607 0.05413533834586466 0.08936825885978428
4 0.039473684210526314 0.8038007190549563 0.04285714285714286 0.07498715973292247
4 0.03421052631578947 0.6569080636877247 0.041353383458646614 0.06882383153569593
4 0.08646616541353383 0.6497175141242938 0.06015037593984962 0.07909604519774005
4 0.3244360902255639 0.6486902927580893 0.041353383458646586 0.07293271700051351
4 0.37406015037593987 0.6507447354904982 0.04285714285714287 0.06882383153569593
