1 0.9379699248120301 0.3998459167950693 0.03984962406015036 0.029275808936825853
1 0.7052631578947368 0.5133538777606574 0.03007518796992481 0.027221366204417008
1 0.9165413533834587 0.4227015921931176 0.03609022556390973 0.050333846944016436
1 0.6879699248120301 0.4830508474576271 0.03157894736842104 0.04571135079609656
1 0.24060150375939848 0.5038520801232667 0.04360902255639096 0.024653312788906034
1 0.21766917293233082 0.539291217257319 0.03834586466165413 0.028762198253723725
4 0.09548872180451129 0.8038007190549563 0.04661654135338346 0.06676938880328709
4 0.0387218045112782 0.7976373908577299 0.041353383458646614 0.0626605033384694
4 0.037218045112781956 0.6569080636877247 0.0443609022556391 0.06882383153569593
4 0.08834586466165414 0.6486902927580893 0.047368421052631574 0.07293271700051351
4 0.17105263157894737 0.6507447354904982 0.04285714285714287 0.07293271700051362
4 0.3225563909774436 0.6445814072932716 0.043609022556390986 0.0811504879301489
4 0.37180451127819547 0.6435541859270673 0.03834586466165413 0.07087827426810478
