1 0.9650375939849624 0.49743194658448897 0.021804511278195493 0.0333846944016436
1 0.9571428571428571 0.5184899845916795 0.021052631578947323 0.0333846944016436
4 0.09398496240601503 0.7996918335901386 0.05263157894736842 0.0626605033384694
1 0.25526315789473686 0.546738572162301 0.02481203007518798 0.031330251669234754
4 0.0424812030075188 0.7976373908577299 0.041353383458646614 0.0626605033384694
4 0.0349624060150376 0.652799178222907 0.056390977443609026 0.09347714432460197
4 0.09135338345864662 0.6507447354904983 0.04736842105263159 0.0811504879301489
4 0.1718045112781955 0.6507447354904983 0.0443609022556391 0.0811504879301489
4 0.3214285714285714 0.6425269645608629 0.04285714285714287 0.08525937339496659
4 0.3695488721804511 0.6435541859270673 0.042857142857142816 0.08320493066255774
1 0.3834586466165414 0.47996918335901384 0.02105263157894738 0.0313302516692347
1 0.40112781954887217 0.4707241910631741 0.021804511278195493 0.037493579866461235
1 0.9518796992481202 0.44247560349255266 0.021052631578947323 0.0313302516692347
1 0.09398496240601503 0.42578325629173086 0.03007518796992481 0.040061633281972264
