4 0.09360902255639098 0.8007190549563431 0.04887218045112782 0.081150487930149
5 0.7176691729323308 0.5457113507960966 0.07293233082706763 0.03749357986646129
1 0.9462406015037594 0.41628145865433996 0.02932330827067664 0.033384694401643544
4 0.04360902255639097 0.7996918335901386 0.05413533834586466 0.07498715973292247
4 0.0349624060150376 0.6581920903954803 0.04285714285714286 0.10015408320493069
4 0.08909774436090226 0.6486902927580893 0.04887218045112782 0.0811504879301489
4 0.1718045112781955 0.6466358500256806 0.04736842105263156 0.08936825885978428
4 0.32330827067669177 0.6350796096558808 0.03909774436090224 0.08782742681047773
4 0.37030075187969924 0.6425269645608629 0.041353383458646586 0.08525937339496659
1 0.9045112781954887 0.46661530559835646 0.024060150375939893 0.04160246533127887
1 0.6849624060150377 0.5041088854648177 0.021052631578947323 0.02927580893682591
1 0.693233082706767 0.49743194658448897 0.018045112781954864 0.0333846944016436
1 0.6815789473684211 0.4548022598870056 0.021804511278195493 0.03543913713405239
1 0.09398496240601503 0.42039034411915766 0.03007518796992481 0.037493579866461235
