1 0.7823308270676692 0.48715973292244474 0.023308270676691722 0.029275808936825853
4 0.10300751879699248 0.8007190549563431 0.057142857142857134 0.081150487930149
5 0.7176691729323308 0.5457113507960966 0.07293233082706763 0.03749357986646129
1 0.9838345864661655 0.6361068310220852 0.023308270676691722 0.031330251669234754
1 0.2890977443609023 0.5416024653312789 0.032330827067669154 0.02927580893682591
4 0.04736842105263158 0.7986646122239343 0.05714285714285715 0.07293271700051362
4 0.03571428571428572 0.6571648690292758 0.05789473684210527 0.09399075500770415
4 0.09699248120300752 0.6497175141242938 0.07218045112781957 0.08320493066255774
4 0.17857142857142855 0.6466358500256806 0.06390977443609022 0.08936825885978428
4 0.3274436090225564 0.6445814072932716 0.04736842105263156 0.08525937339496659
4 0.37180451127819547 0.6456086286594762 0.04736842105263156 0.06676938880328709
1 0.7567669172932331 0.40600924499229585 0.03082706766917287 0.033384694401643544
1 0.969172932330827 0.546738572162301 0.016541353383458635 0.031330251669234754
1 0.9815789473684211 0.5349255264509503 0.024812030075188063 0.03749357986646118
1 0.4537593984962406 0.4193631227529533 0.021804511278195493 0.03954802259887008
1 0.7857142857142857 0.4643040575243965 0.019548872180451093 0.02876219825372367
1 0.09135338345864662 0.4247560349255265 0.02481203007518798 0.02876219825372367
