1 0.4387218045112782 0.4830508474576271 0.024812030075187952 0.02927580893682591
4 0.09962406015037595 0.7976373908577299 0.05338345864661655 0.09142270159219312
5 0.7176691729323308 0.5436569080636877 0.07293233082706763 0.03749357986646129
1 0.9838345864661655 0.8289676425269645 0.023308270676691722 0.046224961479198745
1 0.6800751879699248 0.5267077555213149 0.041353383458646586 0.04571135079609656
4 0.04398496240601503 0.7986646122239343 0.04436090225563909 0.07293271700051362
4 0.03383458646616541 0.6517719568567026 0.05112781954887218 0.08320493066255774
4 0.09473684210526315 0.6507447354904983 0.05714285714285715 0.08525937339496659
4 0.17669172932330826 0.6486902927580893 0.06015037593984962 0.08525937339496659
4 0.3233082706766917 0.640472521828454 0.046616541353383445 0.07293271700051362
4 0.37030075187969924 0.6425269645608629 0.0443609022556391 0.081150487930149
1 0.4413533834586466 0.4622496147919877 0.025563909774436122 0.024653312788906034
