1 0.10639097744360902 0.4892141756548536 0.02481203007518798 0.037493579866461235
1 0.9601503759398496 0.5549563430919363 0.021052631578947434 0.03133025166923464
4 0.10150375939849623 0.7996918335901386 0.051127819548872175 0.07087827426810478
5 0.7150375939849625 0.5446841294298921 0.07218045112781957 0.04365690806368783
1 0.8879699248120301 0.5362095531587057 0.021052631578947434 0.04006163328197221
1 0.9650375939849625 0.53723677452491 0.03082706766917298 0.028762198253723725
1 0.8308270676691729 0.5143810991268618 0.02857142857142858 0.037493579866461235
4 0.04172932330827068 0.7976373908577299 0.045864661654135344 0.07498715973292247
4 0.038345864661654135 0.6517719568567026 0.06917293233082707 0.09142270159219312
4 0.09473684210526315 0.6538263995891115 0.051127819548872175 0.09142270159219312
4 0.1755639097744361 0.6497175141242938 0.06541353383458648 0.07909604519774005
4 0.3225563909774436 0.640472521828454 0.048120300751879674 0.07293271700051362
4 0.37030075187969924 0.640472521828454 0.0443609022556391 0.0852593733949667
1 0.10864661654135338 0.4666153055983564 0.029323308270676696 0.037493579866461235
1 0.825187969924812 0.5133538777606574 0.026315789473684292 0.04776579352850541
