3 0.5633704735376045 0.16641143440530884 0.027855153203342642 0.033690658499234305
3 0.5926183844011143 0.16845329249617153 0.03064066852367686 0.033690658499234305
1 0.5696378830083566 0.3996937212863706 0.02089136490250698 0.05002552322613574
3 0.44428969359331477 0.6579887697805002 0.04178272980501396 0.03777437468095968
1 0.1678272980501393 0.26212353241449715 0.041782729805013935 0.02909647779479324
1 0.2799442896935933 0.2820316488004084 0.04456824512534818 0.027054619703930527
1 0.03551532033426184 0.2881572230729964 0.02506963788300836 0.031138335885655954
1 0.11768802228412256 0.44129657988769777 0.04178272980501392 0.02909647779479324
0 0.5215877437325905 0.3425216947422154 0.03064066852367686 0.03573251659009696
0 0.5501392757660167 0.5934150076569679 0.01810584958217265 0.029096477794793296
1 0.31545961002785516 0.3050025523226136 0.02089136490250698 0.0393057682491067
1 0.4338440111420613 0.7266462480857581 0.026462395543175532 0.029096477794793296
1 0.4651810584958217 0.7289433384379785 0.019498607242339816 0.029606942317508933
3 0.5139275766016713 0.9862174578866769 0.02089136490250698 0.022460438999489463
1 0.5010445682451253 0.8384379785604901 0.018802228412256206 0.027054619703930527
1 0.5884401114206128 0.6454823889739663 0.027855153203342642 0.02501276161306787
1 0.10306406685236769 0.6413986727922409 0.037604456824512536 0.029096477794793296
0 0.4220055710306407 0.36855538540071464 0.02228412256267409 0.033690658499234305
0 0.5856545961002786 0.5227156712608474 0.02228412256267409 0.03369065849923425
0 0.6183844011142061 0.5643185298621746 0.029247910863509752 0.029096477794793296
0 0.5745125348189415 0.5487493619193466 0.025069637883008422 0.04798366513527308
1 0.5543175487465182 0.6995916283818275 0.02089136490250698 0.020929045431342552
1 0.5306406685236769 0.7309851965288412 0.012534818941504211 0.029606942317508933
1 0.5097493036211699 0.7154160285860133 0.01532033426183843 0.027054619703930527
0 0.35863509749303624 0.644461459928535 0.03481894150417825 0.0393057682491067
0 0.3426183844011142 0.43721286370597245 0.03899721448467963 0.02909647779479324
