1 0.6729323308270676 0.5246533127889059 0.03609022556390984 0.03749357986646118
1 0.9684210526315788 0.4404211607601438 0.018045112781954864 0.027221366204417063
1 0.5428571428571429 0.5539291217257318 0.019548872180451204 0.03338469440164349
4 0.04398496240601504 0.7966101694915254 0.05037593984962406 0.07293271700051362
4 0.039097744360902256 0.654853620955316 0.07067669172932331 0.08936825885978428
4 0.09398496240601503 0.652799178222907 0.05263157894736842 0.09347714432460197
4 0.17593984962406015 0.6497175141242938 0.06917293233082705 0.07498715973292236
4 0.3236842105263158 0.6394453004622496 0.04586466165413533 0.07909604519774016
4 0.37030075187969924 0.6414997431946585 0.041353383458646586 0.08320493066255785
4 0.7165413533834586 0.5508474576271186 0.05563909774436093 0.039548022598870025
1 0.9906015037593985 0.2935285053929122 0.012781954887218117 0.033384694401643544
1 0.9488721804511278 0.4268104776579353 0.015037593984962405 0.028762198253723725
1 0.7928571428571429 0.48715973292244474 0.027819548872180522 0.029275808936825853
1 0.5184210526315789 0.5225988700564972 0.020300751879699264 0.0333846944016436
