1 0.28421052631578947 0.4830508474576271 0.022556390977443608 0.02927580893682591
1 0.3766917293233083 0.5436569080636877 0.01804511278195492 0.025166923472008218
1 0.17443609022556392 0.5385208012326657 0.022556390977443608 0.035439137134052334
1 0.1462406015037594 0.5539291217257319 0.023308270676691722 0.025166923472008218
1 0.3902255639097745 0.5277349768875192 0.01954887218045115 0.03133025166923464
1 0.04548872180451128 0.7976373908577299 0.03834586466165414 0.024653312788906034
1 0.10075187969924812 0.7996918335901386 0.03909774436090224 0.046224961479198856
1 0.036466165413533834 0.6538263995891115 0.02631578947368421 0.05855161787365182
1 0.09135338345864662 0.6486902927580893 0.03383458646616541 0.05238828967642528
1 0.1774436090225564 0.647663071391885 0.04661654135338347 0.05855161787365182
1 0.32330827067669177 0.6343091936312275 0.033082706766917325 0.06471494607087824
1 0.37406015037593987 0.6340523882896765 0.03984962406015041 0.06009244992295837
1 0.09285714285714286 0.5436569080636877 0.030827067669172925 0.02927580893682591
1 0.0755639097744361 0.423728813559322 0.026315789473684216 0.030816640986132515
1 0.04473684210526316 0.4820236260914227 0.02631578947368421 0.04776579352850541
1 0.7120300751879699 0.4676425269645609 0.019548872180451093 0.0313302516692347
1 0.07443609022556391 0.5621468926553672 0.01954887218045112 0.03749357986646129
1 0.3890977443609023 0.4874165382639959 0.029323308270676696 0.07087827426810472
1 0.8093984962406015 0.4643040575243965 0.021804511278195493 0.03287108371854136
1 0.8093984962406016 0.450693374422188 0.024812030075188063 0.023112480739599373
1 0.7191729323308271 0.4591679506933744 0.027819548872180522 0.02259887005649719
1 0.27406015037593984 0.46558808423215203 0.02631578947368418 0.03543913713405239
1 0.2056390977443609 0.5287621982537236 0.02631578947368421 0.03749357986646118
