1 0.9718045112781954 0.4953775038520801 0.021804511278195493 0.02927580893682591
1 0.048120300751879695 0.4666153055983564 0.03609022556390977 0.033384694401643544
1 0.4345864661654135 0.41217257318952233 0.03308270676691727 0.025166923472008218
4 0.0424812030075188 0.7976373908577299 0.06090225563909774 0.06676938880328709
4 0.039473684210526314 0.6643554185927067 0.062406015037593986 0.08371854134566004
4 0.1037593984962406 0.6486902927580893 0.061654135338345864 0.08525937339496659
4 0.3176691729323308 0.6425269645608629 0.050375939849624074 0.07293271700051362
4 0.37706766917293233 0.6486902927580893 0.06390977443609025 0.08525937339496659
4 0.11278195488721804 0.7976373908577299 0.05714285714285715 0.08320493066255785
4 0.18007518796992483 0.6466358500256806 0.0699248120300752 0.07293271700051362
4 0.4018796992481203 0.9101181304571135 0.10150375939849626 0.07087827426810478
1 0.649624060150376 0.49024139702105807 0.04210526315789476 0.03954802259887008
1 0.16353383458646614 0.4871597329224448 0.018796992481203006 0.025166923472008218
1 0.9827067669172932 0.5457113507960965 0.019548872180451093 0.04571135079609656
1 0.20112781954887218 0.5082177709296353 0.021804511278195493 0.029275808936825853
1 0.19548872180451127 0.4892141756548536 0.025563909774436094 0.029275808936825853
1 0.1830827067669173 0.47277863379558294 0.024812030075187952 0.025166923472008218
1 0.9729323308270676 0.4768875192604006 0.019548872180451093 0.02927580893682591
5 0.7176691729323308 0.5498202362609143 0.06992481203007517 0.02927580893682591
1 0.6078947368421053 0.4558294812532101 0.03082706766917287 0.041602465331278926
1 0.19661654135338347 0.5498202362609141 0.030827067669172925 0.03749357986646118
1 0.39812030075187965 0.5416024653312789 0.030827067669172925 0.02927580893682591
