4 0.043233082706766915 0.7976373908577299 0.059398496240601506 0.06676938880328709
4 0.03571428571428571 0.6620441705187468 0.060902255639097735 0.07909604519774016
4 0.09736842105263158 0.652799178222907 0.06240601503759398 0.0811504879301489
4 0.31842105263157894 0.6456086286594762 0.05639097744360899 0.07498715973292247
4 0.3736842105263158 0.6466358500256806 0.05714285714285716 0.0770416024653312
4 0.10150375939849623 0.8038007190549563 0.05714285714285715 0.07087827426810478
4 0.1766917293233083 0.6517719568567026 0.07969924812030074 0.08731381612737543
4 0.71203007518797 0.5487930148947098 0.06917293233082711 0.04776579352850541
1 0.9759398496240601 0.48099640472521826 0.03007518796992481 0.04160246533127887
1 0.24812030075187969 0.4696969696969697 0.03308270676691727 0.04365690806368777
1 0.5289473684210526 0.5256805341551104 0.047368421052631615 0.043656908063687716
1 0.6845864661654135 0.47175141242937857 0.024812030075187952 0.05187467899332304
1 0.8522556390977444 0.5318438623523369 0.041353383458646586 0.039548022598870025
1 0.32330827067669177 0.4622496147919877 0.03909774436090224 0.042116076014381054
1 0.046992481203007516 0.4363122752953261 0.041353383458646614 0.043656908063687716
1 0.6759398496240601 0.5007704160246533 0.04210526315789476 0.0441705187467899
