1 0.8330827067669173 0.6664098613251155 0.022556390977443552 0.03749357986646118
1 0.0349624060150376 0.4758602978941962 0.026315789473684213 0.043656908063687716
4 0.043233082706766915 0.7996918335901386 0.059398496240601506 0.07498715973292247
4 0.03383458646616541 0.6561376476630714 0.05413533834586466 0.096045197740113
4 0.09473684210526316 0.652799178222907 0.06015037593984962 0.0811504879301489
4 0.31992481203007517 0.6456086286594762 0.059398496240601506 0.07087827426810478
4 0.3744360902255639 0.6466358500256806 0.05263157894736842 0.0770416024653312
4 0.10187969924812029 0.8048279404211608 0.05939849624060149 0.07293271700051362
1 0.9270676691729323 0.5267077555213149 0.018045112781954864 0.02927580893682591
5 0.1793233082706767 0.6486902927580893 0.06842105263157894 0.0811504879301489
5 0.7157894736842105 0.5477657935285054 0.0736842105263158 0.04160246533127887
0 0.02443609022556391 0.5338983050847458 0.041353383458646614 0.035439137134052334
1 0.8432330827067669 0.53723677452491 0.02932330827067664 0.024653312788906034
1 0.9823308270676692 0.5256805341551105 0.026315789473684292 0.027221366204417063
1 0.8176691729323309 0.770672829994864 0.027819548872180522 0.04160246533127887
1 0.06503759398496241 0.43836671802773497 0.030827067669172932 0.043656908063687716
1 0.968796992481203 0.539291217257319 0.024812030075187952 0.020544427324088343
