1 0.2443609022556391 0.49126861838726243 0.016541353383458662 0.025166923472008218
1 0.749624060150376 0.4622496147919877 0.019548872180451093 0.050333846944016436
1 0.19473684210526315 0.46327683615819204 0.02105263157894738 0.030816640986132515
1 0.21090225563909776 0.49666153055983564 0.021804511278195465 0.02670775552131488
1 0.46842105263157896 0.6807909604519774 0.024060150375939837 0.04160246533127898
1 0.4800751879699248 0.45069337442218793 0.03383458646616544 0.03543913713405239
1 0.9635338345864661 0.6309707241910631 0.024812030075187952 0.04571135079609656
4 0.0406015037593985 0.7966101694915254 0.06015037593984963 0.07704160246533132
4 0.0349624060150376 0.652799178222907 0.048872180451127824 0.09758602978941966
4 0.08984962406015037 0.6497175141242938 0.05037593984962406 0.08731381612737543
4 0.17330827067669174 0.6538263995891114 0.04736842105263159 0.07909604519774016
4 0.31954887218045114 0.640472521828454 0.05413533834586465 0.081150487930149
4 0.37406015037593987 0.6435541859270673 0.04887218045112779 0.09142270159219312
4 0.10112781954887218 0.8038007190549563 0.05037593984962406 0.07909604519774016
1 0.2293233082706767 0.4653312788906009 0.02105263157894735 0.030816640986132515
1 0.5233082706766917 0.4601951720595788 0.03308270676691727 0.050333846944016436
1 0.7315789473684211 0.5236260914227016 0.022556390977443663 0.035439137134052445
1 0.9928571428571429 0.8790446841294299 0.011278195488721776 0.04982023626091425
1 0.02518796992481203 0.546738572162301 0.029323308270676696 0.023112480739599373
4 0.022556390977443608 0.5767847971237802 0.03458646616541353 0.028762198253723614
1 0.9842105263157894 0.5143810991268618 0.022556390977443663 0.029275808936825853
