4 0.2981203007518797 0.7195685670261942 0.04736842105263156 0.05649717514124297
1 0.4642857142857143 0.4676425269645609 0.01578947368421052 0.03543913713405239
0 0.3015037593984962 0.5030816640986133 0.015037593984962405 0.035439137134052445
0 0.30451127819548873 0.4892141756548536 0.02105263157894738 0.025166923472008162
1 0.1274436090225564 0.6841294298921418 0.021804511278195493 0.02670775552131488
1 0.8857142857142857 0.4558294812532101 0.022556390977443663 0.029275808936825853
5 0.7176691729323308 0.546738572162301 0.050375939849624074 0.031330251669234754
1 0.7285714285714285 0.5133538777606574 0.019548872180451093 0.023112480739599373
4 0.0349624060150376 0.7986646122239343 0.04285714285714286 0.06471494607087824
4 0.03007518796992481 0.647663071391885 0.042105263157894736 0.07498715973292236
4 0.08721804511278196 0.6466358500256806 0.055639097744360905 0.07293271700051362
4 0.1699248120300752 0.6517719568567026 0.0406015037593985 0.07498715973292247
4 0.31729323308270674 0.640472521828454 0.034586466165413554 0.081150487930149
4 0.3695488721804511 0.6466358500256806 0.045864661654135386 0.09347714432460197
4 0.09285714285714286 0.7986646122239343 0.047368421052631574 0.081150487930149
1 0.2849624060150376 0.4183359013867488 0.012030075187969946 0.029275808936825853
1 0.456390977443609 0.4070364663585002 0.022556390977443608 0.0313302516692347
1 0.2864661654135338 0.5498202362609143 0.015037593984962405 0.02927580893682591
