2 0.9804195804195804 0.45685670261941447 0.03356643356643363 0.043656908063687716
1 0.4888111888111888 0.8664612223934258 0.019580419580419617 0.050333846944016436
1 0.479020979020979 0.8810991268618387 0.016783216783216814 0.04571135079609656
1 0.8167832167832167 0.47277863379558294 0.029370629370629397 0.037493579866461235
1 0.34685314685314683 0.5133538777606574 0.01678321678321676 0.043656908063687716
1 0.35734265734265735 0.5017976373908577 0.026573426573426595 0.042116076014381054
1 0.3153846153846154 0.01977401129943503 0.023776223776223793 0.03543913713405239
1 0.6636363636363636 0.42270159219311765 0.016783216783216814 0.02876219825372367
1 0.6524475524475525 0.42039034411915766 0.013986013986013957 0.037493579866461235
1 0.955944055944056 0.2539804827940421 0.023776223776223793 0.02927580893682591
1 0.291958041958042 0.5112994350282486 0.02307692307692305 0.027221366204417008
1 0.29685314685314684 0.4830508474576271 0.02447552447552448 0.04571135079609656
1 0.18181818181818182 0.9663585002568054 0.03076923076923077 0.0333846944016436
1 0.23496503496503496 0.6977401129943503 0.02937062937062937 0.04571135079609656
1 0.3412587412587412 0.4768875192604006 0.019580419580419617 0.04160246533127887
1 0.3251748251748252 0.5007704160246533 0.023776223776223737 0.03081664098613257
1 0.38041958041958046 0.015408320493066256 0.02797202797202797 0.030816640986132512
1 0.29335664335664335 0.2904468412942989 0.023076923076923106 0.03543913713405239
1 0.03216783216783217 0.4363122752953261 0.046153846153846156 0.04776579352850541
