2 0.12167832167832168 0.5205444273240883 0.03356643356643357 0.041602465331278926
1 0.12097902097902097 0.8456599897277863 0.02377622377622378 0.04571135079609656
1 0.29685314685314684 0.7059578839239856 0.018881118881118875 0.04982023626091414
1 0.2874125874125874 0.7131484334874165 0.016783216783216814 0.043656908063687716
1 0.5003496503496503 0.4589111453518233 0.028671328671328655 0.03543913713405239
1 0.08951048951048951 0.5028248587570621 0.015384615384615385 0.0441705187467899
1 0.09825174825174825 0.4830508474576271 0.02447552447552448 0.04160246533127887
1 0.2727272727272727 0.014381099126861838 0.02097902097902099 0.028762198253723677
1 0.6300699300699301 0.4049820236260914 0.016783216783216703 0.027221366204417063
1 0.6363636363636365 0.4080636877247047 0.018181818181818188 0.033384694401643544
1 0.01888111888111888 0.5007704160246533 0.022377622377622378 0.02670775552131488
1 0.025174825174825173 0.47277863379558294 0.023776223776223775 0.04571135079609656
1 0.18461538461538463 0.7727272727272727 0.03076923076923077 0.0333846944016436
1 0.4587412587412587 0.4111453518233179 0.02097902097902099 0.03543913713405239
1 0.45104895104895104 0.8620955315870571 0.02797202797202797 0.04571135079609656
1 0.08111888111888112 0.46661530559835646 0.018181818181818188 0.04160246533127887
1 0.06643356643356643 0.4861325115562404 0.022377622377622385 0.0313302516692347
1 0.25244755244755246 0.0839753466872111 0.025174825174825194 0.03133025166923471
1 0.28881118881118883 0.09887005649717515 0.022377622377622364 0.03543913713405239
5 0.24125874125874125 0.5413456599897278 0.0811188811188811 0.050333846944016436
1 0.03216783216783217 0.4363122752953261 0.046153846153846156 0.04776579352850541
