4 0.07482517482517483 0.9601951720595788 0.04755244755244756 0.05803800719054952
1 0.39755244755244756 0.2226502311248074 0.020279720279720248 0.037493579866461235
1 0.07272727272727272 0.4643040575243965 0.018181818181818188 0.04211607601438111
1 0.08111888111888112 0.47277863379558294 0.018181818181818188 0.02927580893682591
5 0.24545454545454543 0.546738572162301 0.07272727272727272 0.035439137134052445
1 0.9678321678321677 0.4558294812532101 0.01958041958041956 0.029275808936825853
1 0.08461538461538462 0.95814072932717 0.019580419580419575 0.021058038007190527
1 0.43286713286713285 0.8602978941961993 0.03076923076923077 0.06266050333846951
1 0.3706293706293706 0.5164355418592707 0.01958041958041956 0.037493579866461235
1 0.8108391608391609 0.4622496147919877 0.030069930069930084 0.024653312788906034
1 0.808041958041958 0.4830508474576271 0.02447552447552448 0.02927580893682591
