1 0.9503496503496504 0.27247046738572167 0.023776223776223793 0.037493579866461235
5 0.26958041958041956 0.5372367745249101 0.07342657342657341 0.046224961479198745
1 0.3961538461538462 0.7966101694915254 0.028671328671328655 0.05649717514124286
1 0.3839160839160839 0.8050847457627119 0.029370629370629342 0.031330251669234754
3 0.07272727272727272 0.9550590652285568 0.02937062937062937 0.05598356445814079
1 0.25874125874125875 0.013353877760657423 0.03216783216783217 0.022598870056497175
1 0.7188811188811188 0.3433487416538264 0.025174825174825166 0.03749357986646118
1 0.09755244755244755 0.9391371340523883 0.017482517482517487 0.0333846944016436
1 0.19335664335664338 0.6571648690292758 0.02587412587412588 0.039548022598870025
1 0.08321678321678322 0.5092449922958397 0.02797202797202797 0.039548022598870025
1 0.5968531468531468 0.4830508474576271 0.02447552447552448 0.04982023626091425
1 0.5933566433566433 0.4933230611196713 0.023076923076923106 0.033384694401643544
1 0.013986013986013984 0.43117616846430407 0.02657342657342657 0.04160246533127887
