1 0.24405594405594405 0.7049306625577811 0.027972027972027996 0.039548022598870136
1 0.5272727272727273 0.9165382639958912 0.013986013986014068 0.04571135079609656
1 0.19615384615384618 0.6977401129943503 0.020279720279720276 0.03338469440164349
1 0.5244755244755245 0.9196199280945043 0.013986013986013957 0.039548022598870136
2 0.372027972027972 0.7809450436569081 0.02797202797202797 0.0333846944016436
1 0.44965034965034967 0.20390344119157677 0.01678321678321676 0.024653312788906007
1 0.027972027972027972 0.43528505392912176 0.026573426573426574 0.029275808936825853
1 0.4405594405594406 0.21443246019517206 0.018181818181818188 0.025166923472008218
1 0.3251748251748252 0.47277863379558294 0.02097902097902099 0.033384694401643544
1 0.6615384615384615 0.31535695942475606 0.02657342657342654 0.040061633281972264
