1 0.49615384615384617 0.5143810991268618 0.04825174825174822 0.041602465331278926
1 0.1706293706293706 0.7727272727272727 0.033566433566433546 0.04571135079609656
1 0.4933566433566433 0.4476117103235747 0.039860139860139865 0.04160246533127887
1 0.7552447552447552 0.4707241910631741 0.027972027972028024 0.033384694401643544
1 0.7552447552447552 0.4892141756548536 0.03076923076923077 0.033384694401643544
1 0.10244755244755245 0.4589111453518233 0.021678321678321677 0.039548022598870025
1 0.08041958041958042 0.45685670261941447 0.022377622377622378 0.03543913713405239
1 0.07552447552447553 0.5143810991268618 0.034965034965034975 0.04982023626091425
1 0.09615384615384616 0.4445300462249615 0.023076923076923078 0.03543913713405239
1 0.013636363636363636 0.42886492039034413 0.02727272727272727 0.050333846944016436
1 0.21363636363636362 0.01746276322547509 0.027272727272727254 0.030816640986132512
