3 0.5682451253481894 0.1268504338948443 0.026462395543175532 0.06278713629402757
3 0.5954038997214485 0.1225114854517611 0.03064066852367686 0.04594180704441042
1 0.5898328690807799 0.4007146503318019 0.02228412256267409 0.039816232771822335
3 0.5094011142061281 0.6653905053598775 0.04108635097493035 0.0393057682491067
1 0.14832869080779942 0.26212353241449715 0.041782729805013935 0.02909647779479324
1 0.28969359331476324 0.28101071975497705 0.04456824512534818 0.02909647779479324
1 0.03551532033426184 0.2881572230729964 0.02506963788300836 0.031138335885655954
1 0.17200557103064068 0.43721286370597245 0.041782729805013935 0.02909647779479324
0 0.5445682451253482 0.27998979070954566 0.029247910863509752 0.035222052067381326
0 0.5501392757660167 0.5602348136804491 0.01810584958217265 0.029096477794793185
1 0.3147632311977716 0.3144461459928535 0.019498607242339816 0.04594180704441042
1 0.41086350974930363 0.7246043899948953 0.025069637883008367 0.029096477794793185
1 0.44846796657381616 0.7309851965288412 0.01949860724233987 0.029606942317508933
3 0.4895543175487465 0.9851965288412455 0.02089136490250698 0.020418580908626804
1 0.5010445682451253 0.821592649310873 0.018802228412256206 0.027054619703930638
1 0.6622562674094707 0.622511485451761 0.027855153203342642 0.02501276161306787
1 0.12395543175487465 0.6373149566105156 0.03760445682451255 0.029096477794793185
0 0.4206128133704735 0.4162838182746299 0.02228412256267409 0.03318019397651861
0 0.508008356545961 0.5163348647269015 0.021587743732590592 0.03318019397651861
0 0.6142061281337048 0.537263910158244 0.029247910863509752 0.029096477794793296
0 0.5647632311977716 0.521694742215416 0.025069637883008422 0.047983665135273135
1 0.5376044568245125 0.7049515058703419 0.01532033426183843 0.027565084226646275
1 0.5181058495821727 0.7353241449719244 0.0125348189415041 0.029096477794793296
1 0.49616991643454034 0.7154160285860133 0.01462395543175482 0.027054619703930527
0 0.3864902506963788 0.6508422664624809 0.0348189415041783 0.039816232771822335
0 0.34540389972144847 0.43517100561510974 0.03899721448467963 0.029096477794793296
