0 0.6342657342657343 0.4622496147919877 0.03356643356643352 0.05855161787365182
1 0.820979020979021 0.5143810991268618 0.03776223776223775 0.037493579866461235
1 0.12797202797202797 0.5518746789933231 0.02657342657342658 0.03338469440164349
1 0.18111888111888114 0.4152542372881356 0.02937062937062937 0.043656908063687716
1 0.5454545454545454 0.4768875192604006 0.025174825174825166 0.02927580893682591
1 0.5370629370629371 0.4922958397534669 0.03076923076923066 0.03543913713405239
1 0.3877622377622377 0.22675911658962505 0.02587412587412591 0.03749357986646121
1 0.9664335664335664 0.3143297380585516 0.01958041958041956 0.04211607601438111
1 0.3825174825174825 0.4589111453518233 0.023776223776223793 0.031330251669234754
1 0.36293706293706296 0.4517205957883924 0.02097902097902099 0.037493579866461235
1 0.38741258741258744 0.5164355418592707 0.02517482517482522 0.04571135079609662
1 0.3853146853146853 0.44144838212634824 0.018181818181818188 0.02927580893682591
