1 0.34195804195804197 0.4748330765279918 0.023776223776223793 0.03749357986646118
1 0.33706293706293705 0.4861325115562404 0.03076923076923077 0.03543913713405239
1 0.28251748251748254 0.4789419619928095 0.026573426573426595 0.037493579866461235
1 0.6017482517482518 0.28017462763225476 0.025874125874125964 0.039548022598870025
1 0.05804195804195804 0.4342578325629173 0.02797202797202797 0.03954802259887008
1 0.637062937062937 0.4612223934257833 0.027972027972027913 0.030816640986132515
1 0.6293706293706294 0.4414483821263482 0.020979020979021046 0.037493579866461235
1 0.6898601398601398 0.5082177709296354 0.02447552447552448 0.04571135079609656
1 0.4237762237762238 0.8487416538263997 0.0321678321678322 0.039548022598870136
1 0.46923076923076923 0.844632768361582 0.027972027972028024 0.043656908063687716
1 0.4552447552447553 0.849768875192604 0.022377622377622364 0.0333846944016436
1 0.641958041958042 0.44658448895737035 0.023776223776223793 0.03954802259887008
1 0.06083916083916084 0.4445300462249615 0.027972027972027975 0.03543913713405239
1 0.20314685314685316 0.5297894196199281 0.03706293706293706 0.04776579352850541
1 0.38041958041958046 0.06137647663071392 0.02797202797202797 0.02722136620441705
