1 0.18741258741258743 0.4142270159219312 0.01958041958041959 0.025166923472008218
1 0.18181818181818182 0.4342578325629173 0.013986013986013984 0.023112480739599428
1 0.32867132867132864 0.7352336928608115 0.041958041958041925 0.062146892655367214
1 0.39265734265734265 0.08834103749357987 0.038461538461538436 0.056497175141242945
1 0.01888111888111888 0.4363122752953261 0.025174825174825177 0.03543913713405239
1 0.9038461538461537 0.4548022598870056 0.01328671328671327 0.0313302516692347
1 0.8846153846153846 0.44966615305598356 0.013986013986013957 0.025166923472008218
1 0.22867132867132867 0.48407806882383153 0.02797202797202797 0.039548022598870025
1 0.2601398601398601 0.6905495634309193 0.018181818181818188 0.031330251669234754
1 0.25594405594405595 0.7059578839239856 0.015384615384615358 0.02927580893682591
1 0.9003496503496503 0.4363122752953261 0.020279720279720248 0.0313302516692347
1 0.22307692307692306 0.5205444273240883 0.027972027972027996 0.03749357986646129
1 0.16713286713286712 0.423728813559322 0.018181818181818188 0.026707755521314824
1 0.48846153846153845 0.5331278890600925 0.04125874125874118 0.05444273240883413
1 0.3797202797202797 0.18002054442732407 0.02657342657342654 0.04776579352850538
