1 0.1258741258741259 0.34129429892141755 0.022377622377622378 0.025166923472008218
1 0.13216783216783218 0.2883923985618901 0.020979020979020963 0.027221366204417063
1 0.5650349650349651 0.9445300462249615 0.027972027972028024 0.04006163328197232
1 0.19545454545454546 0.030046224961479198 0.018881118881118875 0.03543913713405239
1 0.09755244755244755 0.5600924499229585 0.02027972027972029 0.04982023626091425
1 0.10734265734265734 0.5477657935285054 0.023076923076923078 0.0333846944016436
1 0.5594405594405594 0.5041088854648177 0.03356643356643352 0.03749357986646118
1 0.8223776223776224 0.4414483821263482 0.01538461538461533 0.033384694401643544
1 0.28251748251748254 0.34643040575243966 0.023776223776223737 0.0313302516692347
1 0.24965034965034966 0.01335387776065742 0.01958041958041959 0.02670775552131484
1 0.7884615384615384 0.5308166409861326 0.030069930069930084 0.03749357986646118
1 0.372027972027972 0.3238315356959425 0.022377622377622364 0.043656908063687716
1 0.25034965034965034 0.08089368258859785 0.020979020979021018 0.02927580893682588
