1 0.9258741258741259 0.5331278890600925 0.016783216783216703 0.028762198253723614
1 0.3185314685314685 0.7465331278890601 0.03706293706293706 0.039548022598870025
1 0.8947552447552447 0.5017976373908577 0.02027972027972036 0.046224961479198745
1 0.5898601398601399 0.44966615305598356 0.03566433566433558 0.02927580893682591
1 0.4129370629370629 0.21956856702619415 0.03426573426573426 0.03543913713405239
1 0.25804195804195806 0.01335387776065742 0.01958041958041959 0.02670775552131484
1 0.06223776223776224 0.4280945043656908 0.016783216783216787 0.039548022598870025
0 0.9741258741258741 0.46661530559835646 0.034965034965035 0.04160246533127887
1 0.25664335664335663 0.5184899845916795 0.02237762237762239 0.025166923472008218
1 0.2968531468531469 0.43014894709809964 0.021678321678321677 0.039548022598870025
1 0.7888111888111888 0.4643040575243965 0.013986013986013957 0.03287108371854136
1 0.7839160839160839 0.43733949666153055 0.018181818181818077 0.02927580893682591
1 0.7734265734265735 0.4578839239856189 0.016783216783216814 0.04160246533127887
1 0.2629370629370629 0.5297894196199281 0.023776223776223793 0.027221366204416952
1 0.25384615384615383 0.5038520801232667 0.02237762237762239 0.024653312788906034
