1 0.6230769230769231 0.5341551104262969 0.019580419580419672 0.03081664098613246
1 0.848951048951049 0.4953775038520801 0.02657342657342665 0.037493579866461235
1 0.2181818181818182 0.4455572675911659 0.026573426573426567 0.037493579866461235
1 0.558041958041958 0.9360554699537751 0.022377622377622308 0.043656908063687716
1 0.8741258741258742 0.5051361068310221 0.020979020979020935 0.027221366204417063
1 0.07762237762237761 0.5308166409861326 0.022377622377622378 0.029275808936825798
1 0.5762237762237762 0.5164355418592707 0.025174825174825166 0.025166923472008218
1 0.45944055944055945 0.4622496147919877 0.01958041958041956 0.042116076014381054
1 0.5314685314685315 0.46122239342578325 0.016783216783216703 0.02670775552131488
1 0.520979020979021 0.4517205957883924 0.020979020979020935 0.033384694401643544
1 0.5108391608391609 0.4653312788906009 0.021678321678321733 0.026707755521314824
1 0.3412587412587412 0.44966615305598356 0.022377622377622364 0.0333846944016436
1 0.5783216783216784 0.5297894196199281 0.023776223776223793 0.027221366204416952
1 0.5755244755244755 0.5007704160246533 0.023776223776223793 0.02670775552131488
