1 0.04685314685314686 0.4676425269645609 0.025174825174825173 0.03954802259887008
1 0.5825174825174825 0.9360554699537751 0.023776223776223793 0.039548022598870136
1 0.2601398601398601 0.4789419619928095 0.02937062937062937 0.037493579866461235
1 0.25804195804195806 0.46533127889060094 0.01958041958041959 0.018489984591679498
1 0.18041958041958042 0.8091936312275296 0.025174825174825166 0.027221366204417063
1 0.9496503496503497 0.5154083204930663 0.025174825174825166 0.04365690806368777
1 0.848951048951049 0.5318438623523369 0.032167832167832144 0.035439137134052334
1 0.44545454545454544 0.4922958397534669 0.01958041958041956 0.0313302516692347
1 0.4314685314685315 0.5215716486902927 0.022377622377622364 0.04776579352850535
1 0.09195804195804197 0.42039034411915766 0.03146853146853147 0.029275808936825853
1 0.5601398601398602 0.9350282485875706 0.029370629370629397 0.0333846944016436
