1 0.37622377622377623 0.7747817154596817 0.01958041958041956 0.04571135079609656
1 0.17272727272727273 0.9663585002568054 0.026573426573426595 0.02927580893682591
1 0.6657342657342658 0.5236260914227016 0.023776223776223793 0.031330251669234754
1 0.7755244755244755 0.4933230611196713 0.020979020979020935 0.02927580893682591
1 0.772027972027972 0.5267077555213149 0.019580419580419672 0.02927580893682591
1 0.4608391608391608 0.8351309707241911 0.025174825174825166 0.028762198253723614
1 0.12167832167832168 0.6165896250642013 0.022377622377622378 0.02927580893682591
1 0.3601398601398601 0.7809450436569081 0.02097902097902099 0.04571135079609656
1 0.43986013986013983 0.8518233179250129 0.019580419580419617 0.0333846944016436
1 0.10734265734265734 0.539291217257319 0.017482517482517473 0.028762198253723725
1 0.12307692307692308 0.5267077555213149 0.019580419580419575 0.02927580893682591
0 0.15944055944055943 0.8569594247560349 0.03076923076923077 0.035439137134052334
