1 0.3601398601398601 0.5331278890600925 0.026573426573426595 0.046224961479198745
1 0.2671328671328671 0.6851566512583461 0.023776223776223737 0.050333846944016436
1 0.021678321678321677 0.7696456086286595 0.025174825174825177 0.039548022598870025
1 0.6975524475524475 0.4892141756548536 0.025874125874125853 0.037493579866461235
1 0.2975524475524476 0.15588084232152027 0.02587412587412591 0.02927580893682588
1 0.272027972027972 0.15588084232152027 0.02797202797202797 0.03338469440164357
1 0.12447552447552448 0.8174114021571649 0.030769230769230785 0.043656908063687716
1 0.18391608391608394 0.6268618387262455 0.026573426573426567 0.03338469440164349
1 0.24475524475524474 0.6997945557267591 0.023776223776223765 0.03338469440164349
1 0.17342657342657342 0.6381612737544942 0.03076923076923077 0.039548022598870136
1 0.33146853146853145 0.6176168464304057 0.03076923076923077 0.035439137134052445
1 0.36363636363636365 0.6186440677966102 0.02797202797202797 0.02927580893682591
0 0.915034965034965 0.4820236260914227 0.03566433566433569 0.039548022598870025
1 0.6643356643356644 0.3926553672316384 0.02657342657342665 0.031330251669234754
