3 0.5682451253481894 0.10387953037263911 0.026462395543175532 0.06278713629402756
3 0.5954038997214485 0.09979581419091374 0.03064066852367686 0.04543134252169474
1 0.5842618384401115 0.4165390505359877 0.02228412256267409 0.05002552322613579
3 0.5452646239554317 0.6477794793261868 0.04178272980501396 0.04594180704441042
1 0.14415041782729804 0.2600816743236345 0.041782729805013935 0.02909647779479327
1 0.29526462395543174 0.28101071975497705 0.04456824512534818 0.02909647779479324
1 0.03551532033426184 0.2881572230729964 0.02506963788300836 0.031138335885655954
1 0.19707520891364905 0.43517100561510974 0.041782729805013935 0.029096477794793296
0 0.5626740947075209 0.24042879019908114 0.029247910863509752 0.03573251659009699
0 0.5473537604456824 0.5454313425216948 0.01810584958217276 0.029096477794793185
1 0.3147632311977716 0.3185298621745789 0.019498607242339816 0.05002552322613579
1 0.4066852367688022 0.7225625319040326 0.025069637883008367 0.029096477794793296
1 0.4415041782729805 0.7309851965288412 0.01949860724233987 0.029606942317508933
3 0.47841225626740946 0.9851965288412455 0.02089136490250698 0.020418580908626804
1 0.5010445682451253 0.8134252169474221 0.018802228412256206 0.027054619703930638
1 0.6984679665738162 0.6123021949974476 0.027855153203342642 0.02501276161306787
1 0.13649025069637882 0.6373149566105156 0.03760445682451252 0.029096477794793185
0 0.41086350974930363 0.43517100561510974 0.02228412256267409 0.03318019397651861
0 0.44428969359331477 0.33614088820826954 0.03621169916434541 0.02297090352220521
0 0.4651810584958217 0.5227156712608474 0.022284122562674147 0.03369065849923425
0 0.6044568245125348 0.5163348647269015 0.029247910863509752 0.029096477794793296
0 0.5605849582172702 0.5089331291475243 0.02506963788300831 0.04798366513527308
1 0.5306406685236769 0.7049515058703419 0.01532033426183843 0.027565084226646275
1 0.5111420612813371 0.7394078611536499 0.0125348189415041 0.029096477794793185
1 0.48259052924791085 0.7113323124042878 0.01532033426183843 0.027054619703930638
0 0.40041782729805014 0.6528841245533435 0.0348189415041783 0.039816232771822335
0 0.3467966573816156 0.433129147524247 0.03899721448467969 0.02909647779479324
