1 0.044055944055944055 0.5405752439650745 0.03636363636363636 0.043656908063687716
1 0.10384615384615385 0.5549563430919363 0.021678321678321677 0.035439137134052334
1 0.3258741258741259 0.49666153055983564 0.04755244755244753 0.06060606060606055
1 0.28601398601398603 0.3361581920903955 0.025174825174825166 0.04776579352850541
1 0.272027972027972 0.32794042116076016 0.025174825174825166 0.043656908063687716
1 0.20664335664335665 0.5215716486902927 0.030069930069930084 0.05187467899332304
1 0.9391608391608393 0.45069337442218793 0.032167832167832144 0.03543913713405239
1 0.7129370629370629 0.4696969696969697 0.03146853146853146 0.03954802259887008
1 0.11013986013986014 0.5349255264509503 0.02587412587412588 0.03749357986646118
1 0.4024475524475525 0.14047252182845404 0.035664335664335634 0.04365690806368773
1 0.5314685314685315 0.7570621468926554 0.03076923076923077 0.06060606060606055
1 0.5454545454545454 0.7444786851566513 0.025174825174825166 0.0518746789933231
1 0.637062937062937 0.3872624550590652 0.03076923076923077 0.04211607601438111
