1 0.11608391608391609 0.443502824858757 0.01958041958041959 0.037493579866461235
1 0.09335664335664336 0.43528505392912176 0.02587412587412588 0.037493579866461235
1 0.558041958041958 0.5267077555213149 0.036363636363636376 0.04160246533127887
1 0.6108391608391608 0.45505906522855677 0.027272727272727226 0.05649717514124292
1 0.36363636363636365 0.45582948125321004 0.036363636363636376 0.04571135079609656
1 0.637062937062937 0.42039034411915766 0.02237762237762242 0.037493579866461235
1 0.6426573426573426 0.27889060092449924 0.025174825174825166 0.046224961479198745
1 0.7454545454545455 0.8641499743194658 0.02237762237762242 0.04160246533127887
1 0.7692307692307692 0.8559322033898304 0.03076923076923077 0.04571135079609656
1 0.13496503496503498 0.30174627632254747 0.023776223776223765 0.033384694401643544
1 0.7293706293706294 0.4476117103235747 0.02657342657342654 0.04571135079609656
1 0.651048951048951 0.39881869542886494 0.01958041958041956 0.0313302516692347
