1 0.8818181818181818 0.5236260914227016 0.03076923076923077 0.035439137134052445
1 0.2748251748251748 0.4393939393939394 0.025174825174825166 0.0333846944016436
0 0.19965034965034967 0.49024139702105807 0.041258741258741266 0.03543913713405239
1 0.3867132867132867 0.261171032357473 0.023776223776223793 0.027221366204417036
1 0.6328671328671329 0.41011813045711354 0.016783216783216814 0.037493579866461235
1 0.9678321678321679 0.31304571135079606 0.013986013986013957 0.03543913713405239
1 0.9101398601398601 0.9006163328197226 0.023076923076922995 0.03133025166923464
1 0.93006993006993 0.9124293785310734 0.022377622377622308 0.02927580893682591
1 0.9045454545454545 0.9455572675911659 0.023076923076922995 0.028762198253723614
1 0.20874125874125876 0.450693374422188 0.020279720279720276 0.027221366204417063
1 0.24965034965034966 0.46533127889060094 0.01958041958041959 0.02259887005649719
1 0.29685314685314684 0.45788392398561895 0.02447552447552448 0.033384694401643544
1 0.4118881118881119 0.44658448895737035 0.01678321678321676 0.03543913713405239
1 0.6482517482517482 0.39470980996404725 0.02237762237762242 0.03543913713405239
1 0.8038461538461539 0.5154083204930663 0.027272727272727226 0.03543913713405239
1 0.2664335664335664 0.015408320493066254 0.02797202797202797 0.02670775552131484
