1 0.2573426573426574 0.6142783769902413 0.026573426573426595 0.046224961479198856
1 0.31048951048951046 0.7444786851566513 0.019580419580419617 0.043656908063687716
1 0.43986013986013983 0.4946070878274268 0.019580419580419617 0.02259887005649719
1 0.42657342657342656 0.827683615819209 0.02097902097902099 0.043656908063687716
1 0.28496503496503495 0.598613251155624 0.03146853146853146 0.0518746789933231
0 0.39265734265734265 0.18926553672316382 0.030069930069930084 0.02927580893682588
1 0.5524475524475525 0.5362095531587057 0.016783216783216814 0.03492552645095015
1 0.9237762237762238 0.4933230611196713 0.023776223776223793 0.04571135079609662
1 0.23356643356643358 0.30277349768875195 0.023776223776223765 0.0313302516692347
1 0.4244755244755245 0.16846430405752438 0.013986013986014012 0.04211607601438108
1 0.6328671328671329 0.381869542886492 0.01958041958041956 0.03954802259887008
0 0.5804195804195804 0.4643040575243965 0.02237762237762242 0.050333846944016436
1 0.11888111888111888 0.48510529019003595 0.019580419580419575 0.04982023626091425
1 0.14125874125874127 0.689522342064715 0.016783216783216787 0.02927580893682591
1 0.14895104895104894 0.5672829994863893 0.020979020979020963 0.027221366204417063
1 0.14405594405594407 0.32794042116076016 0.02237762237762239 0.04776579352850535
1 0.5286713286713287 0.46122239342578325 0.027972027972028024 0.04827940421160759
1 0.3017482517482517 0.4548022598870056 0.028671328671328655 0.03543913713405239
1 0.38111888111888115 0.035182331792501284 0.023776223776223737 0.029275808936825885
1 0.3136363636363636 0.7383153569594247 0.03006993006993003 0.043656908063687716
