1 0.28251748251748254 0.38084232152028763 0.02097902097902099 0.037493579866461235
1 0.6258741258741258 0.35182331792501287 0.022377622377622308 0.02876219825372367
1 0.4342657342657343 0.5341551104262968 0.025174825174825166 0.02259887005649719
1 0.7419580419580419 0.4632768361581921 0.020979020979021046 0.02670775552131488
1 0.7552447552447552 0.4820236260914227 0.01958041958041956 0.027221366204417063
1 0.13566433566433567 0.23394966615305599 0.01958041958041956 0.027221366204417063
1 0.18846153846153846 0.6725731895223421 0.03566433566433566 0.04160246533127887
1 0.15104895104895105 0.8071391884951207 0.022377622377622364 0.031330251669234754
1 0.20524475524475524 0.6227529532614278 0.030069930069930084 0.03749357986646118
1 0.30454545454545456 0.3787878787878788 0.020279720279720304 0.03749357986646118
0 0.22867132867132867 0.5436569080636877 0.01958041958041959 0.02927580893682591
1 0.20104895104895104 0.45685670261941447 0.018881118881118875 0.027221366204417063
1 0.41363636363636364 0.4748330765279918 0.030069930069930084 0.02927580893682591
1 0.9566433566433566 0.519517205957884 0.019580419580419672 0.03954802259887008
1 0.1853146853146853 0.33923985618900876 0.02097902097902099 0.029275808936825853
0 0.40454545454545454 0.18310220852593734 0.0174825174825175 0.04160246533127887
1 0.6804195804195804 0.47277863379558294 0.013986013986013957 0.025166923472008218
1 0.6783216783216783 0.49768875192604006 0.018181818181818188 0.028762198253723725
1 0.07552447552447553 0.5225988700564972 0.026573426573426574 0.02927580893682591
1 0.10524475524475524 0.5457113507960966 0.01888111888111889 0.02927580893682591
1 0.12237762237762237 0.5351823317925013 0.020979020979020976 0.028762198253723614
1 0.2216783216783217 0.5318438623523369 0.01958041958041959 0.043656908063687716
1 0.3940559440559441 0.20801232665639446 0.02447552447552448 0.050333846944016436
1 0.18706293706293706 0.4193631227529533 0.030069930069930084 0.0313302516692347
1 0.13566433566433567 0.37673343605546994 0.02797202797202797 0.02927580893682591
1 0.37412587412587417 0.035182331792501284 0.015384615384615385 0.029275808936825885
1 0.22027972027972026 0.6602465331278891 0.01958041958041959 0.03749357986646129
