1 0.39125874125874127 0.17693888032871086 0.018881118881118875 0.03749357986646121
1 0.31678321678321675 0.5351823317925013 0.029370629370629342 0.042116076014381054
1 0.6300699300699301 0.38186954288649205 0.016783216783216703 0.027221366204417063
1 0.25244755244755246 0.7059578839239856 0.01958041958041959 0.03749357986646129
1 0.8566433566433567 0.5362095531587057 0.01958041958041956 0.03081664098613246
1 0.15314685314685314 0.42039034411915766 0.018181818181818188 0.041602465331278926
1 0.09685314685314686 0.6163328197226502 0.027272727272727268 0.050333846944016436
4 0.03006993006993007 0.9673857216230097 0.039160839160839164 0.05598356445814068
1 0.22097902097902097 0.6258346173600411 0.023776223776223793 0.04776579352850541
1 0.24475524475524474 0.6736004108885465 0.023776223776223765 0.0518746789933231
1 0.17132867132867133 0.3882896764252697 0.023776223776223793 0.030816640986132515
1 0.4059440559440559 0.16974833076527993 0.014685314685314699 0.03543913713405239
1 0.36853146853146856 0.12146892655367231 0.015384615384615385 0.02722136620441705
1 0.5363636363636364 0.4589111453518233 0.023776223776223793 0.03543913713405239
1 0.7115384615384615 0.477914740626605 0.023076923076923106 0.03543913713405239
1 0.3968531468531469 0.06343091936312276 0.021678321678321677 0.02722136620441705
1 0.3825174825174825 0.04442732408834103 0.023776223776223793 0.02311248073959938
1 0.39230769230769236 0.0726759116589625 0.015384615384615385 0.025166923472008218
1 0.4066433566433566 0.2812018489984592 0.021678321678321677 0.04160246533127887
1 0.45944055944055945 0.8394966615305599 0.036363636363636376 0.03338469440164349
0 0.2846153846153846 0.42270159219311765 0.022377622377622364 0.02876219825372367
1 0.4342657342657342 0.47380585516178736 0.013986013986014012 0.027221366204417063
1 0.43356643356643354 0.5017976373908577 0.018181818181818132 0.024653312788906034
1 0.379020979020979 0.9006163328197226 0.03356643356643357 0.035439137134052334
1 0.28321678321678323 0.7475603492552645 0.01958041958041956 0.04160246533127887
1 0.2727272727272727 0.7059578839239856 0.023776223776223737 0.0333846944016436
