1 0.040559440559440565 0.4527478171545968 0.03216783216783217 0.03543913713405239
1 0.6328671328671329 0.5318438623523369 0.03356643356643352 0.039548022598870025
1 0.16013986013986015 0.3746789933230611 0.04055944055944055 0.041602465331278926
1 0.6356643356643357 0.3872624550590652 0.016783216783216703 0.020544427324088343
1 0.3853146853146853 0.033127889060092446 0.02657342657342654 0.045711350796096555
1 0.43986013986013983 0.849768875192604 0.013986013986014012 0.0333846944016436
1 0.8678321678321679 0.46661530559835646 0.04195804195804198 0.04160246533127887
1 0.8573426573426574 0.5112994350282486 0.034965034965035 0.0518746789933231
1 0.8181818181818181 0.44863893168977914 0.03496503496503489 0.04776579352850541
1 0.4898601398601399 0.2288135593220339 0.024475524475524424 0.033384694401643544
1 0.4727272727272727 0.23086800205444274 0.018181818181818188 0.02927580893682588
1 0.4832167832167832 0.2580893682588598 0.019580419580419617 0.025166923472008246
1 0.3769230769230769 0.09578839239856189 0.02097902097902099 0.033384694401643544
1 0.3384615384615385 0.6371340523882897 0.03356643356643357 0.04160246533127898
0 0.42797202797202794 0.8623523369286081 0.03496503496503495 0.05444273240883413
1 0.19615384615384615 0.47277863379558294 0.025874125874125853 0.021058038007190527
1 0.19615384615384615 0.4830508474576271 0.028671328671328655 0.021058038007190527
1 0.19545454545454544 0.4956343091936312 0.030069930069930056 0.024653312788906034
1 0.13846153846153847 0.7714432460195172 0.036363636363636376 0.07293271700051362
1 0.4811188811188811 0.8934257832562917 0.02657342657342654 0.03749357986646129
1 0.4531468531468531 0.849768875192604 0.015384615384615385 0.03749357986646129
