3 0.5689415041782729 0.07478305257784584 0.027855153203342642 0.06278713629402756
3 0.5940111420612814 0.07580398162327717 0.027855153203342642 0.043389484430832057
1 0.5947075208913648 0.41220010209290453 0.02089136490250698 0.03318019397651861
3 0.5633704735376044 0.6424196018376722 0.04178272980501385 0.043389484430832126
1 0.13022284122562675 0.2600816743236345 0.04178272980501392 0.02909647779479327
1 0.298050139275766 0.28101071975497705 0.04456824512534818 0.02909647779479324
1 0.03551532033426184 0.2881572230729964 0.02506963788300836 0.031138335885655954
1 0.23015320334261838 0.43108728943338437 0.04108635097493035 0.02909647779479324
0 0.5696378830083565 0.21005615109749873 0.029247910863509752 0.037263910158243985
0 0.5591922005571031 0.5081674323634507 0.01949860724233976 0.029096477794793296
1 0.3147632311977716 0.31648800408371613 0.019498607242339816 0.05002552322613579
1 0.4094707520891365 0.7225625319040326 0.025069637883008367 0.029096477794793296
1 0.43593314763231195 0.7309851965288412 0.019498607242339816 0.029606942317508933
3 0.4672701949860724 0.9851965288412455 0.02089136490250698 0.020418580908626804
1 0.5024373259052926 0.802705461970393 0.018802228412256317 0.027054619703930527
1 0.7332869080779945 0.6082184788157223 0.027855153203342642 0.02501276161306787
1 0.149025069637883 0.6373149566105156 0.03760445682451252 0.029096477794793185
0 0.4011142061281337 0.4540581929555896 0.02228412256267409 0.03318019397651861
0 0.4331476323119777 0.3652373660030628 0.03621169916434541 0.02297090352220521
0 0.4206128133704735 0.5288412455334355 0.02228412256267409 0.03369065849923436
0 0.5919220055710306 0.49540581929555894 0.02924791086350964 0.02909647779479324
0 0.5550139275766017 0.4946401225114854 0.02506963788300831 0.04798366513527308
1 0.5222841225626741 0.7049515058703419 0.01532033426183843 0.027565084226646275
1 0.5045264623955432 0.7394078611536499 0.011838440111420545 0.029096477794793185
1 0.4714484679665738 0.7072485962225625 0.01532033426183843 0.027054619703930527
0 0.4143454038997214 0.656967840735069 0.03481894150417825 0.039816232771822446
0 0.3481894150417827 0.433129147524247 0.03899721448467969 0.02909647779479324
